        52650.432854    16.655     0.065
        52650.446776    16.912     0.083
        52650.460743    16.707     0.065
        52650.474820    16.403     0.048
        52650.488775    16.305     0.043
        52665.395075    16.343     0.054
        52665.409432    16.414     0.054
        52665.423721    16.702     0.068
        52665.438286    16.719     0.068
        52665.452614    16.475     0.055
        52666.476708    16.186     0.045
        52666.492151    16.233     0.045
        52666.522601    16.581     0.063
        52677.391322    16.555     0.087
        52677.405874    16.313     0.055
        52677.420159    16.243     0.050
        52677.434578    16.286     0.050
        52677.448882    16.172     0.044
        52680.429025    16.664     0.071
        52680.443785    16.487     0.061
        52680.458666    16.334     0.053
        52680.473406    16.263     0.051
        52680.489519    16.271     0.046
        52697.414459    16.303     0.113
        52697.445379    16.341     0.126
        52706.368313    17.139     0.085
        52706.381213    16.619     0.054
        52706.394172    16.419     0.046
        52706.407383    16.271     0.041
        52706.420525    16.256     0.041
        52712.316789    16.715     0.102
        52712.342747    16.608     0.083
        52712.355593    16.433     0.070
        52712.368757    16.383     0.063
        52724.359490    16.330     0.041
        52724.371107    16.372     0.043
        52724.382655    16.602     0.054
        52724.394201    17.084     0.083
        52724.405794    17.339     0.107
        52753.258665    17.125     0.104
        52753.271330    17.064     0.098
        52753.287866    16.520     0.057
        52753.300156    16.313     0.050
        52753.313123    16.246     0.044
        52770.215149    16.546     0.101
        52770.226829    16.369     0.079
        52770.238450    16.284     0.078
        52770.249923    16.159     0.069
        52770.261753    16.293     0.076
        52797.218595    16.251     0.065
        52797.228597    16.381     0.080
        52797.238582    16.460     0.087
        52797.248542    16.710     0.107
        52797.258514    16.801     0.120
        52811.179287    16.355     0.065
        52811.189239    16.305     0.059
        52811.199132    16.318     0.059
        52811.209028    16.297     0.059
        52811.218859    16.246     0.054
        52825.194909    16.287     0.083
        52825.205157    16.312     0.078
        52992.472070    16.380     0.050
        52992.485594    16.750     0.067
        52992.499175    17.188     0.105
        52992.512468    16.649     0.072
        52992.525731    16.360     0.054
        53034.405415    17.365     0.124
        53034.417895    16.767     0.072
        53034.430296    16.457     0.055
        53034.442715    16.391     0.052
        53034.454975    16.262     0.044
        53051.389907    16.229     0.035
        53051.401509    16.216     0.033
        53051.413266    16.241     0.035
        53051.424871    16.339     0.039
        53051.436510    16.363     0.037
        53065.339310    17.041     0.089
        53065.350859    16.796     0.068
        53065.362187    16.621     0.063
        53065.373562    16.457     0.052
        53065.384967    16.379     0.044
        53093.284629    16.249     0.031
        53093.294915    16.227     0.031
        53093.305199    16.237     0.030
        53093.315526    16.242     0.030
        53093.325970    16.295     0.030
        53094.320843    16.513     0.043
        53094.321012    16.514     0.045
        53094.330560    16.894     0.063
        53094.332079    16.850     0.057
        53094.340008    17.349     0.092
        53094.340176    17.388     0.097
        53094.342368    17.315     0.089
        53094.350100    16.971     0.066
        53094.350269    17.022     0.069
        53094.352867    16.842     0.057
        53094.359654    16.630     0.048
        53094.359822    16.654     0.049
        53094.363648    16.471     0.041
        53094.373955    16.331     0.035
        53109.300831    16.484     0.054
        53109.321158    17.119     0.099
        53109.341389    16.802     0.078
        53122.246883    16.632     0.056
        53122.257275    16.571     0.053
        53122.277789    16.331     0.041
        53122.288077    16.289     0.040
        53123.353799    16.566     0.055
        53123.364255    16.436     0.046
        53123.374578    16.345     0.039
        53123.384936    16.262     0.037
        53123.395291    16.255     0.041
        53137.292738    16.257     0.051
        53153.209974    16.397     0.056
        53153.220121    16.366     0.054
        53153.247100    16.299     0.053
        53165.235100    16.645     0.076
        53165.244904    16.989     0.200
        53165.257427    16.849     0.094
        53165.267233    16.677     0.084
        53165.277325    16.423     0.068
        53178.189134    16.356     0.043
        53178.198728    16.368     0.045
        53500.247180    16.385     0.050
        53500.258174    16.254     0.044
        53500.269031    16.220     0.043
        53500.280595    16.199     0.043
        53500.290844    16.174     0.041
        53529.211658    17.083     0.113
        53529.223396    17.435     0.163
        53529.234790    17.093     0.124
        53529.246152    16.625     0.083
        53529.257054    16.423     0.070
        53540.218343    16.725     0.207
        53540.237751    16.183     0.120
        53540.247453    16.089     0.115
        53540.257139    16.135     0.122
        53550.179980    16.842     0.085
        53550.199754    16.429     0.063
        53550.209642    16.358     0.059
        53739.481591    16.366     0.048
        53739.494977    16.285     0.044
        53739.507877    16.212     0.037
        53739.520789    16.197     0.037
        53739.534002    16.200     0.037
        53770.422254    16.486     0.055
        53770.436421    16.381     0.052
        53770.453719    16.301     0.043
        53770.466824    16.317     0.044
        53770.480961    16.321     0.043
        53787.413849    16.498     0.094
        53813.365155    16.296     0.081
        53813.376158    16.488     0.096
        53813.387168    16.786     0.122
        53813.398190    17.174     0.174
        53813.409226    17.484     0.233
        53815.338512    17.067     0.120
        53815.349656    17.221     0.137
        53815.360791    16.711     0.087
        53815.371956    16.486     0.074
        53815.383119    16.288     0.059
        53823.256766    16.941     0.081
        53823.267751    16.682     0.061
        53823.278528    16.576     0.056
        53823.289573    16.381     0.046
        53823.300495    16.325     0.045
        53826.337347    16.379     0.048
        53826.349473    16.312     0.085
        53826.360766    16.269     0.117
        53827.344079    16.233     0.043
        53827.355868    16.266     0.046
        53827.367687    16.284     0.048
        53827.380197    16.297     0.054
        53827.393562    16.405     0.059
        53828.352444    16.325     0.052
        53828.363574    16.415     0.048
        53828.374787    16.661     0.146
        53828.387526    17.693     0.505
        53844.282893    16.215     0.050
        53844.293166    16.270     0.052
        53844.303443    16.295     0.057
        53844.313930    16.362     0.065
        53844.324386    16.374     0.070
        53853.247930    16.491     0.078
        53853.258326    16.335     0.064
        53853.268639    16.324     0.066
        53853.279081    16.331     0.064
        53853.289409    16.267     0.059
        53887.227696    17.194     0.170
        53887.238353    16.907     0.126
        53887.249018    16.669     0.104
        53887.259734    16.518     0.089
        53887.270444    16.361     0.074
        53902.245574    16.329     0.071
        53902.266459    16.221     0.071
        53915.177527    16.219     0.071
        53915.187386    16.288     0.081
        53915.198780    16.263     0.076
        53931.168720    16.211     0.068
        53931.189565    16.412     0.085
        53931.199977    16.519     0.104
        53940.161651    16.299     0.086
        53940.172233    16.317     0.086
        53940.193683    16.284     0.117
        54098.429157    17.452     0.154
        54098.441266    16.968     0.093
        54098.456446    16.554     0.063
        54098.469812    16.419     0.055
        54098.482024    16.296     0.048
        54110.454819    16.473     0.155
        54121.394564    16.234     0.043
        54121.406769    16.309     0.046
        54121.418959    16.373     0.052
        54121.431157    16.554     0.061
        54121.443343    16.740     0.065
        54155.358603    16.349     0.054
        54155.370142    16.278     0.051
        54155.382069    16.231     0.048
        54155.393984    16.249     0.049
        54155.406228    16.216     0.048
        54205.272234    17.187     0.122
        54205.281501    16.767     0.078
        54205.291331    16.506     0.063
        54205.300587    16.375     0.058
        54205.310347    16.265     0.051
        54529.271584    16.854     0.087
        54529.283347    16.729     0.079
        54529.294813    16.518     0.066
        54529.306122    16.281     0.053
        54529.317229    16.227     0.049
        54582.250042    16.385     0.048
        54582.260464    16.558     0.057
        54582.270791    16.788     0.067
        54582.281140    16.923     0.074
        54582.291527    16.733     0.067
        54613.208073    16.613     0.052
        54613.217912    17.131     0.085
        54613.227931    16.819     0.067
        54613.237982    16.734     0.065
        54613.248004    16.513     0.057
