        52653.463798    15.923     0.031
        52653.479093    15.930     0.033
        52653.494427    15.895     0.031
        52653.509773    15.815     0.030
        52653.525177    15.719     0.026
        52693.416313    15.682     0.030
        52693.432736    15.715     0.030
        52693.448314    15.725     0.030
        52693.463659    15.763     0.031
        52693.479141    15.916     0.037
        52721.313551    15.952     0.035
        52721.326120    15.865     0.031
        52721.338740    15.800     0.030
        52721.351328    15.728     0.028
        52721.364092    15.739     0.030
        52750.288603    15.752     0.041
        52750.299212    15.793     0.033
        52750.309807    15.855     0.043
        52750.320410    16.005     0.043
        52750.331010    17.225     0.224
        52781.218803    15.833     0.030
        52781.229438    15.878     0.030
        52781.240254    15.872     0.033
        52781.250866    16.081     0.037
        52781.261495    16.128     0.039
        52801.217316    15.974     0.118
        52801.227442    15.938     0.118
        52801.237709    15.897     0.109
        52801.247771    15.862     0.109
        52809.220342    16.117     0.041
        52809.230220    16.067     0.039
        52809.240013    15.975     0.037
        52809.249986    15.881     0.035
        52809.259856    15.843     0.033
        52830.173031    15.801     0.055
        52830.182844    15.699     0.052
        52830.192679    15.711     0.050
        52830.202562    15.783     0.054
        52830.212355    15.805     0.055
        53008.463066    15.966     0.046
        53008.475599    15.844     0.039
        53008.488196    15.780     0.033
        53008.500732    15.737     0.031
        53008.513404    15.710     0.031
        53038.444069    15.924     0.055
        53038.456994    15.841     0.046
        53038.469577    15.781     0.055
        53038.482578    15.704     0.054
        53038.499538    15.747     0.043
        53045.378562    15.687     0.041
        53045.389805    15.708     0.041
        53045.401134    15.680     0.039
        53045.412392    15.671     0.039
        53045.423577    15.669     0.039
        53096.326685    15.955     0.061
        53096.336918    16.015     0.063
        53096.347337    16.072     0.061
        53096.358029    16.100     0.065
        53096.368748    16.053     0.057
        53108.305004    16.010     0.031
        53108.315890    15.944     0.030
        53108.326889    15.849     0.028
        53108.337837    15.816     0.026
        53108.348757    15.780     0.026
        53125.249370    16.065     0.074
        53125.259217    15.989     0.067
        53125.269157    15.930     0.059
        53125.279061    15.836     0.057
        53125.288922    15.810     0.055
        53134.246958    15.819     0.031
        53134.256444    15.821     0.030
        53134.265868    15.741     0.028
        53134.275289    15.761     0.028
        53134.284731    15.794     0.030
        53155.251593    15.975     0.063
        53155.260343    15.914     0.065
        53155.269150    15.812     0.061
        53155.277936    15.796     0.057
        53155.286696    15.713     0.054
        53193.179808    15.821     0.035
        53193.199780    16.097     0.057
        53193.219817    16.091     0.046
        53244.132884    15.877     0.057
        53244.143064    15.843     0.059
        53244.153267    15.860     0.063
        53244.163453    15.852     0.065
        53244.173656    15.825     0.065
        53359.489299    15.977     0.035
        53359.502104    15.886     0.033
        53359.514874    15.811     0.031
        53359.528012    15.759     0.030
        53362.499776    15.843     0.035
        53362.513280    15.776     0.030
        53451.343784    15.872     0.041
        53451.354802    15.794     0.039
        53451.365587    15.810     0.039
        53451.376603    15.753     0.035
        53451.387391    15.691     0.035
        53461.334887    15.895     0.033
        53461.345186    15.987     0.037
        53461.355721    16.010     0.037
        53461.366088    16.008     0.037
        53461.377004    16.044     0.041
        53490.254671    16.016     0.035
        53490.265663    15.976     0.033
        53490.276901    15.889     0.031
        53490.288262    15.805     0.028
        53490.299535    15.785     0.028
        53536.219937    15.900     0.063
        53536.229884    16.013     0.070
        53536.239873    16.202     0.091
        53536.249840    16.073     0.076
        53536.259900    16.076     0.080
        53565.168531    15.970     0.050
        53565.179165    15.858     0.044
        53565.189812    15.816     0.044
        53565.200475    15.737     0.041
        53565.211154    15.737     0.041
        53607.138776    15.809     0.076
        53607.150232    15.813     0.059
        53607.161659    15.766     0.037
        53726.491058    15.812     0.037
        53726.504859    15.911     0.039
        53726.518220    16.014     0.041
        53774.418274    15.976     0.043
        53774.430874    15.858     0.037
        53774.443676    15.781     0.033
        53774.456429    15.750     0.030
        53774.469170    15.667     0.033
        53802.371613    15.957     0.035
        53802.383969    15.842     0.031
        53802.396128    15.765     0.030
        53802.408157    15.847     0.031
        53802.420277    15.733     0.026
        53806.372558    15.732     0.052
        53806.383795    15.850     0.057
        53806.395052    15.819     0.054
        53806.406294    15.867     0.057
        53806.417624    16.032     0.063
        53828.289812    15.766     0.049
        53828.300334    15.728     0.035
        53828.311000    15.704     0.030
        53828.332107    15.708     0.023
        53834.279895    15.707     0.040
        53834.289736    15.683     0.040
        53834.299454    15.731     0.040
        53834.309271    15.667     0.036
        53834.318989    15.709     0.038
        53842.300294    15.725     0.050
        53842.312830    15.694     0.050
        53842.324552    15.691     0.050
        53842.336765    15.761     0.054
        53842.349110    15.888     0.061
        53857.285017    15.999     0.043
        53857.315136    15.990     0.041
        53876.236425    15.652     0.031
        53876.247031    15.717     0.033
        53876.257724    15.781     0.036
        53904.222868    15.977     0.028
        53904.232756    16.098     0.031
        53904.242723    16.052     0.030
        53904.252855    16.076     0.030
        53904.262960    16.033     0.028
        53933.168961    15.918     0.023
        53933.179252    15.827     0.023
        53933.189903    15.799     0.025
        53933.200162    15.804     0.030
        53933.210526    15.831     0.041
        53954.147652    15.814     0.078
        53954.159653    16.000     0.093
        53954.171704    16.041     0.098
        54072.516585    16.027     0.073
        54108.452607    15.916     0.066
        54108.465239    16.016     0.076
        54108.477305    16.060     0.084
        54108.489373    16.102     0.079
        54108.501534    16.195     0.081
        54125.395069    15.742     0.040
        54125.407564    15.765     0.043
        54125.420036    15.901     0.048
        54125.431762    16.007     0.051
        54139.386337    15.726     0.063
        54139.398056    15.976     0.071
        54139.409610    16.003     0.084
        54139.422343    16.128     0.097
        54139.434349    16.042     0.099
        54157.394857    15.656     0.033
        54157.405814    15.679     0.031
        54157.416782    15.699     0.031
        54157.427741    15.775     0.033
        54483.498611    15.868     0.041
        54497.393324    16.362     0.140
        54497.417451    16.070     0.089
        54539.319836    15.723     0.035
        54539.330244    15.736     0.033
        54539.340658    15.683     0.031
        54539.351168    15.683     0.031
        54539.361785    15.726     0.031
        54558.301311    15.831     0.074
        54558.336318    15.782     0.048
        54558.347953    15.692     0.048
        54571.295381    15.940     0.056
        54571.306819    16.025     0.056
        54571.317937    15.943     0.053
        54571.328721    15.985     0.056
        54571.339566    15.888     0.049
        54586.254987    15.906     0.053
        54586.265364    15.890     0.048
        54586.275349    15.845     0.046
        54586.286172    15.792     0.046
        54598.246467    15.880     0.021
        54619.214324    15.918     0.048
        54619.224532    15.821     0.043
        54619.234717    15.744     0.045
        54619.245206    15.724     0.040
        54619.255408    15.656     0.040
