        52652.482026    15.817     0.033
        52652.497182    15.818     0.033
        52652.512073    15.832     0.031
        52652.527386    15.832     0.031
        52681.357564    16.030     0.049
        52681.372241    16.044     0.041
        52681.387667    15.980     0.053
        52681.403022    16.085     0.043
        52681.417680    15.988     0.036
        52696.405434    15.804     0.026
        52696.420147    15.846     0.028
        52723.361080    15.968     0.039
        52752.287325    15.803     0.030
        52752.297539    15.765     0.030
        52752.307717    15.729     0.026
        52752.317923    15.737     0.028
        52752.328104    15.750     0.028
        52772.219092    15.798     0.074
        52772.230898    15.891     0.081
        52772.242504    15.848     0.078
        52772.254074    16.107     0.096
        52772.265832    15.747     0.063
        52787.256040    15.769     0.035
        52787.266847    15.773     0.036
        52810.231841    15.646     0.061
        52810.251662    15.719     0.040
        52812.233529    15.765     0.035
        52812.243557    15.767     0.036
        52812.253768    15.758     0.036
        52812.263990    15.746     0.035
        52812.274029    15.759     0.036
        52826.176011    15.743     0.039
        52826.185986    15.738     0.039
        52826.196003    15.761     0.039
        52826.205849    15.752     0.039
        52826.215712    15.755     0.037
        52840.164838    15.723     0.033
        52840.174793    15.781     0.035
        52840.184745    15.688     0.031
        52840.194703    15.783     0.035
        52840.204677    15.779     0.035
        53023.401523    15.855     0.030
        53023.414635    15.822     0.026
        53023.426712    15.782     0.025
        53023.438760    15.741     0.025
        53023.450805    15.757     0.023
        53035.471091    15.962     0.028
        53035.483864    15.855     0.026
        53035.496476    15.810     0.024
        53035.509257    15.806     0.026
        53035.522570    15.804     0.024
        53037.416950    15.769     0.028
        53037.429324    15.767     0.028
        53037.441736    15.784     0.026
        53037.454714    15.761     0.026
        53037.469014    15.738     0.025
        53049.391284    16.071     0.030
        53049.403166    16.065     0.031
        53049.415050    16.163     0.035
        53049.426963    16.045     0.033
        53049.438912    16.052     0.033
        53107.298011    16.030     0.031
        53136.261902    15.867     0.036
        53136.270843    15.862     0.036
        53136.279931    15.889     0.036
        53154.247818    16.051     0.061
        53154.256245    16.046     0.061
        53154.264687    16.005     0.058
        53154.273119    15.989     0.058
        53154.281602    15.986     0.056
        53164.259352    15.834     0.035
        53194.202643    15.814     0.074
        53194.212037    15.964     0.074
        53358.479961    15.949     0.041
        53358.494419    15.964     0.040
        53358.508937    15.957     0.038
        53358.523466    15.999     0.038
        53442.266021    15.703     0.026
        53442.277329    15.721     0.026
        53442.289166    15.697     0.024
        53442.301076    15.739     0.026
        53442.312434    15.738     0.024
        53474.355208    15.953     0.031
        53474.366327    15.955     0.031
        53474.376762    15.931     0.033
        53474.387965    15.970     0.033
        53521.214262    15.760     0.031
        53521.224573    15.729     0.031
        53521.234894    15.681     0.035
        53521.245223    15.736     0.031
        53521.255527    15.740     0.054
        53538.219764    16.184     0.091
        53538.229388    16.096     0.085
        53538.239001    16.155     0.089
        53538.248675    16.214     0.096
        53538.258318    16.166     0.096
        53553.179723    15.862     0.041
        53553.190410    15.820     0.039
        53553.200944    15.856     0.039
        53553.211493    15.866     0.039
        53553.222110    15.897     0.041
        53583.159992    15.717     0.063
        53583.171315    15.937     0.039
        53583.182557    15.944     0.041
        53583.193828    15.931     0.043
        53583.205102    15.928     0.041
        53728.471271    15.984     0.044
        53728.484765    16.001     0.046
        53728.498531    16.018     0.044
        53728.511783    16.063     0.048
        53728.525027    16.075     0.050
        53742.480205    15.940     0.024
        53742.493145    16.029     0.026
        53742.506131    15.999     0.022
        53742.519184    16.038     0.024
        53742.532081    16.055     0.022
        53772.418665    15.905     0.030
        53772.431390    16.017     0.033
        53772.444132    15.940     0.030
        53772.469928    16.057     0.033
        53786.425772    16.186     0.071
        53786.439179    16.065     0.038
        53786.452592    16.032     0.038
        53786.465761    16.062     0.038
        53786.479061    16.036     0.036
        53807.339936    15.935     0.057
        53807.351074    16.024     0.057
        53807.373353    15.996     0.055
        53824.380249    15.902     0.036
        53824.391959    15.897     0.031
        53824.403730    16.042     0.033
        53824.415738    15.944     0.056
        53843.308634    15.777     0.046
        53843.319905    15.787     0.048
        53843.331179    15.785     0.048
        53843.342454    15.811     0.048
        53843.353763    15.896     0.052
        53855.248721    16.129     0.046
        53855.258965    16.034     0.041
        53855.269130    16.021     0.041
        53855.279306    15.939     0.040
        53855.289597    15.873     0.036
        53878.242843    15.806     0.041
        53878.253594    15.792     0.040
        53878.264342    15.760     0.040
        53878.275319    15.788     0.040
        53878.287151    15.765     0.040
        53903.234041    15.819     0.041
        53903.243578    15.789     0.040
        53903.253285    15.841     0.041
        53903.262992    15.849     0.043
        53903.272587    15.856     0.045
        53917.195994    15.832     0.112
        53917.205871    15.763     0.097
        53917.215689    15.821     0.073
        53932.183307    16.108     0.120
        53932.204783    15.927     0.089
        53932.215538    16.029     0.055
        53942.174915    15.763     0.124
        54086.437382    15.724     0.053
        54086.451142    15.641     0.046
        54086.464480    15.797     0.051
        54086.479609    15.724     0.046
        54086.492843    15.712     0.043
        54109.470168    15.894     0.109
        54169.330890    15.860     0.031
        54169.342440    15.887     0.033
        54169.353668    15.900     0.035
        54169.364906    15.901     0.033
        54169.376273    15.903     0.033
        54186.326066    15.760     0.040
        54186.336320    15.716     0.038
        54186.346685    15.719     0.036
        54186.356905    15.760     0.040
        54186.367119    15.773     0.054
        54201.327408    16.032     0.024
        54201.337548    15.997     0.022
        54201.347784    15.980     0.022
        54201.357415    16.037     0.022
        54201.367513    16.029     0.022
        54209.265866    15.781     0.122
        54209.275051    15.755     0.049
        54209.283922    15.780     0.045
        54209.292670    15.761     0.068
        54209.301599    15.758     0.068
        54217.252964    15.999     0.050
        54217.261608    16.079     0.054
        54217.270301    16.022     0.052
        54217.278954    16.016     0.054
        54217.287595    16.027     0.054
        54218.273534    15.822     0.064
        54218.282529    15.837     0.066
        54218.291399    15.779     0.059
        54218.300157    15.895     0.064
        54218.309443    15.857     0.061
        54508.417708    15.730     0.026
        54508.429846    15.708     0.026
        54508.441765    15.690     0.026
        54508.453916    15.725     0.026
        54508.466205    15.731     0.026
        54543.339116    15.981     0.068
        54543.350653    15.932     0.064
        54543.362624    15.880     0.061
        54543.373353    15.872     0.061
        54543.384606    15.856     0.061
        54561.247191    15.725     0.036
        54561.258721    15.710     0.038
        54561.271275    15.742     0.056
        54561.282684    15.727     0.041
        54583.291095    15.963     0.054
        54583.306555    16.106     0.063
        54583.319207    16.033     0.058
        54583.330958    16.086     0.056
        54583.342125    16.121     0.059
        54614.221332    15.825     0.043
        54614.231826    15.899     0.045
        54614.242223    15.888     0.046
        54614.252473    15.878     0.046
        54614.262722    15.907     0.046
