        52650.476977    15.362     0.023
        52650.491752    15.315     0.021
        52650.506594    15.348     0.021
        52650.521279    15.357     0.021
        52666.470946    15.834     0.040
        52666.486417    15.819     0.035
        52666.516869    15.849     0.036
        52666.532028    15.878     0.038
        52698.464659    15.405     0.025
        52698.465010    15.388     0.026
        52698.477789    15.409     0.025
        52698.478140    15.448     0.028
        52698.491536    15.447     0.025
        52698.491888    15.468     0.028
        52698.504777    15.472     0.025
        52698.505145    15.488     0.028
        52711.382403    15.766     0.031
        52711.396732    15.797     0.030
        52711.411024    15.784     0.028
        52711.425527    15.821     0.028
        52711.439877    15.850     0.026
        52725.432273    15.463     0.020
        52725.444031    15.477     0.020
        52725.455779    15.481     0.022
        52725.467476    15.509     0.022
        52725.479182    15.531     0.022
        52738.305663    15.823     0.031
        52738.306021    15.748     0.038
        52738.318729    15.824     0.031
        52738.332530    15.759     0.028
        52738.332889    15.660     0.035
        52738.346610    15.785     0.030
        52738.346969    15.669     0.035
        52738.358531    15.823     0.030
        52738.358973    15.680     0.033
        52739.302056    15.610     0.026
        52739.313851    15.609     0.026
        52739.325640    15.633     0.026
        52739.337423    15.634     0.026
        52739.349195    15.642     0.028
        52754.264817    15.602     0.024
        52754.277719    15.650     0.026
        52754.290207    15.666     0.024
        52754.304358    15.681     0.026
        52754.316791    15.686     0.026
        52769.273204    15.655     0.035
        52769.285899    15.668     0.035
        52769.297646    15.642     0.035
        52769.309448    15.694     0.039
        52769.321578    15.741     0.041
        52797.221229    15.338     0.033
        52797.231533    15.319     0.033
        52797.242180    15.343     0.033
        52797.252764    15.407     0.036
        52797.262978    15.390     0.036
        52813.224193    15.791     0.043
        52813.234309    15.851     0.046
        52813.244350    15.844     0.045
        52813.254460    15.779     0.043
        52813.264814    15.899     0.048
        52825.176806    15.747     0.043
        52825.196784    15.783     0.043
        52825.206725    15.815     0.041
        53006.451909    15.667     0.040
        53006.465046    15.709     0.038
        53033.405269    15.627     0.030
        53033.417972    15.693     0.030
        53033.430268    15.659     0.028
        53033.442726    15.674     0.028
        53033.454964    15.747     0.028
        53052.394120    15.327     0.018
        53052.406035    15.361     0.018
        53052.417781    15.378     0.018
        53052.429585    15.389     0.018
        53052.441363    15.426     0.018
        53064.341535    15.290     0.016
        53064.354298    15.294     0.016
        53064.365884    15.307     0.016
        53079.336864    15.308     0.020
        53079.348119    15.325     0.020
        53079.359568    15.338     0.020
        53079.370705    15.395     0.021
        53079.382889    15.413     0.021
        53092.331485    15.793     0.023
        53092.341436    15.844     0.023
        53092.351281    15.844     0.023
        53092.361187    15.859     0.023
        53092.371006    15.864     0.023
        53093.379331    15.726     0.017
        53093.389800    15.745     0.018
        53093.400488    15.743     0.018
        53093.411267    15.735     0.017
        53093.421872    15.747     0.018
        53094.321570    15.325     0.015
        53094.331104    15.351     0.016
        53094.340718    15.396     0.016
        53094.350813    15.402     0.016
        53094.360363    15.442     0.016
        53110.296530    15.790     0.031
        53110.307123    15.821     0.031
        53110.317743    15.837     0.031
        53110.328438    15.875     0.033
        53110.339079    15.902     0.033
        53121.295837    15.392     0.016
        53121.306029    15.388     0.015
        53121.316328    15.439     0.018
        53121.327838    15.456     0.018
        53121.339001    15.459     0.016
        53138.253092    15.668     0.026
        53138.262611    15.696     0.026
        53138.272056    15.704     0.026
        53138.281526    15.715     0.028
        53138.291022    15.704     0.028
        53166.220456    15.395     0.026
        53166.230215    15.405     0.025
        53166.239860    15.429     0.026
        53166.249519    15.476     0.028
        53166.259223    15.478     0.026
        53177.222477    15.726     0.026
        53177.232271    15.752     0.025
        53177.241964    15.732     0.023
        53177.251456    15.726     0.023
        53177.260923    15.736     0.025
        53414.396654    15.724     0.030
        53414.408976    15.723     0.026
        53414.421774    15.742     0.055
        53414.449288    15.735     0.026
        53437.471422    15.372     0.018
        53437.484535    15.330     0.018
        53437.495743    15.292     0.018
        53437.507010    15.314     0.017
        53437.518247    15.351     0.024
        53438.471899    15.786     0.028
        53438.483560    15.798     0.028
        53438.495286    15.760     0.028
        53471.320658    15.794     0.031
        53471.331814    15.801     0.031
        53471.342347    15.823     0.031
        53471.352433    15.843     0.044
        53471.362172    15.771     0.035
        53502.265111    15.479     0.026
        53502.295252    15.551     0.028
        53502.305409    15.565     0.030
        53502.315537    15.587     0.030
        53523.223184    15.489     0.030
        53523.233681    15.475     0.024
        53523.244146    15.505     0.024
        53523.254626    15.518     0.024
        53523.265183    15.505     0.022
        53579.155701    15.723     0.050
        53579.167035    15.792     0.043
        53579.178410    15.781     0.035
        53579.189776    15.744     0.037
        53579.201097    15.800     0.050
        53747.474671    15.839     0.074
        53747.487714    15.813     0.063
        53747.500747    15.785     0.055
        53747.513965    15.813     0.044
        53747.526984    15.780     0.065
        53789.419482    15.743     0.038
        53789.444456    15.799     0.048
        53789.457239    15.891     0.078
        53789.469722    15.779     0.041
        53799.351617    15.490     0.020
        53799.363657    15.503     0.020
        53799.375453    15.513     0.020
        53799.387281    15.544     0.020
        53799.399171    15.582     0.021
        53845.296097    15.780     0.037
        53845.307142    15.620     0.035
        53845.318066    15.548     0.041
        53845.329029    15.484     0.035
        53845.340374    15.418     0.030
        53851.291202    15.663     0.033
        53851.301522    15.510     0.030
        53851.311954    15.492     0.028
        53851.322421    15.450     0.026
        53851.333049    15.341     0.025
        53880.217199    15.496     0.030
        53880.228419    15.530     0.030
        53880.239649    15.508     0.028
        53880.250888    15.566     0.030
        53880.262158    15.578     0.030
        53885.223560    15.761     0.037
        53885.235554    15.820     0.039
        53885.247538    15.785     0.037
        53885.259684    15.767     0.039
        53885.271764    15.813     0.041
        53901.228543    15.653     0.046
        53901.248400    15.613     0.066
        53901.258231    15.633     0.066
        53912.188525    15.759     0.041
        53912.198205    15.831     0.043
        53912.208001    15.817     0.041
        53912.218003    15.871     0.061
        54112.502483    15.294     0.031
        54112.515075    15.348     0.033
        54112.527659    15.330     0.031
        54144.394446    15.568     0.030
        54144.406432    15.592     0.030
        54144.418572    15.643     0.030
        54144.430451    15.674     0.031
        54144.442411    15.674     0.031
        54153.397768    15.651     0.040
        54153.410356    15.652     0.048
        54153.422334    15.661     0.045
        54153.434073    15.750     0.078
        54153.445746    15.711     0.081
        54201.327106    15.628     0.033
        54201.336432    15.655     0.033
        54201.345692    15.644     0.031
        54201.355226    15.662     0.031
        54201.364849    15.692     0.033
        54544.307297    15.329     0.033
        54544.317939    15.318     0.031
        54559.246398    15.551     0.018
        54559.258210    15.502     0.018
        54559.270128    15.452     0.017
        54559.281879    15.359     0.015
        54559.293574    15.309     0.013
        54581.297432    15.748     0.041
        54581.307998    15.836     0.044
        54581.318638    15.800     0.043
        54581.329206    15.837     0.046
        54581.339769    15.841     0.044
        54589.254614    15.324     0.017
        54589.265139    15.329     0.017
        54589.275551    15.362     0.017
        54589.286100    15.394     0.017
        54589.296525    15.416     0.017
        54592.241798    15.318     0.031
        54592.251841    15.312     0.031
        54592.262089    15.348     0.031
        54592.272042    15.364     0.031
        54592.281987    15.353     0.031
        54621.214146    15.675     0.022
        54621.224298    15.682     0.024
        54621.234391    15.711     0.024
        54621.244516    15.711     0.024
        54621.254624    15.715     0.024
