        52652.463108    16.010     0.037
        52652.478354    16.081     0.039
        52652.496546    16.061     0.039
        52652.511637    16.099     0.039
        52652.526692    16.108     0.039
        52664.426130    16.213     0.120
        52722.412311    16.348     0.046
        52722.425680    16.305     0.044
        52722.438664    16.228     0.044
        52722.451564    16.090     0.039
        52722.464643    15.778     0.030
        52751.320350    16.279     0.044
        52751.331309    16.290     0.046
        52751.342025    16.311     0.050
        52751.353359    16.294     0.050
        52751.365237    16.187     0.046
        52801.220835    15.928     0.125
        52801.231279    15.978     0.129
        52801.241939    16.026     0.139
        52801.252340    15.858     0.122
        52809.225160    15.978     0.041
        52809.235145    15.685     0.031
        52809.245128    15.460     0.026
        52809.255179    15.355     0.025
        52809.265413    15.423     0.076
        52827.178889    16.141     0.094
        52830.177211    16.137     0.089
        52830.187525    16.158     0.089
        52830.217562    16.127     0.084
        53008.467512    16.121     0.059
        53008.480107    16.050     0.052
        53008.492642    16.108     0.048
        53008.505179    16.208     0.052
        53008.517852    16.203     0.050
        53038.457773    16.219     0.061
        53038.470149    16.249     0.073
        53038.482977    16.385     0.091
        53038.495676    16.295     0.063
        53045.433684    15.980     0.048
        53045.446103    15.965     0.046
        53045.457982    15.967     0.046
        53096.321040    16.302     0.076
        53096.330704    16.315     0.074
        53096.340328    16.379     0.079
        53096.350031    16.164     0.063
        53096.359772    15.937     0.051
        53125.289897    15.733     0.043
        53125.299560    15.418     0.033
        53125.309342    15.330     0.030
        53125.328950    15.403     0.033
        53134.246423    15.947     0.038
        53134.255276    15.949     0.031
        53134.264141    15.972     0.031
        53134.273222    16.013     0.035
        53134.282168    16.016     0.035
        53155.255497    15.547     0.040
        53155.263823    15.414     0.038
        53155.272264    15.441     0.036
        53155.280610    15.456     0.038
        53155.288878    15.504     0.041
        53163.242194    16.155     0.145
        53167.218653    15.725     0.031
        53167.228726    15.757     0.031
        53167.238826    15.829     0.033
        53167.248876    15.843     0.033
        53167.258956    15.882     0.035
        53169.224431    15.400     0.025
        53169.233869    15.439     0.025
        53169.243278    15.486     0.028
        53169.252683    15.546     0.026
        53193.239073    16.256     0.063
        53193.248272    16.237     0.051
        53193.257733    16.297     0.061
        53244.132566    15.486     0.033
        53244.143061    15.584     0.036
        53244.153525    15.608     0.040
        53244.164187    15.652     0.041
        53244.175786    15.716     0.045
        53359.496576    16.086     0.046
        53359.509373    16.060     0.044
        53359.522092    16.134     0.043
        53359.535250    16.162     0.046
        53421.408507    15.945     0.046
        53421.420830    15.992     0.048
        53421.434498    16.044     0.046
        53421.448931    16.184     0.081
        53421.461410    16.090     0.048
        53430.427166    16.308     0.061
        53430.438301    16.397     0.065
        53430.449933    16.295     0.059
        53430.461145    16.341     0.063
        53430.472810    16.209     0.055
        53480.275803    15.942     0.059
        53480.284904    15.955     0.057
        53480.294017    16.069     0.061
        53480.303098    16.024     0.061
        53480.313090    15.993     0.059
        53491.308335    16.238     0.044
        53491.318494    16.190     0.043
        53491.329257    16.234     0.041
        53491.339226    16.218     0.043
        53491.349138    16.156     0.041
        53536.233203    16.251     0.080
        53536.243180    16.194     0.078
        53536.253144    16.297     0.089
        53536.263210    16.187     0.078
        53566.215212    16.338     0.076
        53566.225890    16.328     0.074
        53566.236524    16.249     0.070
        53566.247146    16.302     0.074
        53566.257770    16.322     0.074
        53570.163523    15.968     0.076
        53570.174153    16.014     0.080
        53570.184748    16.050     0.078
        53570.195358    16.125     0.081
        53570.205954    16.086     0.087
        53610.134046    16.168     0.046
        53610.145285    16.228     0.048
        53610.156534    16.286     0.055
        53610.167769    16.295     0.059
        53757.446612    15.381     0.030
        53757.459201    15.454     0.031
        53757.473615    15.572     0.033
        53757.486237    15.625     0.035
        53757.498765    15.632     0.035
        53773.476361    15.563     0.024
        53773.489658    15.624     0.026
        53773.503861    15.665     0.028
        53773.516604    15.740     0.028
        53773.529340    15.769     0.028
        53826.339414    16.094     0.035
        53826.350152    16.076     0.045
        53826.382645    16.109     0.056
        53827.359401    16.025     0.031
        53827.370063    16.057     0.035
        53827.381255    16.127     0.036
        53827.391896    16.146     0.038
        53827.402585    16.134     0.033
        53835.334768    16.393     0.083
        53835.344762    16.352     0.079
        53842.305448    16.008     0.074
        53842.316944    16.135     0.083
        53842.328457    16.083     0.079
        53842.339977    16.007     0.073
        53842.351461    16.133     0.084
        53856.317286    16.167     0.045
        53856.327147    16.204     0.046
        53856.337005    16.168     0.045
        53856.347261    16.199     0.046
        53856.357297    16.221     0.046
        53866.264268    16.361     0.167
        53866.292509    16.250     0.134
        53877.272648    15.575     0.101
        53877.283417    15.645     0.134
        53877.294044    15.627     0.074
        53877.304661    15.685     0.094
        53877.315256    15.769     0.099
        53904.221381    15.892     0.041
        53904.231278    15.890     0.041
        53904.241125    15.902     0.041
        53904.251021    15.937     0.043
        53904.260942    16.010     0.046
        53918.237481    16.095     0.092
        53933.173039    16.002     0.046
        53933.183692    15.940     0.048
        53933.194415    16.059     0.068
        53933.205164    16.057     0.063
        53933.215994    16.106     0.057
        53960.190841    16.257     0.157
        54098.441277    15.940     0.049
        54098.454307    16.025     0.051
        54098.466447    15.969     0.048
        54098.478545    16.026     0.049
        54098.490635    16.143     0.053
        54124.402556    16.185     0.056
        54124.415130    16.234     0.058
        54124.428423    16.223     0.056
        54124.441057    16.286     0.058
        54124.453603    16.195     0.054
        54140.420386    16.183     0.048
        54140.433107    16.177     0.048
        54140.445609    16.160     0.046
        54140.458146    16.228     0.050
        54140.471448    16.196     0.046
        54158.391882    16.063     0.054
        54158.403361    16.140     0.058
        54158.414146    16.145     0.058
        54158.425159    16.092     0.051
        54158.435971    16.115     0.053
        54188.321104    16.036     0.068
        54188.330929    16.024     0.061
        54188.340706    16.022     0.063
        54188.350448    16.064     0.064
        54188.360130    16.056     0.064
        54198.339249    16.477     0.259
        54198.348896    16.163     0.094
        54198.358544    16.301     0.170
        54212.300629    16.225     0.049
        54212.309284    16.231     0.051
        54212.317697    16.325     0.056
        54212.326380    16.309     0.054
        54212.334794    16.294     0.054
        54218.273779    16.033     0.061
        54218.282403    15.956     0.057
        54218.291019    16.058     0.059
        54218.299635    16.042     0.061
        54218.308244    16.093     0.063
        54498.444006    16.320     0.051
        54498.455830    16.238     0.049
        54498.467659    16.083     0.043
        54498.479477    15.846     0.036
        54498.491287    15.689     0.031
        54526.392905    15.468     0.028
        54526.404265    15.435     0.028
        54526.415615    15.476     0.028
        54526.426961    15.508     0.028
        54526.438446    15.585     0.031
        54537.374396    16.011     0.104
        54537.385480    15.894     0.056
        54537.396437    15.905     0.068
        54537.418610    15.956     0.058
        54559.304882    16.226     0.054
        54559.316520    16.281     0.056
        54559.328127    16.208     0.051
        54559.339510    16.237     0.053
        54559.350967    16.311     0.056
        54569.297470    15.522     0.030
        54569.308463    15.607     0.031
        54569.319379    15.637     0.033
        54569.330289    15.645     0.033
        54569.341182    15.710     0.033
        54585.287753    15.426     0.045
        54585.297870    15.498     0.040
        54585.308106    15.585     0.045
        54585.318581    15.604     0.043
        54585.328590    15.658     0.043
        54599.248210    15.531     0.064
        54599.257498    15.588     0.066
        54599.266779    15.608     0.064
        54599.276120    15.650     0.068
        54618.219244    16.399     0.083
        54618.229593    16.250     0.073
        54618.239943    16.244     0.073
        54618.250795    16.263     0.073
        54618.261454    16.270     0.073
