        52653.469201    14.170     0.007
        52653.484492    14.225     0.007
        52653.499836    14.223     0.007
        52653.515178    14.228     0.007
        52653.530584    14.326     0.007
        52722.412972    14.193     0.007
        52722.426343    14.167     0.007
        52722.439327    14.169     0.007
        52722.452245    14.129     0.007
        52722.465442    14.157     0.007
        52751.320925    14.273     0.007
        52751.331884    14.220     0.007
        52751.342603    14.178     0.007
        52751.353937    14.142     0.007
        52751.365813    14.129     0.007
        52781.265806    14.270     0.009
        52781.276575    14.220     0.007
        52781.287250    14.183     0.007
        52781.298073    14.183     0.007
        52781.308972    14.146     0.007
        52801.252250    14.366     0.031
        52809.225067    14.010     0.010
        52809.235051    14.017     0.010
        52809.245035    14.030     0.010
        52809.255086    14.029     0.010
        52830.177117    14.319     0.018
        52830.187431    14.383     0.018
        52830.197351    14.299     0.018
        52830.207480    14.213     0.016
        52849.158472    14.285     0.010
        52849.168515    14.335     0.010
        52849.178282    14.414     0.011
        52849.188242    14.433     0.013
        52849.198269    14.423     0.011
        52850.173892    14.273     0.014
        52850.184209    14.276     0.017
        52850.194543    14.411     0.024
        52850.204748    14.471     0.015
        53008.467836    14.408     0.013
        53008.480431    14.343     0.011
        53008.492966    14.282     0.009
        53008.505503    14.182     0.009
        53008.518177    14.188     0.009
        53038.458158    14.165     0.010
        53038.470526    14.126     0.012
        53038.483356    14.081     0.013
        53038.496057    14.151     0.010
        53045.434077    14.262     0.010
        53045.458604    14.386     0.012
        53096.321352    14.106     0.012
        53096.331016    14.124     0.012
        53096.340640    14.123     0.012
        53096.350423    14.105     0.010
        53096.360087    14.142     0.012
        53125.290191    14.132     0.012
        53125.299859    14.154     0.012
        53125.309635    14.204     0.012
        53125.329246    14.298     0.013
        53134.246723    14.253     0.010
        53134.255560    14.333     0.008
        53134.264427    14.384     0.008
        53134.273524    14.413     0.010
        53134.282467    14.379     0.010
        53155.255773    14.239     0.013
        53155.264116    14.244     0.013
        53155.272541    14.326     0.015
        53155.280885    14.337     0.015
        53155.289154    14.455     0.016
        53163.242469    14.260     0.035
        53163.252030    14.217     0.028
        53169.224698    14.198     0.010
        53169.234138    14.268     0.010
        53169.243600    14.340     0.012
        53169.252951    14.364     0.010
        53169.262340    14.407     0.010
        53193.248546    14.149     0.010
        53193.258006    14.148     0.010
        53244.132900    14.315     0.013
        53244.143393    14.219     0.012
        53244.153858    14.201     0.012
        53244.164521    14.302     0.012
        53244.176118    14.183     0.012
        53359.497790    14.410     0.011
        53359.510533    14.361     0.009
        53359.523256    14.235     0.007
        53359.536409    14.166     0.009
        53421.408861    14.320     0.011
        53421.421187    14.234     0.009
        53421.434855    14.185     0.009
        53421.449287    14.118     0.013
        53421.461765    14.133     0.009
        53430.428005    14.386     0.011
        53430.439140    14.442     0.011
        53430.450774    14.443     0.011
        53430.461989    14.525     0.011
        53430.473653    14.501     0.011
        53451.392029    14.390     0.011
        53451.402830    14.334     0.009
        53451.413594    14.342     0.009
        53451.424362    14.395     0.011
        53451.435116    14.493     0.011
        53480.276508    14.278     0.013
        53480.285612    14.263     0.013
        53480.294783    14.261     0.013
        53480.303803    14.198     0.013
        53480.313797    14.203     0.013
        53490.304699    14.288     0.007
        53490.315551    14.358     0.007
        53490.327414    14.381     0.009
        53490.338945    14.440     0.009
        53490.350001    14.426     0.009
        53536.223482    14.206     0.013
        53536.233438    14.307     0.015
        53536.243415    14.323     0.015
        53536.253381    14.387     0.017
        53536.263445    14.451     0.017
        53565.172580    14.382     0.011
        53565.183222    14.543     0.013
        53565.193879    14.538     0.013
        53565.204546    14.454     0.013
        53565.215248    14.378     0.011
        53610.134539    14.278     0.009
        53610.145787    14.245     0.009
        53610.157024    14.252     0.009
        53610.168255    14.097     0.009
        53610.179457    14.293     0.009
        53629.109303    14.614     0.020
        53629.121627    14.575     0.020
        53629.134150    14.470     0.020
        53629.146599    14.604     0.024
        53629.158901    14.588     0.024
        53773.476748    14.172     0.007
        53773.490044    14.167     0.007
        53773.504244    14.185     0.007
        53773.517026    14.222     0.007
        53773.529718    14.253     0.007
        53802.425122    14.108     0.007
        53802.437398    14.097     0.007
        53802.449651    14.136     0.007
        53802.461680    14.192     0.007
        53802.474068    14.234     0.008
        53806.421909    14.218     0.011
        53826.340133    14.149     0.007
        53826.351058    14.184     0.012
        53826.361790    14.329     0.016
        53826.383451    14.590     0.040
        53827.360116    14.199     0.007
        53827.370778    14.233     0.008
        53827.381970    14.346     0.008
        53827.392610    14.384     0.008
        53827.403299    14.452     0.008
        53835.335184    14.281     0.012
        53835.345179    14.194     0.013
        53842.305065    14.083     0.013
        53842.316970    14.183     0.013
        53842.329260    14.119     0.013
        53842.341870    14.226     0.015
        53857.319345    14.370     0.010
        53857.329347    14.395     0.012
        53857.339655    14.435     0.012
        53857.349826    14.415     0.012
        53857.359802    14.305     0.012
        53861.411814    14.174     0.008
        53861.425473    14.103     0.008
        53861.438897    14.062     0.007
        53861.450783    14.043     0.007
        53877.272984    14.110     0.008
        53877.283752    13.992     0.008
        53877.294379    14.052     0.005
        53877.304998    14.098     0.007
        53877.315592    14.147     0.007
        53904.226181    14.201     0.007
        53904.236070    14.235     0.008
        53904.246039    14.334     0.008
        53904.256204    14.419     0.008
        53904.266543    14.448     0.008
        53922.242429    14.314     0.020
        53933.173549    14.329     0.011
        53933.184187    14.391     0.011
        53933.194906    14.454     0.015
        53933.205670    14.439     0.015
        53933.216493    14.352     0.011
        53954.151518    14.101     0.015
        53954.163541    14.111     0.017
        53954.175582    14.143     0.018
        53990.109965    14.121     0.008
        53990.121998    14.065     0.008
        53990.133662    14.035     0.012
        53990.145705    14.083     0.008
        53990.157335    14.073     0.010
        53995.113364    14.325     0.010
        53995.125261    14.262     0.010
        53995.137258    14.197     0.010
        53995.149218    14.159     0.010
        53995.161345    14.083     0.010
        54108.457767    14.421     0.018
        54108.470032    14.314     0.018
        54108.482101    14.302     0.016
        54108.494270    14.156     0.015
        54108.506463    14.099     0.013
        54125.436856    14.426     0.013
        54125.448922    14.426     0.015
        54125.460926    14.346     0.013
        54125.473037    14.231     0.012
        54125.485047    14.238     0.012
        54140.420777    14.377     0.009
        54140.433496    14.297     0.009
        54140.445998    14.188     0.007
        54140.458536    14.150     0.007
        54140.471835    14.128     0.007
        54188.321622    14.330     0.015
        54188.331375    14.452     0.016
        54188.341152    14.481     0.016
        54188.350893    14.451     0.015
        54188.360578    14.334     0.016
        54212.300935    14.139     0.010
        54212.309587    14.158     0.010
        54212.318001    14.149     0.010
        54212.326683    14.185     0.010
        54212.335100    14.144     0.010
        54525.397803    14.458     0.013
        54525.409450    14.419     0.012
        54525.421056    14.357     0.012
        54525.432685    14.278     0.012
        54558.305156    14.077     0.020
        54558.316839    14.096     0.020
        54558.351792    14.430     0.020
        54570.299800    14.464     0.015
        54570.311830    14.424     0.015
        54570.322713    14.422     0.013
        54570.333856    14.317     0.013
        54570.344908    14.233     0.013
        54585.288407    14.436     0.020
        54585.298524    14.370     0.015
        54585.308759    14.276     0.015
        54585.319235    14.209     0.013
        54585.329263    14.139     0.013
        54618.262046    14.398     0.016
        54618.272459    14.244     0.015
