        52666.470523    15.652     0.028
        52666.484983    15.724     0.028
        52666.499437    15.726     0.026
        52666.513973    15.746     0.030
        52666.528442    15.766     0.030
        52697.452590    15.585     0.054
        52706.374822    15.775     0.028
        52706.387794    15.804     0.030
        52706.400745    15.833     0.030
        52706.413935    15.823     0.030
        52706.427088    15.887     0.031
        52712.382053    15.450     0.031
        52712.395604    15.469     0.030
        52712.408793    15.483     0.030
        52712.421951    15.522     0.031
        52712.435009    15.513     0.030
        52724.371847    15.122     0.018
        52724.384300    15.176     0.018
        52724.396582    15.241     0.020
        52724.409130    15.244     0.020
        52724.421311    15.287     0.021
        52753.322019    15.597     0.030
        52753.334851    15.623     0.030
        52753.348632    15.634     0.030
        52753.361495    15.660     0.031
        52753.361608    15.673     0.031
        52753.374002    15.681     0.030
        52771.271915    15.735     0.051
        52771.283379    15.741     0.049
        52771.295215    15.776     0.051
        52771.306644    15.734     0.048
        52771.318126    15.784     0.049
        52820.222731    15.801     0.035
        52820.232625    15.758     0.033
        52820.242619    15.794     0.033
        52820.252577    15.778     0.033
        52820.262466    15.820     0.037
        52826.219573    15.384     0.031
        52826.229803    15.238     0.028
        52826.239990    15.140     0.026
        52826.250029    15.126     0.025
        52826.260120    15.161     0.026
        52848.163028    15.231     0.022
        52848.173306    15.303     0.024
        52848.193777    15.325     0.026
        52848.204079    15.374     0.031
        53034.452936    15.766     0.036
        53034.464830    15.762     0.035
        53034.476659    15.718     0.033
        53034.488683    15.806     0.035
        53034.500543    15.805     0.035
        53051.396953    15.411     0.018
        53051.408556    15.452     0.018
        53051.420313    15.459     0.020
        53051.431925    15.487     0.018
        53051.443687    15.516     0.018
        53065.353772    15.723     0.030
        53065.367977    15.741     0.028
        53065.383441    15.705     0.026
        53065.400446    15.787     0.026
        53065.416576    15.809     0.025
        53078.410298    15.291     0.026
        53109.305758    15.760     0.030
        53109.316080    15.795     0.031
        53109.326101    15.827     0.033
        53109.336254    15.882     0.035
        53109.346303    15.927     0.036
        53122.299598    15.609     0.022
        53122.310031    15.632     0.022
        53122.320359    15.665     0.022
        53122.330852    15.660     0.022
        53122.341379    15.705     0.022
        53137.259054    15.560     0.026
        53137.268831    15.643     0.028
        53137.278735    15.598     0.026
        53137.288510    15.629     0.028
        53137.298336    15.646     0.028
        53153.254976    15.345     0.020
        53153.263853    15.387     0.020
        53153.272636    15.408     0.020
        53153.281422    15.405     0.020
        53153.290356    15.454     0.022
        53165.240481    15.371     0.025
        53165.250289    15.248     0.021
        53165.262809    15.145     0.025
        53165.272616    15.168     0.021
        53165.282704    15.209     0.028
        53178.226011    15.786     0.024
        53178.246065    15.813     0.041
        53178.256049    15.802     0.078
        53178.266040    15.819     0.074
        53441.450632    15.891     0.031
        53441.463850    15.915     0.031
        53441.475579    15.952     0.031
        53441.488404    15.893     0.031
        53445.461910    15.824     0.024
        53445.462973    15.804     0.024
        53445.473347    15.844     0.026
        53445.474415    15.834     0.024
        53445.485446    15.889     0.026
        53445.486787    15.891     0.026
        53445.497249    15.876     0.026
        53445.498337    15.907     0.028
        53501.313323    15.882     0.033
        53501.324824    15.897     0.035
        53501.341631    15.909     0.037
        53501.353594    15.844     0.033
        53501.364438    15.681     0.030
        53529.218372    15.597     0.030
        53529.229664    15.644     0.031
        53529.240298    15.631     0.031
        53529.251470    15.626     0.031
        53529.262330    15.654     0.031
        53551.222846    15.791     0.033
        53551.232806    15.779     0.035
        53551.242735    15.777     0.035
        53551.252747    15.768     0.035
        53551.262787    15.824     0.037
        53770.491406    15.770     0.028
        53770.504573    15.768     0.026
        53770.517533    15.772     0.028
        53788.422143    15.820     0.031
        53788.434659    15.773     0.030
        53788.459854    15.814     0.031
        53788.472460    15.823     0.031
        53813.427056    15.242     0.030
        53813.438498    15.293     0.031
        53813.449960    15.320     0.031
        53813.461408    15.330     0.031
        53813.472841    15.363     0.035
        53820.350745    15.291     0.049
        53844.299685    15.807     0.038
        53844.310661    15.790     0.038
        53844.321575    15.773     0.041
        53844.332497    15.792     0.043
        53844.343579    15.775     0.043
        53852.297494    15.795     0.041
        53852.308072    15.811     0.040
        53852.318800    15.759     0.040
        53852.329831    15.798     0.038
        53852.340524    15.748     0.038
        53881.271422    15.419     0.028
        53881.282462    15.344     0.028
        53881.293510    15.194     0.026
        53881.304565    15.151     0.024
        53881.315662    15.152     0.024
        53887.265212    15.629     0.035
        53887.275543    15.666     0.036
        53887.285868    15.635     0.035
        53887.296271    15.662     0.036
        53887.306622    15.671     0.038
        53902.223883    15.579     0.037
        53902.233697    15.624     0.037
        53902.243521    15.652     0.037
        53902.253640    15.724     0.043
        53902.263602    15.676     0.041
        53914.221383    15.380     0.058
        53931.174188    15.827     0.055
        53931.184680    15.885     0.059
        53931.195065    15.857     0.057
        53931.205416    15.888     0.061
        53931.215858    15.851     0.061
        53940.167123    15.529     0.040
        53940.177672    15.590     0.074
        53940.188206    15.557     0.054
        53940.199128    15.565     0.048
        53940.213133    15.600     0.048
        54154.395278    15.669     0.031
        54154.406761    15.756     0.031
        54154.418239    15.736     0.031
        54154.429792    15.757     0.030
        54154.441397    15.773     0.031
        54169.392290    15.693     0.046
        54169.403262    15.839     0.056
        54169.414196    15.710     0.046
        54169.425081    15.806     0.053
        54205.317286    15.649     0.031
        54205.326899    15.430     0.025
        54205.336155    15.384     0.023
        54205.345935    15.257     0.020
        54205.355520    15.148     0.018
        54560.306195    15.813     0.018
        54560.317600    15.813     0.018
        54560.329127    15.786     0.018
        54560.340516    15.793     0.018
        54560.351901    15.780     0.018
        54581.286621    15.301     0.048
        54581.296375    15.337     0.049
        54581.306157    15.391     0.051
        54581.315826    15.373     0.051
        54581.325552    15.428     0.054
        54594.315722    15.756     0.056
        54594.325239    15.734     0.054
        54594.334769    15.790     0.056
        54594.344398    15.752     0.054
        54594.353782    15.825     0.056
        54612.250924    15.850     0.051
        54612.259459    15.722     0.046
        54612.268647    15.531     0.040
        54612.277376    15.423     0.036
        54612.286006    15.324     0.036
