        52676.443380    15.134     0.023
        52676.458824    15.262     0.026
        52676.473897    15.238     0.025
        52676.489147    15.250     0.025
        52676.504984    15.121     0.021
        52707.445735    14.876     0.013
        52707.459080    14.950     0.015
        52707.472855    15.037     0.015
        52707.486811    15.164     0.017
        52707.500077    15.273     0.018
        52711.374213    14.868     0.020
        52711.387288    14.845     0.018
        52711.400934    14.907     0.018
        52711.414679    14.926     0.018
        52711.428200    15.061     0.018
        52738.357465    15.264     0.017
        52738.370178    15.248     0.017
        52738.381724    15.176     0.015
        52738.393203    15.066     0.015
        52738.404761    14.979     0.013
        52739.355889    15.294     0.025
        52739.368778    15.223     0.021
        52739.380115    15.110     0.020
        52739.391429    15.023     0.018
        52739.402761    14.955     0.018
        52755.317833    15.008     0.020
        52755.329985    15.141     0.021
        52755.342749    15.230     0.023
        52755.355217    15.295     0.025
        52755.367950    15.252     0.023
        52769.278712    14.861     0.018
        52769.291464    14.834     0.017
        52769.303160    14.848     0.017
        52769.315164    14.875     0.018
        52769.327252    14.915     0.018
        52794.269488    15.064     0.023
        52794.311637    15.288     0.028
        52819.223365    15.290     0.028
        52819.233213    15.337     0.030
        52819.243044    15.313     0.028
        52819.252868    15.200     0.026
        52819.262707    15.116     0.025
        52824.222331    14.971     0.017
        52824.242238    14.911     0.020
        52824.252305    14.866     0.018
        53033.460767    14.869     0.015
        53033.472813    14.883     0.013
        53033.484826    14.900     0.013
        53033.497182    14.924     0.013
        53033.509352    14.974     0.015
        53080.398500    15.255     0.017
        53080.409438    15.308     0.017
        53080.420383    15.288     0.017
        53080.431360    15.275     0.017
        53080.442363    15.185     0.015
        53092.376917    14.854     0.010
        53092.386748    14.866     0.012
        53092.396517    14.879     0.012
        53092.406361    14.912     0.012
        53092.416230    14.935     0.012
        53111.298917    15.081     0.017
        53111.309782    14.962     0.015
        53111.320550    14.930     0.015
        53111.331603    14.882     0.013
        53111.342354    14.880     0.013
        53121.300393    15.037     0.013
        53121.310643    15.139     0.015
        53121.320919    15.235     0.013
        53139.295981    15.041     0.015
        53139.305564    15.128     0.015
        53139.315163    15.200     0.017
        53139.324760    15.283     0.018
        53139.334576    15.272     0.018
        53169.226700    15.136     0.017
        53169.236679    15.052     0.015
        53169.256545    14.948     0.015
        53169.266549    14.903     0.013
        53177.227018    14.908     0.013
        53177.236689    14.950     0.012
        53177.246174    14.967     0.013
        53177.255650    15.041     0.013
        53177.265121    15.122     0.013
        53414.416716    15.033     0.041
        53414.456537    14.868     0.013
        53437.479842    15.206     0.017
        53437.491081    15.251     0.018
        53437.502291    15.276     0.017
        53437.513562    15.277     0.018
        53447.408631    15.269     0.017
        53447.419566    15.155     0.015
        53447.429876    15.071     0.030
        53447.450486    14.920     0.041
        53478.410432    15.255     0.020
        53478.419493    15.282     0.020
        53478.428782    15.263     0.022
        53478.438399    15.264     0.020
        53478.447487    15.250     0.022
        53496.298702    14.877     0.017
        53496.308882    14.843     0.015
        53496.318977    14.855     0.015
        53496.329175    14.831     0.013
        53496.339287    14.847     0.015
        53503.374105    15.157     0.026
        53503.382800    15.059     0.020
        53503.392070    15.015     0.022
        53503.400770    14.940     0.030
        53503.409507    14.905     0.024
        53527.220056    15.004     0.018
        53527.229911    15.080     0.018
        53527.239870    15.152     0.020
        53527.249743    15.233     0.022
        53527.259558    15.270     0.022
        53579.160977    14.901     0.022
        53579.172335    14.853     0.015
        53579.183709    14.881     0.015
        53579.195017    14.896     0.017
        53579.206359    14.926     0.017
        53791.471102    15.046     0.016
        53791.482947    14.983     0.015
        53791.494733    14.926     0.015
        53791.507061    14.900     0.013
        53845.315822    14.823     0.016
        53845.327221    14.938     0.016
        53845.338441    14.938     0.018
        53845.349693    14.959     0.021
        53850.300062    15.140     0.021
        53850.310783    15.123     0.020
        53850.321345    15.194     0.021
        53850.331856    15.324     0.023
        53850.342672    15.315     0.023
        53884.277480    14.869     0.017
        53884.289055    14.911     0.017
        53884.300627    14.941     0.017
        53884.312243    15.015     0.018
        53884.323790    15.109     0.020
        53901.232944    14.926     0.026
        53901.242966    14.950     0.037
        53901.252966    14.930     0.037
        53901.263001    14.947     0.031
        53911.239904    15.368     0.068
        53911.259402    15.311     0.049
        53911.269046    15.261     0.048
        53912.223412    15.297     0.033
        53937.168915    15.180     0.028
        53937.179036    15.164     0.025
        53937.189164    15.091     0.025
        53937.199310    14.931     0.023
        53937.209584    15.037     0.023
        53954.146709    15.294     0.048
        53954.169693    15.311     0.051
        53954.181109    15.195     0.048
        54155.420480    15.273     0.017
        54155.432336    15.280     0.017
        54155.444203    15.284     0.017
        54155.456230    15.263     0.017
        54155.468134    15.141     0.015
        54180.384692    15.073     0.016
        54180.395042    14.972     0.016
        54180.405513    14.922     0.016
        54180.415962    14.882     0.015
        54180.426340    14.867     0.015
        54200.316551    15.323     0.031
        54200.326234    15.283     0.030
        54200.335854    15.342     0.031
        54200.345214    15.158     0.026
        54200.354653    15.076     0.026
        54544.361050    15.195     0.024
        54544.371879    15.169     0.024
        54558.301451    14.909     0.037
        54558.313040    14.912     0.018
        54558.324655    14.953     0.015
        54558.336329    15.003     0.026
        54558.347881    15.095     0.041
        54568.300901    15.258     0.018
        54568.311839    15.154     0.017
        54568.344721    14.967     0.013
        54580.301737    15.087     0.022
        54580.312328    15.213     0.026
        54580.322950    15.271     0.028
        54580.333557    15.272     0.028
        54580.344142    15.364     0.033
        54589.303270    14.923     0.011
        54589.324385    14.872     0.011
        54589.334905    14.883     0.011
        54589.345424    14.879     0.011
        54611.262433    14.915     0.011
        54611.272234    14.894     0.013
        54611.282030    14.885     0.013
        54611.291798    14.892     0.013
        54611.301599    14.895     0.013
        54621.259079    15.277     0.017
        54621.269278    15.281     0.017
        54621.279435    15.293     0.018
        54621.289603    15.216     0.017
        54621.299762    15.113     0.015
