        52652.488176    16.600     0.073
        52652.503324    16.603     0.069
        52652.518541    16.576     0.064
        52681.423543    16.310     0.053
        52681.438773    16.358     0.056
        52681.453649    16.351     0.051
        52681.468397    16.416     0.056
        52681.483112    16.395     0.063
        52723.413540    16.732     0.059
        52723.425524    16.778     0.065
        52723.436986    16.654     0.131
        52723.448247    16.817     0.157
        52752.292647    16.785     0.072
        52752.302841    16.783     0.074
        52752.313036    16.817     0.072
        52752.323227    16.774     0.068
        52752.333550    16.714     0.065
        52772.367210    16.886     0.168
        52772.378726    16.877     0.137
        52787.282038    16.719     0.059
        52787.282146    16.571     0.073
        52787.293068    16.532     0.078
        52787.303900    16.500     0.079
        52787.314711    16.583     0.081
        52810.226019    16.289     0.083
        52810.236049    16.517     0.078
        52810.245958    16.584     0.081
        52812.237260    16.445     0.045
        52812.237715    16.476     0.063
        52812.247738    16.460     0.063
        52812.257527    16.412     0.043
        52812.257981    16.318     0.056
        52812.268204    16.376     0.059
        52812.277761    16.496     0.045
        52812.278216    16.493     0.066
        52840.169079    16.720     0.078
        52840.179045    16.786     0.078
        52840.189006    16.755     0.080
        52840.198960    16.825     0.083
        52840.208934    16.818     0.083
        52872.138424    16.024     0.052
        52872.150705    16.118     0.107
        53023.455930    16.448     0.048
        53023.467989    16.428     0.041
        53023.480165    16.433     0.041
        53023.492192    16.483     0.041
        53023.504266    16.436     0.040
        53035.476519    16.659     0.057
        53035.489255    16.620     0.052
        53035.501925    16.668     0.055
        53035.514606    16.654     0.055
        53037.475884    16.605     0.053
        53037.488251    16.574     0.049
        53037.501234    16.650     0.054
        53037.514219    16.677     0.054
        53037.526847    16.668     0.054
        53049.396391    16.774     0.065
        53049.408271    16.742     0.061
        53049.420152    16.739     0.061
        53049.432071    16.668     0.059
        53049.444737    16.754     0.063
        53107.292071    16.377     0.046
        53107.302379    16.431     0.046
        53107.312659    16.482     0.048
        53107.322990    16.432     0.045
        53107.333494    16.451     0.046
        53136.283800    16.291     0.051
        53136.292510    16.264     0.051
        53136.301221    16.251     0.046
        53136.309957    16.304     0.051
        53136.318659    16.302     0.051
        53154.251589    16.618     0.092
        53154.260094    16.771     0.106
        53154.268473    16.641     0.092
        53154.276874    16.474     0.079
        53154.285423    16.620     0.091
        53164.223628    16.650     0.064
        53164.233447    16.767     0.074
        53164.243891    16.710     0.079
        53164.253583    16.737     0.078
        53164.263315    16.747     0.074
        53166.334334    16.763     0.074
        53166.343818    16.772     0.078
        53166.353297    16.743     0.076
        53166.362785    16.753     0.080
        53166.372271    16.747     0.078
        53194.224949    17.062     0.185
        53194.234501    17.083     0.165
        53194.244381    16.923     0.170
        53243.134449    16.854     0.114
        53243.145058    16.643     0.096
        53243.155440    16.415     0.084
        53243.165730    16.340     0.079
        53243.176540    16.255     0.076
        53264.107461    16.768     0.074
        53264.118913    16.872     0.080
        53264.130352    16.741     0.070
        53264.141792    16.770     0.078
        53264.153234    16.761     0.083
        53474.361304    16.312     0.044
        53474.371721    16.380     0.046
        53474.382943    16.374     0.046
        53474.394459    16.358     0.130
        53521.260075    16.388     0.067
        53521.270376    16.444     0.100
        53521.280674    16.522     0.072
        53521.291101    16.444     0.055
        53521.301374    16.463     0.059
        53538.223541    17.096     0.191
        53538.233162    16.847     0.148
        53538.242789    16.874     0.148
        53538.252454    16.785     0.139
        53538.262234    16.639     0.126
        53583.164780    16.504     0.057
        53583.176100    16.413     0.054
        53583.187350    16.271     0.050
        53583.198613    16.226     0.046
        53583.209912    16.175     0.044
        53772.478743    16.755     0.068
        53772.491750    16.773     0.068
        53772.504588    16.831     0.070
        53772.517415    16.789     0.067
        53772.530356    16.768     0.068
        53786.445195    16.935     0.087
        53786.458596    17.041     0.097
        53786.471758    16.899     0.079
        53786.485057    16.946     0.087
        53807.389794    16.712     0.105
        53824.468590    16.672     0.056
        53843.313487    16.253     0.072
        53843.324754    16.093     0.065
        53843.336017    16.086     0.065
        53843.347310    16.120     0.065
        53843.358613    16.120     0.067
        53855.294393    16.278     0.053
        53855.304571    16.362     0.054
        53855.315785    16.438     0.061
        53855.326121    16.408     0.054
        53855.336284    16.438     0.054
        53878.291552    16.489     0.071
        53878.302166    16.334     0.063
        53878.312758    16.220     0.056
        53878.323317    16.102     0.051
        53878.334057    16.135     0.051
        53903.237867    16.829     0.099
        53903.247480    16.711     0.087
        53903.257262    16.784     0.094
        53903.266885    16.739     0.091
        53903.276494    16.810     0.102
        53917.220001    16.861     0.158
        53917.229686    16.749     0.170
        53917.239632    16.602     0.129
        53917.249371    16.409     0.084
        53917.259113    16.280     0.083
        53932.219721    16.734     0.141
        53932.230306    16.842     0.133
        53932.240956    16.673     0.111
        53932.251561    16.932     0.183
        53932.262182    16.824     0.150
        54109.475318    16.334     0.168
        54109.487190    16.282     0.137
        54169.381509    16.871     0.076
        54169.392573    16.843     0.076
        54169.403675    16.972     0.083
        54169.414894    16.876     0.078
        54169.426000    16.861     0.087
        54186.330867    16.818     0.116
        54186.341270    16.831     0.107
        54186.351489    16.776     0.102
        54186.361706    16.641     0.096
        54186.371950    16.670     0.129
        54201.332562    16.434     0.033
        54201.342666    16.507     0.035
        54201.352505    16.480     0.035
        54201.362311    16.472     0.033
        54209.306339    16.466     0.165
        54209.315138    16.595     0.114
        54209.324087    16.622     0.101
        54209.333167    16.649     0.183
        54209.342032    16.648     0.140
        54217.291926    16.601     0.085
        54217.300666    16.677     0.087
        54217.309503    16.628     0.083
        54217.318230    16.724     0.089
        54217.326941    16.698     0.087
        54218.314315    16.293     0.084
        54218.323144    16.333     0.087
        54218.332519    16.234     0.081
        54218.341402    16.119     0.073
        54218.350468    16.090     0.069
        54508.472027    16.698     0.059
        54508.484449    16.633     0.053
        54508.496953    16.713     0.056
        54508.511132    16.715     0.061
        54543.390211    16.554     0.107
        54543.401000    16.569     0.104
        54543.413220    16.639     0.109
        54543.423835    16.530     0.096
        54543.434664    16.731     0.117
        54555.300927    16.679     0.089
        54555.315467    16.581     0.081
        54555.327220    16.656     0.084
        54555.338990    16.695     0.089
        54555.350694    16.740     0.092
        54561.300294    16.680     0.086
        54561.311722    16.703     0.078
        54561.323093    16.713     0.078
        54561.334559    16.736     0.079
        54561.345940    16.815     0.086
        54583.296608    16.858     0.114
        54583.311281    16.935     0.117
        54583.324215    16.855     0.109
        54583.335377    16.891     0.111
        54583.346955    16.826     0.107
        54614.266918    16.756     0.089
        54614.277307    16.808     0.094
        54614.287562    16.756     0.089
        54614.297949    16.844     0.094
        54614.308233    16.811     0.099
