        52698.473158    14.129     0.010
        52698.473761    14.127     0.008
        52698.486166    14.085     0.008
        52698.486750    14.076     0.008
        52698.500172    14.005     0.008
        52698.500754    14.007     0.008
        52712.380931    14.042     0.009
        52712.394150    14.018     0.007
        52712.407373    13.987     0.007
        52712.420887    13.993     0.007
        52712.434225    13.998     0.007
        52725.439783    13.893     0.006
        52725.451481    13.865     0.006
        52725.463232    13.891     0.006
        52725.474931    13.917     0.006
        52725.486660    13.939     0.006
        52738.364627    13.993     0.008
        52738.376303    14.035     0.008
        52738.376418    14.034     0.008
        52738.387888    14.068     0.008
        52738.388003    14.052     0.008
        52738.399498    14.060     0.008
        52738.399613    14.103     0.008
        52738.411582    14.083     0.008
        52738.411697    14.128     0.008
        52739.357048    14.032     0.007
        52739.368334    14.038     0.007
        52739.379640    14.057     0.007
        52739.391102    14.079     0.007
        52739.402407    14.146     0.007
        52755.324525    14.318     0.009
        52755.336506    14.305     0.009
        52755.348543    14.296     0.009
        52755.360599    14.292     0.009
        52755.372677    14.275     0.009
        52770.273684    14.000     0.009
        52770.285452    13.961     0.007
        52770.297455    13.850     0.007
        52770.309189    13.862     0.007
        52770.320996    13.796     0.007
        52797.268637    13.968     0.010
        52797.278961    13.999     0.010
        52797.289607    13.968     0.010
        52797.299958    13.989     0.010
        52797.310647    13.995     0.010
        52813.229507    14.346     0.013
        52813.239613    14.337     0.013
        52813.249658    14.340     0.012
        52813.259769    14.363     0.012
        52813.270121    14.393     0.013
        52825.222598    14.250     0.011
        52825.232626    14.221     0.011
        52825.242660    14.157     0.009
        52825.252748    14.046     0.009
        52825.262813    13.910     0.007
        52849.163109    14.087     0.007
        52849.173519    14.090     0.009
        52849.183912    14.126     0.009
        52849.195802    14.124     0.009
        52849.206931    14.139     0.009
        53033.463307    14.406     0.010
        53033.475460    14.403     0.010
        53033.487710    14.427     0.010
        53033.499956    14.406     0.010
        53033.512359    14.384     0.010
        53053.468055    13.830     0.011
        53053.483968    13.916     0.009
        53053.495687    13.979     0.007
        53053.509818    14.010     0.007
        53065.394693    14.068     0.007
        53065.405958    14.093     0.007
        53065.417233    14.116     0.007
        53065.440132    14.118     0.009
        53079.420106    14.113     0.006
        53079.431738    14.121     0.007
        53079.442488    14.131     0.007
        53079.453647    14.156     0.007
        53079.464416    14.187     0.007
        53093.334654    14.484     0.007
        53093.345108    14.513     0.007
        53093.355354    14.490     0.007
        53093.365900    14.512     0.007
        53093.376279    14.478     0.007
        53110.302604    13.872     0.006
        53110.313406    13.543     0.006
        53110.324206    13.493     0.004
        53110.335008    13.480     0.004
        53110.345824    13.482     0.004
        53121.303225    14.090     0.006
        53121.313716    14.129     0.007
        53121.324215    14.143     0.006
        53121.334801    14.113     0.007
        53121.345292    14.151     0.007
        53138.298461    14.200     0.007
        53138.308108    14.178     0.007
        53138.317788    14.164     0.007
        53138.327472    14.156     0.007
        53138.337099    14.127     0.007
        53166.287869    13.668     0.006
        53166.297268    13.706     0.006
        53166.306732    13.697     0.006
        53166.316138    13.755     0.006
        53166.325542    13.725     0.006
        53177.225843    13.810     0.006
        53177.235620    13.856     0.006
        53177.245486    13.871     0.006
        53177.255264    13.883     0.006
        53177.265042    13.915     0.006
        53468.437802    14.401     0.009
        53468.450373    14.368     0.009
        53468.459827    14.362     0.009
        53468.469816    14.375     0.009
        53502.386368    14.152     0.007
        53502.396559    14.207     0.009
        53502.407245    14.174     0.007
        53502.417520    14.183     0.007
        53502.428224    14.171     0.007
        53522.266004    14.129     0.007
        53522.276244    14.200     0.009
        53522.286527    14.078     0.007
        53522.296833    14.095     0.007
        53522.307051    14.128     0.007
        53580.162321    14.176     0.009
        53580.185124    14.069     0.015
        53580.207924    14.119     0.013
        53799.406540    14.125     0.007
        53799.418507    14.127     0.007
        53799.430434    14.117     0.007
        53799.442385    14.094     0.007
        53799.454324    14.070     0.007
        53818.397307    14.350     0.008
        53818.408482    14.351     0.008
        53818.419638    14.333     0.008
        53818.430854    14.283     0.008
        53818.442082    14.216     0.008
        53845.302129    13.895     0.009
        53845.313178    13.934     0.009
        53845.324105    13.972     0.009
        53845.335073    14.001     0.009
        53845.346418    14.049     0.011
        53851.297194    14.076     0.008
        53851.307487    14.106     0.010
        53851.317963    14.113     0.010
        53851.328418    14.122     0.010
        53851.339294    14.157     0.010
        53880.268199    14.060     0.009
        53880.279381    14.038     0.009
        53880.290569    14.027     0.009
        53880.301748    14.011     0.009
        53880.312940    13.982     0.007
        53885.279015    13.881     0.007
        53885.290831    13.841     0.007
        53885.302608    13.832     0.007
        53885.314412    13.804     0.007
        53885.326228    13.810     0.007
        53901.253985    13.902     0.013
        53912.223976    14.146     0.013
        53955.150166    13.869     0.013
        53955.161739    13.882     0.013
        54112.509732    13.537     0.007
        54112.522320    13.602     0.008
        54112.534973    13.675     0.008
        54152.412734    14.102     0.006
        54152.424685    14.050     0.006
        54152.436595    14.015     0.006
        54152.448521    13.967     0.006
        54152.460460    13.896     0.006
        54173.375806    13.844     0.007
        54173.386451    13.827     0.007
        54173.397317    13.830     0.007
        54173.408523    13.824     0.007
        54173.419166    13.862     0.007
        54185.376606    14.012     0.008
        54185.386760    14.043     0.008
        54185.400389    14.065     0.008
        54185.410466    14.082     0.008
        54185.420697    14.117     0.008
        54201.333233    14.341     0.010
        54201.342511    14.359     0.010
        54201.352030    14.356     0.010
        54201.361654    14.377     0.010
        54201.371087    14.363     0.010
        54559.302293    13.919     0.006
        54559.313945    13.611     0.004
        54559.325599    13.430     0.004
        54559.337360    13.366     0.004
        54559.349041    13.538     0.004
        54580.305846    14.157     0.016
        54580.316178    14.226     0.016
        54580.326428    14.220     0.016
        54580.336649    14.210     0.016
        54580.346903    14.230     0.016
        54589.350106    14.084     0.006
        54589.360578    14.115     0.006
        54589.371042    14.127     0.006
        54589.381497    14.101     0.006
        54589.391963    14.060     0.006
        54611.245207    13.942     0.013
        54611.253487    13.853     0.013
        54611.261705    13.796     0.013
        54611.270000    13.777     0.013
        54611.278248    13.749     0.012
