        52602.328059    15.580     0.056
        52620.395551    15.652     0.065
        52620.411406    15.709     0.035
        52620.427200    15.735     0.030
        52620.442453    15.722     0.030
        52636.303857    15.672     0.033
        52636.318540    15.719     0.035
        52636.332988    15.745     0.036
        52636.347458    15.779     0.038
        52636.361899    15.775     0.040
        52653.308811    15.715     0.038
        52653.323798    15.739     0.038
        52653.338732    15.750     0.038
        52653.353606    15.768     0.040
        52653.368531    15.749     0.040
        52660.251150    15.466     0.038
        52660.266319    15.363     0.033
        52660.281532    15.370     0.036
        52660.298014    15.406     0.033
        52660.313253    15.392     0.033
        52680.235589    15.693     0.031
        52680.253530    15.571     0.028
        52680.269548    15.392     0.025
        52680.285568    15.386     0.025
        52680.301075    15.358     0.030
        52684.309429    15.694     0.059
        52693.260610    15.387     0.018
        52693.275951    15.381     0.018
        52693.292571    15.441     0.020
        52693.308159    15.480     0.020
        52693.323656    15.495     0.022
        52698.167746    15.763     0.031
        52698.181191    15.758     0.030
        52698.194829    15.799     0.031
        52698.208779    15.744     0.030
        52700.219118    15.799     0.061
        52700.233770    15.726     0.030
        52700.264014    15.727     0.030
        52701.171675    15.658     0.031
        52701.211690    15.751     0.030
        52701.224753    15.755     0.030
        52703.177767    15.547     0.022
        52703.191782    15.582     0.022
        52703.205511    15.633     0.024
        52703.218859    15.664     0.024
        52703.232508    15.727     0.026
        52705.099599    15.329     0.020
        52705.112622    15.310     0.020
        52705.125564    15.325     0.018
        52705.138491    15.309     0.018
        52705.151624    15.348     0.020
        52706.101266    15.336     0.020
        52706.113817    15.309     0.022
        52706.126614    15.298     0.020
        52706.139307    15.258     0.035
        52706.152184    15.314     0.028
        52712.175402    15.569     0.054
        52721.180287    15.533     0.022
        52721.193095    15.575     0.022
        52721.205857    15.621     0.022
        52721.218733    15.698     0.024
        52721.231485    15.686     0.024
        52750.132818    15.712     0.055
        52750.143408    15.760     0.033
        52750.154016    15.737     0.028
        52750.164633    15.723     0.030
        52750.175237    15.752     0.030
        52927.430372    15.688     0.065
        52927.453922    15.753     0.068
        52927.465579    15.769     0.067
        52948.390313    15.525     0.030
        52948.402385    15.569     0.030
        52948.414500    15.585     0.030
        52948.426518    15.628     0.028
        52948.438597    15.707     0.030
        52978.298141    15.585     0.036
        52978.311326    15.649     0.040
        52978.323156    15.674     0.040
        52978.335753    15.704     0.038
        52978.347700    15.796     0.041
        52988.304329    15.477     0.025
        52988.315796    15.394     0.021
        52988.327304    15.367     0.021
        52988.339263    15.347     0.021
        52988.350834    15.331     0.021
        53008.284928    15.809     0.043
        53008.299344    15.753     0.040
        53038.285438    15.358     0.041
        53038.298533    15.362     0.041
        53038.312296    15.328     0.030
        53038.328486    15.369     0.030
        53038.343703    15.391     0.033
        53045.215105    15.653     0.028
        53045.226465    15.679     0.030
        53045.237841    15.646     0.033
        53045.249028    15.722     0.031
        53045.260595    15.747     0.033
        53065.217886    15.488     0.026
        53065.229828    15.531     0.026
        53065.241801    15.557     0.028
        53065.253536    15.620     0.028
        53065.265086    15.649     0.030
        53093.184923    15.782     0.041
        53093.195346    15.752     0.048
        53093.216278    15.725     0.031
        53108.189860    15.564     0.026
        53108.201057    15.453     0.024
        53108.212322    15.361     0.024
        53108.223614    15.349     0.022
        53108.234913    15.335     0.024
        53125.155653    15.682     0.072
        53125.166369    15.591     0.065
        53134.149322    15.449     0.030
        53134.158790    15.474     0.035
        53134.168265    15.503     0.031
        53134.177749    15.543     0.033
        53263.405370    15.589     0.030
        53263.417093    15.425     0.024
        53263.428739    15.404     0.022
        53263.440387    15.353     0.022
        53263.452165    15.352     0.022
        53290.432416    15.611     0.035
        53290.443530    15.621     0.035
        53290.454732    15.672     0.036
        53290.465912    15.746     0.038
        53290.477039    15.697     0.036
        53303.430669    15.773     0.044
        53303.442536    15.784     0.041
        53303.454401    15.746     0.033
        53312.376190    15.334     0.043
        53312.388373    15.286     0.039
        53312.412468    15.367     0.041
        53312.424534    15.387     0.041
        53319.399219    15.762     0.031
        53319.411315    15.740     0.031
        53319.423403    15.686     0.030
        53319.435510    15.586     0.028
        53319.447601    15.488     0.026
        53329.437129    15.480     0.024
        53329.449535    15.514     0.026
        53329.462363    15.571     0.026
        53329.474732    15.587     0.028
        53329.487089    15.647     0.028
        53330.435407    15.371     0.024
        53330.447918    15.428     0.026
        53330.460442    15.437     0.026
        53330.472949    15.505     0.035
        53330.485454    15.528     0.031
        53331.458141    15.432     0.026
        53331.482898    15.512     0.028
        53331.495271    15.541     0.030
        53340.314839    15.471     0.052
        53340.327067    15.483     0.054
        53340.339290    15.565     0.055
        53340.351518    15.607     0.059
        53340.364012    15.680     0.061
        53349.396214    15.285     0.024
        53349.408312    15.333     0.024
        53349.422200    15.350     0.026
        53349.434786    15.362     0.026
        53349.446864    15.401     0.026
        53355.430312    15.625     0.026
        53355.443197    15.517     0.022
        53355.456057    15.412     0.020
        53358.334832    15.596     0.024
        53358.349938    15.632     0.024
        53358.362883    15.672     0.026
        53358.375712    15.765     0.028
        53358.389495    15.753     0.028
        53359.325382    15.511     0.026
        53359.341513    15.542     0.028
        53359.357536    15.609     0.026
        53359.373576    15.664     0.026
        53359.389701    15.743     0.030
        53362.375366    15.445     0.054
        53389.416450    15.394     0.020
        53389.429514    15.369     0.022
        53389.442490    15.363     0.022
        53389.455520    15.325     0.020
        53389.468529    15.329     0.022
        53390.273308    15.638     0.033
        53390.286065    15.666     0.035
        53390.299731    15.718     0.035
        53390.312585    15.750     0.035
        53390.325387    15.752     0.037
        53429.218564    15.326     0.020
        53429.229852    15.339     0.020
        53429.241198    15.367     0.022
        53429.252496    15.355     0.022
        53429.263796    15.415     0.024
        53461.178032    15.410     0.022
        53461.188435    15.411     0.022
        53461.198750    15.428     0.022
        53461.209250    15.473     0.024
        53461.219516    15.476     0.026
        53489.144790    15.747     0.031
        53489.155127    15.708     0.033
        53489.165492    15.764     0.043
        53489.186000    15.735     0.098
        53635.420841    15.422     0.054
        53635.431275    15.399     0.050
        53635.441695    15.431     0.054
        53635.452129    15.553     0.055
        53635.462556    15.594     0.063
        53687.379840    15.409     0.030
        53687.392251    15.472     0.030
        53687.404960    15.458     0.030
        53687.417420    15.557     0.033
        53687.430096    15.603     0.031
        53696.390146    15.721     0.039
        53696.403255    15.633     0.035
        53696.416467    15.568     0.035
        53725.334290    15.366     0.028
        53725.347558    15.352     0.024
        53725.360601    15.298     0.022
        53725.373713    15.316     0.022
        53725.386721    15.320     0.024
        53755.289090    15.371     0.024
        53755.301792    15.381     0.024
        53755.314715    15.420     0.026
        53755.327379    15.460     0.026
        53756.283022    15.354     0.028
        53756.296516    15.377     0.037
        53756.309379    15.427     0.048
        53756.322683    15.465     0.037
        53775.285917    15.300     0.031
        53775.298448    15.311     0.033
        53775.311253    15.385     0.033
        53775.319896    15.361     0.036
        53775.324572    15.383     0.035
        53775.337998    15.382     0.035
        53775.347851    15.416     0.035
        53807.239676    15.303     0.048
        53807.252194    15.404     0.049
        53858.143502    15.209     0.031
        53994.445413    15.449     0.038
        53994.457911    15.544     0.040
        53994.470259    15.535     0.040
        54050.371079    15.345     0.028
        54050.383265    15.326     0.026
        54050.395459    15.290     0.026
        54050.407662    15.329     0.030
        54050.419864    15.325     0.030
        54079.303003    15.345     0.028
        54079.314971    15.377     0.030
        54079.326872    15.410     0.030
        54079.338765    15.467     0.031
        54079.350671    15.481     0.033
        54108.267030    15.677     0.033
        54108.279616    15.730     0.033
        54108.292214    15.723     0.033
        54108.304894    15.774     0.035
        54108.317567    15.771     0.035
        54126.264614    15.671     0.035
        54139.219219    15.732     0.028
        54139.231628    15.814     0.031
        54139.243033    15.782     0.028
        54139.254908    15.777     0.030
        54139.266361    15.802     0.030
        54167.250558    15.476     0.035
        54406.373486    15.359     0.030
        54406.385088    15.391     0.030
        54406.396682    15.442     0.030
        54406.408139    15.428     0.030
        54406.419607    15.488     0.031
        54418.433410    15.748     0.028
        54418.445444    15.742     0.028
        54418.457854    15.679     0.028
        54418.469882    15.590     0.025
        54418.481963    15.516     0.025
        54436.329264    15.604     0.028
        54436.342249    15.633     0.041
        54465.321174    15.732     0.036
        54465.333666    15.685     0.035
        54465.346133    15.520     0.031
        54465.358525    15.446     0.030
        54465.371115    15.391     0.030
        54484.265984    15.891     0.058
        54484.278957    15.922     0.056
        54484.290985    15.786     0.048
        54484.304103    15.799     0.051
        54484.316403    15.798     0.049
        54496.338083    15.360     0.026
        54496.350210    15.422     0.026
        54496.364018    15.432     0.026
        54496.377364    15.452     0.028
        54496.389484    15.489     0.028
        54524.217677    15.393     0.030
        54524.230678    15.438     0.026
        54524.242166    15.450     0.026
        54524.253798    15.477     0.033
        54524.265425    15.558     0.036
        54539.163034    15.361     0.036
        54539.173428    15.383     0.036
        54539.183822    15.431     0.036
        54539.194232    15.420     0.035
        54539.204821    15.446     0.036
        54571.139368    15.496     0.045
        54571.150058    15.519     0.046
        54571.160834    15.525     0.046
        54571.171525    15.579     0.048
        54571.182794    15.688     0.056
        54587.145317    15.734     0.058
        54587.155388    15.732     0.059
        54587.165577    15.737     0.059
        54587.177253    15.766     0.059
