        52665.464832    15.098     0.018
        52665.479132    15.085     0.017
        52665.493429    15.129     0.017
        52665.507839    15.139     0.017
        52665.522163    15.198     0.017
        52677.460996    15.600     0.028
        52677.475268    15.590     0.028
        52677.489557    15.556     0.026
        52677.503878    15.591     0.026
        52677.518168    15.593     0.024
        52697.458881    15.531     0.026
        52697.474977    15.598     0.024
        52706.430628    15.622     0.024
        52706.443250    15.611     0.022
        52706.455983    15.611     0.022
        52706.469046    15.622     0.022
        52706.481913    15.654     0.022
        52724.417868    15.687     0.024
        52724.429630    15.679     0.024
        52724.441195    15.648     0.024
        52724.452747    15.696     0.026
        52724.464308    15.691     0.028
        52753.324031    15.654     0.026
        52753.336046    15.641     0.024
        52753.348079    15.680     0.024
        52753.360148    15.703     0.024
        52753.372187    15.723     0.026
        52771.275440    15.763     0.043
        52771.287323    15.736     0.041
        52771.298986    15.788     0.041
        52771.310631    15.832     0.043
        52771.322384    15.760     0.041
        52797.268033    15.578     0.031
        52797.278079    15.586     0.031
        52797.288107    15.593     0.030
        52797.298182    15.594     0.030
        52797.308228    15.640     0.030
        52811.227049    15.769     0.031
        52811.236902    15.763     0.031
        52811.246675    15.731     0.030
        52811.256460    15.757     0.030
        52811.266225    15.706     0.030
        52826.222652    15.586     0.028
        52826.232605    15.583     0.028
        52826.242468    15.599     0.028
        52826.252428    15.575     0.026
        52826.262290    15.598     0.028
        52848.166422    15.528     0.026
        52848.176776    15.565     0.028
        52848.187032    15.452     0.048
        52848.197274    15.575     0.030
        52848.207549    15.590     0.048
        53034.465223    15.198     0.020
        53034.477619    15.235     0.020
        53034.478590    15.181     0.018
        53034.490134    15.267     0.020
        53034.502562    15.267     0.020
        53034.514893    15.315     0.020
        53034.515884    15.267     0.018
        53051.447545    15.758     0.022
        53051.459177    15.767     0.022
        53051.470808    15.766     0.022
        53051.482414    15.784     0.022
        53051.494093    15.769     0.022
        53078.456800    15.023     0.026
        53078.467788    15.114     0.020
        53094.393041    15.298     0.013
        53094.403410    15.366     0.013
        53094.413784    15.321     0.013
        53094.424017    15.346     0.013
        53094.434562    15.359     0.011
        53109.349780    15.277     0.020
        53137.321389    15.612     0.025
        53137.330835    15.556     0.025
        53165.285481    15.250     0.023
        53165.305148    15.323     0.025
        53165.314976    15.318     0.026
        53165.324888    15.321     0.028
        53242.137047    15.693     0.033
        53242.146852    15.681     0.035
        53242.156659    15.663     0.035
        53242.166464    15.578     0.033
        53242.176275    15.483     0.031
        53264.121299    15.688     0.030
        53264.132875    15.731     0.031
        53264.144318    15.815     0.038
        53264.155791    15.787     0.035
        53442.324400    15.660     0.028
        53442.335221    15.617     0.026
        53442.346064    15.659     0.026
        53442.356895    15.680     0.026
        53442.368002    15.673     0.026
        53500.302460    15.527     0.022
        53500.315098    15.306     0.018
        53500.325515    15.260     0.017
        53500.337024    15.113     0.017
        53500.349380    15.009     0.015
        53529.266734    15.049     0.018
        53529.277139    15.061     0.017
        53529.288221    15.031     0.017
        53529.299506    15.052     0.018
        53529.312471    15.085     0.017
        53552.228147    15.442     0.026
        53552.238094    15.473     0.026
        53552.248032    15.439     0.026
        53552.258041    15.470     0.026
        53552.267987    15.473     0.026
        53582.166776    15.773     0.037
        53582.177977    15.815     0.037
        53582.189215    15.767     0.033
        53582.200450    15.661     0.031
        53582.211679    15.572     0.033
        53626.114339    15.526     0.035
        53626.125862    15.505     0.037
        53626.137353    15.585     0.039
        53626.148817    15.557     0.043
        53626.160352    15.587     0.044
        53787.437819    15.043     0.016
        53787.450683    15.072     0.016
        53787.463772    15.102     0.016
        53787.476839    15.133     0.016
        53813.421064    15.711     0.048
        53813.432205    15.741     0.048
        53813.443220    15.774     0.052
        53813.454260    15.732     0.048
        53813.465366    15.712     0.048
        53823.310978    15.260     0.018
        53823.321861    15.319     0.018
        53823.332688    15.315     0.018
        53823.343812    15.321     0.018
        53823.354813    15.364     0.018
        53844.290803    15.626     0.031
        53844.301075    15.602     0.031
        53844.311568    15.634     0.035
        53844.322013    15.601     0.037
        53844.332276    15.639     0.039
        53853.299486    15.681     0.033
        53853.309894    15.726     0.036
        53853.320434    15.728     0.036
        53853.341547    15.776     0.036
        53883.277167    15.401     0.026
        53883.287476    15.434     0.026
        53883.297845    15.429     0.026
        53887.279557    15.134     0.022
        53887.290546    15.202     0.024
        53887.301519    15.222     0.024
        53887.312567    15.235     0.024
        53887.323632    15.253     0.024
        53902.233588    15.780     0.038
        53902.243827    15.796     0.038
        53902.253905    15.765     0.038
        53902.264693    15.729     0.038
        53902.276060    15.626     0.038
        53931.219158    15.195     0.028
        53931.250334    15.001     0.030
        53940.170456    15.149     0.026
        53940.180994    15.069     0.046
        53940.191889    15.013     0.026
        53940.202453    14.979     0.028
        53940.216469    14.973     0.025
        53971.137884    15.239     0.041
        53971.149012    15.161     0.030
        53971.159939    15.111     0.025
        53971.170563    15.011     0.023
        53971.181204    15.022     0.026
        54121.454236    15.418     0.024
        54121.466509    15.438     0.024
        54121.479183    15.441     0.020
        54121.491426    15.434     0.020
        54121.503667    15.468     0.018
        54155.418213    15.590     0.030
        54155.430236    15.572     0.028
        54155.441902    15.632     0.030
        54155.453810    15.592     0.028
        54155.466184    15.596     0.028
        54205.320699    15.228     0.021
        54205.330299    15.256     0.020
        54205.340093    15.245     0.020
        54205.349331    15.285     0.020
        54205.358912    15.323     0.020
        54529.382822    14.996     0.020
        54529.394262    14.952     0.020
        54529.405513    14.946     0.020
        54529.416888    14.966     0.020
        54529.429355    14.990     0.020
        54582.301165    15.750     0.031
        54582.311742    15.685     0.031
        54582.322311    15.583     0.030
        54582.332923    15.429     0.026
        54582.343507    15.307     0.024
        54613.256554    15.780     0.028
        54613.266648    15.773     0.026
        54613.276886    15.740     0.024
        54613.286988    15.726     0.022
        54613.297229    15.628     0.020
