        52610.470374    13.835     0.178
        52639.370631    14.270     0.007
        52639.385415    14.309     0.009
        52639.400090    14.346     0.009
        52639.415060    14.360     0.009
        52639.430098    14.374     0.009
        52643.400353    13.844     0.007
        52643.432836    13.914     0.007
        52649.380128    13.966     0.006
        52649.396577    13.987     0.007
        52649.412621    14.046     0.007
        52649.430731    14.064     0.007
        52649.447493    14.083     0.007
        52670.345681    13.935     0.007
        52670.361657    13.974     0.007
        52670.377218    13.996     0.007
        52670.393004    14.014     0.008
        52670.411491    14.040     0.008
        52677.310194    14.343     0.009
        52677.324634    14.345     0.009
        52677.367949    14.262     0.015
        52697.266421    13.974     0.010
        52697.266780    13.948     0.008
        52703.240581    13.915     0.007
        52703.240940    13.921     0.007
        52703.253921    13.936     0.008
        52703.254280    13.931     0.008
        52703.267242    13.998     0.015
        52703.280259    13.973     0.008
        52703.280618    13.992     0.008
        52703.293614    13.998     0.008
        52703.293974    14.002     0.007
        52706.240042    13.914     0.007
        52706.240401    13.877     0.007
        52706.253157    13.931     0.008
        52706.266893    13.963     0.008
        52706.267253    13.934     0.007
        52706.280692    13.976     0.008
        52706.281051    13.964     0.007
        52706.294176    14.011     0.008
        52706.294537    13.977     0.007
        52724.234028    13.900     0.006
        52724.245636    13.912     0.006
        52724.257232    13.959     0.006
        52724.268863    13.974     0.006
        52724.280470    14.005     0.007
        52730.183652    13.854     0.007
        52730.195804    13.775     0.007
        52730.207909    13.737     0.007
        52730.221055    13.740     0.007
        52730.233427    13.744     0.007
        52753.137631    14.100     0.007
        52753.149516    14.156     0.007
        52753.161411    14.183     0.007
        52753.173303    14.185     0.007
        52753.185247    14.232     0.009
        52761.144896    14.432     0.037
        52761.156669    14.398     0.011
        52761.168444    14.409     0.009
        52761.180207    14.394     0.013
        52761.192039    14.381     0.015
        52764.145783    14.413     0.012
        52764.146019    14.388     0.012
        52764.158120    14.397     0.012
        52764.158352    14.406     0.010
        52764.170155    14.389     0.012
        52764.170385    14.416     0.012
        52764.182190    14.370     0.012
        52764.182422    14.396     0.012
        52764.194842    14.394     0.012
        52764.195074    14.391     0.012
        52787.161326    13.972     0.007
        52787.171862    14.004     0.007
        52787.182423    14.006     0.009
        52787.193138    14.041     0.009
        52787.203761    14.056     0.009
        52942.453532    14.131     0.021
        52945.470753    14.185     0.010
        52962.392396    14.355     0.009
        52962.405417    14.368     0.009
        52962.418201    14.365     0.009
        52962.431223    14.373     0.009
        52962.443948    14.376     0.007
        52991.416439    14.081     0.006
        52991.437819    14.024     0.006
        52991.456046    14.047     0.006
        52991.489065    14.189     0.006
        53002.380885    14.351     0.006
        53002.443636    14.346     0.006
        53024.283465    14.301     0.006
        53024.296343    14.110     0.015
        53024.309177    14.382     0.006
        53024.321989    14.234     0.006
        53024.334934    13.958     0.011
        53034.283274    14.346     0.009
        53034.295800    14.379     0.009
        53034.308558    14.377     0.009
        53034.320969    14.384     0.009
        53034.333488    14.375     0.009
        53050.270796    14.214     0.007
        53050.282389    14.204     0.007
        53050.294042    14.249     0.007
        53050.305641    14.261     0.007
        53050.317347    14.250     0.009
        53054.295880    14.060     0.006
        53054.309533    14.021     0.006
        53054.325332    14.051     0.006
        53054.339189    14.066     0.006
        53054.351717    14.086     0.006
        53062.288635    14.213     0.016
        53062.300889    14.207     0.018
        53078.228629    14.199     0.007
        53078.239384    14.127     0.007
        53078.250156    14.004     0.018
        53078.260758    14.017     0.007
        53078.271435    14.020     0.006
        53087.232147    14.177     0.011
        53087.242711    14.281     0.006
        53087.253420    14.256     0.006
        53087.264176    14.144     0.006
        53087.274818    14.021     0.006
        53109.187239    14.370     0.009
        53109.197917    14.396     0.009
        53109.208623    14.392     0.009
        53109.219309    14.402     0.009
        53109.230120    14.414     0.009
        53137.154817    14.124     0.009
        53137.164311    14.141     0.009
        53137.173841    14.177     0.009
        53137.183384    14.163     0.009
        53137.192883    14.194     0.009
        53148.156788    14.327     0.007
        53148.165701    14.327     0.009
        53148.174613    14.339     0.009
        53148.183686    14.331     0.011
        53148.192600    14.342     0.011
        53328.441400    14.370     0.011
        53328.453878    14.271     0.055
        53331.450135    14.367     0.012
        53331.462554    14.371     0.012
        53331.489881    14.407     0.012
        53348.389323    14.371     0.009
        53348.402782    14.388     0.009
        53348.416074    14.386     0.009
        53348.429437    14.293     0.009
        53348.442291    14.239     0.009
        53354.386087    14.390     0.009
        53354.399205    14.375     0.009
        53354.412335    14.343     0.009
        53354.425489    14.256     0.007
        53354.438627    14.144     0.007
        53377.341963    14.106     0.007
        53377.355328    14.170     0.007
        53377.368604    14.167     0.007
        53377.381942    14.180     0.007
        53377.395326    14.216     0.007
        53384.382622    14.021     0.035
        53384.410485    14.000     0.024
        53404.306992    14.108     0.007
        53404.319843    14.124     0.007
        53404.333113    14.145     0.007
        53404.365643    14.165     0.007
        53443.348701    14.177     0.007
        53443.359356    14.177     0.009
        53443.370015    14.207     0.011
        53473.181377    14.022     0.007
        53473.190993    14.031     0.007
        53473.200786    14.058     0.007
        53473.210537    14.090     0.007
        53473.220210    14.124     0.009
        53500.142106    14.073     0.007
        53500.153357    14.081     0.007
        53500.163506    14.088     0.007
        53500.173517    14.125     0.007
        53500.183568    14.140     0.007
        53673.446653    14.371     0.011
        53673.459460    14.389     0.011
        53673.471582    14.439     0.011
        53673.483912    14.487     0.011
        53673.496512    14.397     0.011
        53676.449940    14.303     0.013
        53676.461988    14.344     0.011
        53676.473990    14.317     0.011
        53676.485947    14.373     0.011
        53676.497961    14.385     0.013
        53682.464194    14.453     0.011
        53682.476764    14.452     0.011
        53682.489163    14.479     0.013
        53682.501949    14.357     0.011
        53703.451148    14.338     0.009
        53703.464283    14.360     0.009
        53703.477030    14.359     0.009
        53703.489712    14.400     0.009
        53703.502469    14.403     0.009
        53714.392442    14.338     0.009
        53714.405450    14.377     0.009
        53714.418301    14.397     0.009
        53714.431092    14.388     0.009
        53714.443833    14.381     0.009
        53740.343131    14.062     0.007
        53740.356117    14.098     0.007
        53740.381664    14.098     0.007
        53740.394460    14.116     0.007
        53771.282352    14.343     0.011
        53771.295113    14.336     0.009
        53771.308988    14.335     0.013
        53771.321835    14.371     0.011
        53771.334724    14.391     0.013
        53786.279252    14.397     0.007
        53786.291141    14.395     0.009
        53786.303142    14.412     0.009
        53786.315036    14.411     0.009
        53786.326948    14.388     0.009
        53813.253422    14.346     0.011
        53813.264522    14.352     0.011
        53813.275731    14.350     0.011
        53813.286805    14.364     0.013
        53813.298294    14.377     0.013
        53823.193164    14.163     0.007
        53823.204005    14.186     0.008
        53823.214924    14.192     0.008
        53823.225738    14.215     0.008
        53823.236555    14.232     0.008
        53844.183118    14.241     0.009
        53844.193355    14.257     0.009
        53844.203640    14.272     0.011
        53844.213911    14.301     0.011
        53844.224205    14.283     0.011
        53853.187286    14.229     0.012
        53853.197752    14.246     0.012
        53853.208301    14.236     0.013
        53853.218826    14.246     0.013
        53853.229408    14.304     0.013
        53881.155178    13.964     0.008
        53881.165104    13.973     0.010
        53881.175115    14.023     0.010
        53881.185370    14.043     0.010
        53881.197722    14.026     0.010
        54029.436757    14.404     0.015
        54029.449155    14.371     0.015
        54029.461592    14.411     0.015
        54029.473453    14.391     0.013
        54029.485903    14.397     0.013
        54042.455158    14.181     0.016
        54042.467713    14.154     0.013
        54042.480447    14.155     0.013
        54042.492786    14.195     0.013
        54055.383813    14.304     0.012
        54055.396302    14.199     0.010
        54055.408949    14.041     0.008
        54055.422065    13.914     0.007
        54055.434518    13.800     0.007
        54067.394910    13.875     0.007
        54067.407844    13.769     0.007
        54067.420582    13.731     0.007
        54067.433905    13.746     0.005
        54067.446747    13.785     0.007
        54070.386598    14.186     0.009
        54070.399572    14.187     0.009
        54070.412781    14.115     0.007
        54070.425840    14.046     0.007
        54070.438790    14.091     0.007
        54084.389701    14.173     0.010
        54084.402611    14.203     0.012
        54084.415731    14.210     0.010
        54084.428775    14.224     0.010
        54084.441636    14.240     0.013
        54098.314713    14.359     0.011
        54098.326536    14.341     0.009
        54098.338147    14.356     0.009
        54098.349880    14.359     0.009
        54098.361563    14.358     0.009
        54110.331084    14.301     0.015
        54110.343665    14.302     0.021
        54110.356218    14.324     0.013
        54110.368803    14.334     0.012
        54110.381789    14.310     0.013
        54121.324911    13.983     0.007
        54121.349276    13.945     0.007
        54121.361457    13.925     0.006
        54121.373730    13.958     0.007
        54206.179152    14.309     0.010
        54206.188309    14.317     0.010
        54206.197532    14.336     0.010
        54206.207129    14.339     0.010
        54206.216436    14.330     0.010
        54412.441945    14.522     0.007
        54412.454210    14.530     0.007
        54412.466592    14.418     0.007
        54412.478955    14.353     0.007
        54412.491233    14.305     0.006
        54421.443836    14.260     0.006
        54421.468822    14.173     0.006
        54421.481285    14.101     0.006
        54450.391468    14.356     0.006
        54450.404619    14.347     0.006
        54450.417678    14.345     0.006
        54450.430716    14.359     0.006
        54450.443753    14.366     0.006
        54475.331249    14.387     0.006
        54475.356724    14.406     0.007
        54475.369518    14.354     0.006
        54475.382252    14.295     0.007
        54483.231139    14.091     0.009
        54483.244093    14.103     0.009
        54483.257025    14.108     0.009
        54509.218099    14.328     0.007
        54509.230005    14.351     0.007
        54509.242019    14.327     0.006
        54509.265975    14.349     0.006
        54532.223715    14.473     0.006
        54532.234856    14.468     0.006
        54532.257314    14.487     0.006
        54532.268464    14.427     0.006
        54574.184940    14.361     0.017
        54574.195501    14.342     0.017
        54574.206072    14.268     0.017
        54574.216644    14.300     0.017
        54574.227235    14.290     0.017
        54582.189603    14.082     0.007
        54582.200166    14.105     0.007
        54582.210608    14.089     0.007
        54582.221179    14.091     0.007
        54582.231735    14.099     0.009
        54586.187370    14.394     0.009
        54586.197603    14.387     0.013
        54594.155021    14.003     0.007
        54594.175727    13.988     0.011
        54594.196378    14.018     0.009
        54613.152970    14.373     0.011
        54613.162778    14.327     0.011
        54613.172752    14.334     0.011
        54613.182665    14.296     0.011
        54613.192632    14.290     0.011
