        52612.447994    14.651     0.011
        52613.457086    14.730     0.015
        52613.473349    14.851     0.025
        52613.488777    14.985     0.026
        52613.504250    14.975     0.025
        52613.520091    15.035     0.016
        52614.428121    14.730     0.015
        52614.442844    14.851     0.025
        52614.457477    14.985     0.026
        52614.472110    14.975     0.025
        52614.486527    15.035     0.016
        52622.369779    14.734     0.015
        52622.384190    14.780     0.015
        52622.398989    14.864     0.015
        52622.413856    14.961     0.016
        52622.428380    14.966     0.016
        52649.367144    14.979     0.015
        52649.382935    14.920     0.013
        52649.398345    14.802     0.013
        52696.274744    14.838     0.011
        52696.288135    14.747     0.011
        52696.300655    14.677     0.011
        52696.313842    14.651     0.009
        52696.327316    14.635     0.009
        52710.240615    14.789     0.015
        52710.253907    14.741     0.015
        52710.267838    14.720     0.015
        52710.281107    14.735     0.015
        52710.294354    14.722     0.016
        52711.180786    15.016     0.025
        52711.194078    14.923     0.021
        52711.207159    14.773     0.020
        52711.220403    14.756     0.018
        52723.226932    14.725     0.017
        52723.238352    14.671     0.015
        52723.249816    14.634     0.011
        52723.261320    14.622     0.011
        52733.188614    14.747     0.013
        52733.201038    14.810     0.015
        52733.212995    14.935     0.016
        52733.224873    14.989     0.016
        52733.237061    15.019     0.016
        52752.182420    14.792     0.013
        52752.192598    14.848     0.015
        52752.202726    14.926     0.017
        52752.212927    14.951     0.017
        52752.223057    14.953     0.017
        52768.172159    14.798     0.048
        52946.437804    15.005     0.018
        52946.449672    15.016     0.028
        52977.394966    14.862     0.015
        52977.406918    14.962     0.017
        52977.419068    14.947     0.015
        52977.431005    14.967     0.013
        52977.443053    14.911     0.013
        52991.419827    14.760     0.013
        53003.320882    14.700     0.007
        53003.332808    14.742     0.007
        53003.344707    14.784     0.007
        53003.356680    14.859     0.009
        53003.368811    14.938     0.009
        53035.343316    14.926     0.015
        53035.356403    14.916     0.013
        53035.368996    14.846     0.013
        53035.382807    14.746     0.011
        53035.395382    14.710     0.011
        53049.275037    14.895     0.009
        53049.287344    14.921     0.011
        53049.299141    14.925     0.011
        53049.310945    14.933     0.011
        53049.322785    14.845     0.009
        53077.265082    14.708     0.021
        53089.226898    14.908     0.009
        53089.237490    14.838     0.009
        53089.248305    14.747     0.009
        53089.259057    14.723     0.007
        53089.269638    14.700     0.007
        53107.186057    14.832     0.013
        53107.196477    14.940     0.013
        53107.206917    14.986     0.015
        53107.217453    15.007     0.015
        53107.227937    14.970     0.015
        53127.225674    14.802     0.031
        53136.154945    14.708     0.013
        53136.163688    14.676     0.013
        53136.172550    14.632     0.013
        53149.160254    14.644     0.013
        53149.169395    14.648     0.013
        53149.179851    14.674     0.013
        53149.188835    14.671     0.015
        53149.197767    14.692     0.015
        53154.162462    14.747     0.031
        53154.170790    14.724     0.031
        53154.195721    14.652     0.028
        53313.430646    14.972     0.026
        53313.442576    14.932     0.024
        53313.454501    14.947     0.024
        53313.466421    14.905     0.022
        53313.478346    14.791     0.020
        53331.394057    14.705     0.017
        53331.406955    14.772     0.017
        53331.419623    14.851     0.017
        53331.431978    14.945     0.018
        53331.444336    15.009     0.026
        53341.420589    14.669     0.026
        53341.433059    14.698     0.024
        53341.457089    14.710     0.026
        53348.413574    14.673     0.013
        53348.427844    14.712     0.013
        53348.442150    14.745     0.015
        53348.456389    14.897     0.015
        53348.470667    14.928     0.018
        53354.423099    14.650     0.012
        53354.451974    14.835     0.012
        53354.481104    14.961     0.013
        53387.491618    14.602     0.011
        53387.507094    14.618     0.011
        53387.521311    14.752     0.013
        53387.534391    14.724     0.013
        53474.196896    14.831     0.015
        53474.206598    14.898     0.017
        53474.216756    14.914     0.017
        53474.226481    14.915     0.017
        53474.236219    14.927     0.017
        53498.151966    14.603     0.013
        53498.162119    14.625     0.020
        53498.172410    14.609     0.015
        53498.182573    14.622     0.059
        53499.159368    14.683     0.013
        53499.170354    14.719     0.013
        53499.180504    14.836     0.015
        53499.190733    14.912     0.015
        53499.200939    15.020     0.017
        53521.154508    14.791     0.020
        53521.164716    14.691     0.024
        53521.174902    14.650     0.033
        53521.185357    14.637     0.031
        53521.195561    14.613     0.020
        53657.431761    14.899     0.020
        53657.443021    14.804     0.017
        53657.454228    14.761     0.017
        53657.465465    14.661     0.015
        53657.476696    14.620     0.013
        53683.448092    14.721     0.015
        53683.460471    14.740     0.015
        53683.472708    14.700     0.024
        53683.485112    14.808     0.013
        53683.497394    14.831     0.015
        53701.445138    14.605     0.013
        53741.349955    14.611     0.009
        53741.362650    14.610     0.009
        53741.375940    14.612     0.009
        53741.389365    14.662     0.009
        53741.402566    14.695     0.009
        53771.283185    14.864     0.017
        53771.296733    14.879     0.013
        53771.309837    14.902     0.026
        53771.322668    14.806     0.015
        53771.335557    14.744     0.018
        53786.296357    14.619     0.008
        53786.309350    14.608     0.010
        53786.322369    14.659     0.008
        53786.335393    14.718     0.010
        53786.348475    14.797     0.015
        53812.256662    14.654     0.015
        53812.267749    14.648     0.015
        53812.278818    14.634     0.015
        53812.289891    14.698     0.015
        53812.300979    14.724     0.017
        53824.260533    14.647     0.010
        53824.272556    14.618     0.010
        53843.195924    14.903     0.017
        53843.207334    14.839     0.017
        53843.218657    14.760     0.015
        53843.229979    14.692     0.015
        53843.241891    14.652     0.015
        53854.188230    14.973     0.016
        53854.198635    14.907     0.049
        53854.208911    15.001     0.021
        53854.219161    14.954     0.016
        53854.229374    14.903     0.016
        53882.156750    14.855     0.020
        53882.167543    14.759     0.018
        53882.178349    14.770     0.016
        53882.189233    14.766     0.016
        53882.200240    14.739     0.016
        53886.167960    14.893     0.026
        53886.178586    14.936     0.026
        53886.189273    14.874     0.026
        53886.200020    14.890     0.028
        53886.210824    14.779     0.026
        54028.441245    14.918     0.023
        54028.453102    14.961     0.025
        54028.464794    14.975     0.023
        54028.476569    14.963     0.023
        54028.489042    14.895     0.021
        54054.402109    14.925     0.018
        54054.414784    14.951     0.018
        54054.427434    14.933     0.016
        54054.439893    14.938     0.015
        54054.452334    14.844     0.015
        54068.396892    14.913     0.015
        54068.409864    14.778     0.015
        54068.423095    14.752     0.013
        54068.436090    14.678     0.012
        54068.448896    14.653     0.012
        54085.398649    14.943     0.015
        54085.411877    14.893     0.021
        54085.424787    14.922     0.016
        54085.437797    14.881     0.015
        54085.450826    14.763     0.018
        54110.347637    14.721     0.015
        54110.363181    14.805     0.015
        54110.377709    14.916     0.017
        54110.393051    14.955     0.018
        54110.411319    14.939     0.017
        54123.321485    14.681     0.011
        54123.333936    14.733     0.011
        54123.346192    14.826     0.011
        54123.358405    14.908     0.013
        54123.370615    14.920     0.013
        54201.189198    14.636     0.011
        54201.198966    14.660     0.011
        54201.208917    14.688     0.011
        54201.218839    14.734     0.011
        54201.228593    14.810     0.011
        54207.180163    14.620     0.013
        54207.189465    14.619     0.013
        54207.198688    14.621     0.013
        54207.208613    14.701     0.013
        54207.218178    14.743     0.015
        54216.176958    14.833     0.026
        54216.185563    14.855     0.028
        54216.194249    14.860     0.028
        54216.202896    14.849     0.028
        54216.211520    14.796     0.028
        54395.443385    14.859     0.023
        54395.460010    14.931     0.023
        54395.471727    14.980     0.025
        54397.434678    14.920     0.020
        54397.446457    14.834     0.018
        54397.458091    14.721     0.015
        54397.469724    14.686     0.013
        54397.481360    14.650     0.011
        54453.332130    14.675     0.009
        54453.345380    14.757     0.009
        54453.358473    14.792     0.009
        54453.371523    14.872     0.009
        54453.384556    14.885     0.009
        54470.338850    14.641     0.007
        54470.351791    14.715     0.030
        54470.364610    14.701     0.020
        54477.333501    14.763     0.009
        54477.346414    14.780     0.009
        54477.359202    14.805     0.009
        54477.372014    14.843     0.009
        54477.384837    14.895     0.011
        54484.246020    14.799     0.018
        54484.259168    14.834     0.018
        54508.295975    14.622     0.015
        54508.308005    14.623     0.015
        54508.320024    14.621     0.015
        54508.332003    14.672     0.013
        54508.343887    14.702     0.015
        54539.158288    14.615     0.011
        54539.168918    14.652     0.009
        54539.179689    14.795     0.011
        54539.190354    14.831     0.011
        54539.201174    14.902     0.011
        54567.180507    14.650     0.009
        54567.191898    14.605     0.009
        54567.202972    14.605     0.009
        54567.214170    14.606     0.009
        54567.225535    14.643     0.009
        54573.187225    14.838     0.026
        54573.198022    14.787     0.024
        54573.208820    14.802     0.026
        54573.219560    14.862     0.028
        54573.230425    15.005     0.033
        54614.161483    14.979     0.021
        54614.171688    15.031     0.021
        54614.181901    14.994     0.023
        54614.192536    15.012     0.023
        54614.204124    14.991     0.023
