        52643.445428    16.704     0.086
        52644.481280    16.626     0.052
        52644.496111    16.582     0.057
        52644.511137    16.675     0.067
        52644.525874    16.658     0.133
        52648.332137    16.809     0.085
        52648.346828    16.809     0.087
        52648.376415    16.852     0.080
        52648.391177    16.836     0.078
        52666.391683    16.570     0.046
        52666.406623    16.627     0.046
        52666.407000    16.436     0.068
        52666.421278    16.627     0.049
        52666.421652    16.465     0.071
        52666.450658    16.629     0.048
        52671.393470    16.774     0.061
        52671.408787    16.744     0.061
        52671.423992    16.761     0.061
        52671.439174    16.714     0.061
        52671.454520    16.759     0.065
        52674.393756    16.661     0.057
        52674.407643    16.717     0.061
        52674.421639    16.739     0.063
        52674.435629    16.708     0.059
        52674.449600    16.663     0.052
        52698.329712    16.766     0.046
        52698.330298    16.727     0.068
        52698.342904    16.729     0.046
        52698.343507    16.812     0.073
        52698.357244    16.900     0.079
        52698.370199    16.879     0.234
        52703.307704    16.713     0.188
        52703.329701    16.775     0.142
        52703.347879    16.889     0.087
        52703.363398    16.657     0.243
        52703.378261    16.964     0.186
        52725.312018    16.801     0.065
        52725.323597    16.859     0.117
        52725.335490    16.899     0.170
        52725.347320    16.758     0.133
        52725.358923    16.924     0.115
        52730.243854    16.839     0.076
        52730.256531    16.770     0.073
        52730.268522    16.875     0.079
        52730.280563    16.872     0.081
        52730.292770    16.916     0.084
        52754.203484    16.504     0.052
        52754.215642    16.514     0.052
        52754.227940    16.476     0.054
        52754.240122    16.491     0.054
        52754.252247    16.437     0.052
        52761.202360    16.764     0.093
        52761.214346    16.694     0.139
        52761.226469    16.772     0.098
        52761.238555    16.832     0.089
        52761.250565    16.745     0.070
        52764.204233    16.652     0.071
        52764.216181    16.718     0.074
        52764.228130    16.700     0.074
        52764.240352    16.724     0.076
        52764.252321    16.801     0.078
        52789.167168    16.535     0.081
        52789.177776    16.563     0.083
        52789.188323    16.493     0.079
        52789.198961    16.651     0.084
        52789.209598    16.660     0.086
        52791.167731    16.594     0.163
        52794.167817    16.758     0.081
        52794.177851    16.794     0.085
        52794.187775    16.716     0.085
        52794.197719    16.762     0.089
        52794.207647    16.727     0.091
        52962.454968    16.845     0.113
        52962.468056    16.777     0.098
        52962.480260    16.582     0.080
        52962.492978    16.588     0.072
        52962.505760    16.561     0.067
        52973.458636    16.785     0.074
        52973.471588    16.612     0.063
        52973.484454    16.485     0.055
        52973.497422    16.553     0.059
        52973.510360    16.455     0.055
        52993.396938    16.773     0.054
        52993.409983    16.811     0.054
        52993.423409    16.831     0.055
        52993.436476    16.773     0.050
        52993.449961    16.846     0.050
        52996.404903    16.727     0.052
        52996.417947    16.765     0.050
        52996.431324    16.725     0.046
        52996.444552    16.819     0.050
        52996.457695    16.754     0.046
        53001.407332    16.762     0.048
        53001.420293    16.753     0.044
        53001.446554    16.806     0.046
        53001.459526    16.759     0.043
        53027.338096    16.406     0.035
        53027.350968    16.489     0.033
        53027.363743    16.521     0.035
        53027.376523    16.522     0.033
        53027.389162    16.477     0.033
        53033.339614    16.630     0.061
        53033.351829    16.621     0.059
        53033.364152    16.619     0.059
        53033.376678    16.516     0.061
        53033.388973    16.457     0.064
        53052.330555    16.444     0.043
        53052.342879    16.394     0.041
        53052.355346    16.465     0.043
        53052.367217    16.468     0.043
        53052.379061    16.461     0.041
        53079.277560    16.539     0.051
        53079.288701    16.578     0.054
        53079.299698    16.564     0.054
        53079.310696    16.610     0.056
        53079.321705    16.550     0.054
        53084.285349    16.639     0.037
        53084.296257    16.689     0.037
        53084.307145    16.641     0.037
        53084.318383    16.640     0.039
        53084.331728    16.686     0.039
        53086.301217    16.843     0.056
        53086.312983    16.785     0.063
        53086.324333    16.836     0.056
        53086.336346    16.899     0.073
        53086.347846    16.899     0.058
        53110.239528    16.998     0.099
        53110.250414    16.910     0.094
        53110.261251    16.867     0.087
        53110.272170    16.913     0.091
        53110.283154    16.798     0.081
        53138.201717    16.852     0.076
        53138.211583    16.811     0.073
        53138.221470    16.809     0.073
        53138.231251    16.868     0.083
        53138.241092    16.760     0.076
        53148.163581    16.695     0.055
        53148.172495    16.606     0.057
        53148.181566    16.497     0.050
        53148.190480    16.540     0.068
        53148.199394    16.496     0.050
        53166.168973    16.651     0.096
        53166.179676    16.702     0.102
        53166.189704    16.605     0.102
        53166.199583    16.559     0.102
        53166.209343    16.676     0.112
        53348.453883    16.980     0.113
        53348.466800    16.912     0.096
        53348.479258    16.943     0.104
        53348.493088    16.827     0.139
        53348.506005    16.814     0.078
        53354.450095    16.828     0.068
        53354.463040    16.747     0.061
        53354.475804    16.752     0.061
        53354.489946    16.823     0.065
        53354.502776    16.757     0.061
        53355.404778    16.821     0.072
        53355.417615    16.526     0.165
        53377.407412    16.567     0.055
        53377.420580    16.590     0.054
        53377.433797    16.609     0.055
        53377.448552    16.588     0.052
        53377.462260    16.660     0.055
        53404.378538    16.683     0.053
        53404.391939    16.770     0.059
        53404.404900    16.729     0.059
        53404.417876    16.807     0.069
        53404.430817    16.871     0.078
        53410.478076    16.670     0.050
        53410.490560    16.639     0.048
        53410.503021    16.704     0.050
        53410.515464    16.760     0.055
        53438.409025    16.500     0.052
        53438.421391    16.444     0.050
        53438.433362    16.503     0.055
        53438.445161    16.491     0.055
        53438.457046    16.504     0.059
        53445.408495    16.749     0.059
        53445.420271    16.766     0.061
        53445.431832    16.822     0.065
        53445.444198    16.852     0.068
        53445.455727    16.742     0.067
        53465.284066    16.417     0.054
        53465.295425    16.488     0.054
        53465.307369    16.486     0.055
        53465.318015    16.521     0.055
        53465.329337    16.530     0.057
        53471.264478    16.850     0.080
        53471.275126    16.847     0.080
        53471.285174    16.762     0.074
        53471.295100    16.672     0.068
        53471.304842    16.569     0.063
        53493.290944    16.543     0.083
        53493.301572    16.555     0.083
        53493.311905    16.593     0.087
        53493.322631    16.398     0.076
        53493.332691    16.476     0.081
        53502.193610    16.848     0.087
        53502.204786    16.879     0.091
        53502.215252    16.811     0.087
        53502.226855    16.803     0.087
        53502.239303    16.854     0.093
        53523.168794    16.869     0.093
        53523.179322    16.880     0.094
        53523.189881    16.833     0.091
        53523.200397    16.777     0.091
        53523.210927    16.670     0.081
        53526.210502    16.807     0.111
        53712.464304    16.830     0.083
        53712.478103    16.931     0.087
        53712.491368    16.964     0.087
        53712.504485    16.813     0.074
        53712.517441    16.873     0.076
        53738.411491    16.502     0.063
        53738.424523    16.524     0.063
        53738.437510    16.531     0.059
        53738.450544    16.546     0.063
        53769.388762    16.583     0.048
        53769.402490    16.542     0.046
        53769.415835    16.512     0.044
        53769.429124    16.546     0.061
        53769.442327    16.476     0.059
        53789.352955    16.917     0.195
        53789.365604    16.800     0.152
        53789.378071    16.801     0.071
        53789.390728    16.914     0.073
        53789.403097    16.802     0.066
        53845.195311    16.456     0.067
        53845.206022    16.511     0.068
        53845.216879    16.543     0.074
        53845.227619    16.461     0.068
        53845.238360    16.623     0.309
        53851.194450    16.938     0.102
        53851.204684    16.963     0.104
        53851.214959    16.752     0.084
        53851.225263    16.682     0.086
        53851.235603    16.618     0.078
        53880.158853    16.621     0.085
        53880.170001    16.504     0.080
        53880.181198    16.609     0.085
        53880.192360    16.708     0.091
        53880.203544    16.726     0.094
        53881.163271    16.637     0.076
        53881.173241    16.588     0.073
        53881.183453    16.577     0.073
        53881.195864    16.623     0.078
        53881.205956    16.497     0.071
        53885.160892    16.759     0.094
        53885.173075    16.773     0.100
        53885.185161    16.762     0.098
        53885.197289    16.786     0.105
        53885.209421    16.787     0.109
        53886.160595    16.534     0.081
        53886.170496    16.505     0.083
        53886.180530    16.461     0.078
        53886.193138    16.408     0.078
        53886.202942    16.376     0.074
        54058.449546    16.490     0.086
        54058.461975    16.523     0.086
        54058.474552    16.551     0.084
        54058.487038    16.585     0.083
        54058.499475    16.550     0.074
        54064.445426    16.435     0.076
        54064.460420    16.391     0.073
        54064.474523    16.347     0.068
        54064.487596    16.484     0.071
        54064.500171    16.393     0.063
        54067.458710    16.731     0.054
        54067.471787    16.643     0.050
        54067.484869    16.550     0.046
        54067.498121    16.525     0.043
        54067.511204    16.501     0.039
        54112.436356    16.802     0.106
        54112.449072    16.769     0.111
        54112.461959    16.717     0.150
        54112.474595    16.677     0.094
        54112.487227    16.924     0.114
        54144.331235    16.929     0.073
        54144.343157    16.962     0.076
        54144.355078    16.928     0.079
        54144.367052    17.019     0.096
        54144.379314    16.817     0.073
        54153.335589    16.730     0.068
        54153.347498    16.689     0.073
        54153.359227    16.869     0.109
        54153.371153    16.916     0.106
        54153.382918    16.796     0.109
        54201.239569    16.729     0.096
        54201.248917    16.540     0.078
        54201.258140    16.592     0.079
        54201.267403    16.567     0.079
        54201.276689    16.495     0.074
        54424.457238    16.603     0.052
        54424.469872    16.601     0.048
        54424.482478    16.637     0.050
        54424.495236    16.599     0.048
        54424.508023    16.607     0.048
        54450.455774    16.631     0.043
        54450.468947    16.537     0.037
        54450.482100    16.576     0.035
        54450.495287    16.473     0.031
        54450.508446    16.372     0.030
        54454.398196    16.659     0.063
        54454.411362    16.708     0.059
        54454.424527    16.630     0.048
        54454.438059    16.676     0.044
        54454.451231    16.684     0.044
        54475.394264    16.886     0.087
        54475.407164    16.880     0.057
        54475.420160    16.886     0.063
        54475.433011    16.861     0.054
        54475.445844    16.914     0.050
        54495.460751    16.865     0.067
        54495.473391    16.864     0.067
        54495.485988    16.818     0.063
        54495.498599    16.764     0.063
        54495.511198    16.780     0.067
        54509.280749    16.534     0.041
        54509.292824    16.603     0.041
        54509.304824    16.638     0.039
        54509.317040    16.632     0.037
        54509.329040    16.645     0.039
        54524.386923    16.525     0.039
        54524.398757    16.423     0.037
        54524.410715    16.406     0.039
        54524.422397    16.433     0.041
        54524.434258    16.463     0.043
        54532.279967    16.809     0.044
        54532.291299    16.724     0.041
        54532.302547    16.565     0.035
        54532.314924    16.577     0.035
        54532.326185    16.546     0.033
        54538.303687    16.835     0.046
        54538.314800    16.865     0.046
        54538.325805    16.888     0.048
        54538.336899    16.862     0.048
        54538.348051    16.869     0.048
        54555.297529    16.763     0.039
        54555.309348    16.718     0.039
        54555.321291    16.829     0.043
        54555.333296    16.817     0.043
        54555.345149    16.803     0.044
        54559.181056    16.636     0.043
        54559.192619    16.589     0.041
        54559.204185    16.563     0.039
        54559.215889    16.483     0.037
        54559.227471    16.461     0.037
        54581.198196    16.512     0.046
        54581.208876    16.460     0.043
        54581.219538    16.454     0.043
        54581.230239    16.445     0.041
        54581.240935    16.403     0.041
        54586.237827    16.581     0.055
        54586.248162    16.703     0.061
        54586.258584    16.676     0.059
        54586.268914    16.682     0.061
        54586.279320    16.609     0.059
        54592.189565    16.527     0.083
        54592.199791    16.518     0.081
        54592.209573    16.451     0.084
        54592.219315    16.470     0.081
        54592.229266    16.518     0.084
        54594.206088    16.655     0.059
        54594.216422    16.632     0.057
        54594.226765    16.672     0.061
        54594.237100    16.693     0.065
        54594.247420    16.694     0.067
        54618.163153    16.762     0.061
        54618.173339    16.819     0.068
        54618.183563    16.791     0.065
        54618.193781    16.779     0.063
        54618.203965    16.834     0.067
