        52665.465693    15.051     0.020
        52665.479994    15.145     0.020
        52665.494288    15.212     0.020
        52665.508703    15.153     0.018
        52665.523025    15.071     0.017
        52677.461850    14.892     0.018
        52677.476131    14.880     0.018
        52677.490417    14.880     0.017
        52677.504741    14.890     0.017
        52677.519031    14.915     0.017
        52706.447272    14.974     0.016
        52706.462634    15.048     0.018
        52706.477019    15.130     0.018
        52706.492053    15.200     0.020
        52706.492411    15.208     0.018
        52724.418704    14.875     0.013
        52724.430463    14.859     0.013
        52724.442029    14.884     0.015
        52724.453584    14.900     0.015
        52724.465142    14.927     0.017
        52753.325603    14.829     0.013
        52753.337616    14.828     0.013
        52753.349642    14.857     0.013
        52753.361725    14.891     0.013
        52753.373768    14.926     0.015
        52772.276812    15.171     0.035
        52772.300334    15.197     0.039
        52787.271765    15.128     0.015
        52787.282404    15.049     0.015
        52787.293009    14.990     0.015
        52787.303732    14.963     0.015
        52787.314435    14.919     0.015
        52797.269376    15.084     0.020
        52797.279426    15.140     0.022
        52797.289448    15.190     0.022
        52797.299524    15.206     0.022
        52797.309582    15.189     0.020
        52811.228321    15.169     0.018
        52811.238179    15.188     0.020
        52811.247936    15.185     0.020
        52811.257720    15.138     0.018
        52826.223996    15.094     0.020
        52826.233940    15.000     0.017
        52826.243814    14.966     0.017
        52826.253770    14.912     0.017
        52826.263648    14.883     0.015
        52842.253417    14.920     0.020
        52847.179143    14.886     0.017
        52847.189217    14.862     0.017
        52847.199517    14.854     0.017
        52847.209992    14.842     0.017
        52904.107337    15.176     0.018
        52904.119431    15.095     0.018
        52904.131511    15.030     0.017
        52904.143517    14.973     0.017
        52904.155855    14.946     0.018
        53024.513127    14.887     0.018
        53034.467033    15.170     0.022
        53034.479350    15.161     0.020
        53034.491905    15.112     0.018
        53034.504299    15.006     0.017
        53034.516653    14.936     0.015
        53050.394725    14.933     0.035
        53050.406374    14.924     0.020
        53050.418111    14.971     0.017
        53050.429873    15.032     0.015
        53050.441517    15.112     0.017
        53078.409319    14.855     0.017
        53109.346988    14.918     0.013
        53109.357881    14.893     0.013
        53109.368859    14.885     0.013
        53109.379738    14.875     0.013
        53109.390975    14.863     0.013
        53137.295920    14.890     0.015
        53137.305400    14.911     0.015
        53137.314887    14.921     0.015
        53137.324421    14.970     0.015
        53137.333907    15.004     0.015
        53165.269107    15.070     0.017
        53165.279229    15.000     0.017
        53165.289338    14.962     0.017
        53165.299448    14.939     0.017
        53165.309608    14.908     0.017
        53242.139483    15.116     0.021
        53242.149577    15.060     0.021
        53242.159972    14.984     0.020
        53242.169935    14.946     0.020
        53264.110506    14.905     0.013
        53264.122046    14.870     0.013
        53264.133623    14.852     0.013
        53264.145066    14.860     0.015
        53264.156537    14.845     0.013
        53271.101955    14.900     0.018
        53271.114066    14.857     0.018
        53271.126173    14.864     0.018
        53271.138324    14.869     0.020
        53271.150430    14.889     0.022
        53439.387786    14.878     0.015
        53439.398892    14.853     0.015
        53439.410125    14.841     0.013
        53439.421204    14.832     0.013
        53439.432352    14.847     0.013
        53442.371081    15.087     0.017
        53442.381839    15.134     0.017
        53442.392644    15.133     0.017
        53442.403408    15.080     0.017
        53442.414369    15.025     0.015
        53500.304507    14.828     0.013
        53500.316494    14.878     0.013
        53500.326911    14.913     0.015
        53500.338418    14.945     0.015
        53500.351053    14.990     0.015
        53528.277492    15.204     0.022
        53528.288450    15.159     0.022
        53528.299660    15.096     0.020
        53528.310887    15.009     0.020
        53528.322061    14.963     0.018
        53539.225464    14.835     0.026
        53539.235072    14.844     0.026
        53539.244637    14.840     0.026
        53539.254210    14.859     0.026
        53539.263771    14.888     0.026
        53553.229945    14.930     0.018
        53553.240318    14.976     0.018
        53553.250737    15.027     0.018
        53553.271451    15.146     0.020
        53570.241518    14.837     0.033
        53576.218285    15.097     0.020
        53576.240607    15.162     0.026
        53576.252364    15.186     0.026
        53583.213591    15.161     0.018
        53583.224885    15.134     0.018
        53583.236219    15.048     0.018
        53583.247546    14.984     0.020
        53626.115067    14.890     0.020
        53626.126586    14.873     0.022
        53626.138077    14.842     0.022
        53626.149558    14.829     0.022
        53626.161073    14.872     0.022
        53786.456547    14.804     0.017
        53786.468756    14.800     0.017
        53786.480831    14.826     0.017
        53786.493088    14.867     0.017
        53786.505167    14.915     0.017
        53813.467191    14.894     0.022
        53813.478199    14.872     0.022
        53813.489210    14.835     0.022
        53823.356297    14.826     0.013
        53823.367288    14.829     0.013
        53823.378616    14.856     0.013
        53823.389798    14.893     0.013
        53823.402033    14.931     0.015
        53844.334024    15.030     0.024
        53844.344365    15.107     0.026
        53844.354721    15.146     0.028
        53844.365060    15.153     0.028
        53844.375393    15.132     0.026
        53853.300912    14.832     0.018
        53853.311321    14.853     0.018
        53853.321856    14.912     0.018
        53853.332274    14.963     0.018
        53853.342973    15.000     0.020
        53854.457501    14.882     0.020
        53883.278374    15.000     0.043
        53883.288700    15.030     0.043
        53883.299061    15.106     0.046
        53883.309380    15.117     0.046
        53887.280947    14.819     0.018
        53887.291927    14.803     0.018
        53887.302904    14.807     0.018
        53887.313945    14.816     0.018
        53887.325019    14.844     0.018
        53902.277340    14.801     0.020
        53902.287143    14.796     0.020
        53902.296983    14.805     0.021
        53902.306944    14.861     0.023
        53902.317742    14.838     0.023
        53931.223705    14.921     0.025
        53931.244081    15.031     0.030
        53971.139338    14.782     0.026
        53971.150472    14.788     0.023
        53971.161393    14.793     0.018
        53971.172017    14.803     0.018
        53971.182659    14.830     0.023
        54121.455919    14.930     0.022
        54121.468183    14.978     0.022
        54121.480857    15.082     0.020
        54121.493102    15.133     0.020
        54121.505338    15.177     0.020
        54155.467858    14.856     0.015
        54155.479723    14.900     0.015
        54155.491396    14.957     0.016
        54155.503241    15.032     0.016
        54155.514780    15.105     0.018
        54206.321051    14.958     0.016
        54206.330360    15.016     0.018
        54206.339769    15.102     0.018
        54206.349218    15.123     0.018
        54206.358565    15.168     0.020
        54529.384462    15.034     0.023
        54529.395971    15.101     0.025
        54529.407199    15.141     0.026
        54529.418566    15.195     0.026
        54529.430986    15.174     0.026
        54562.260941    15.054     0.033
        54562.274578    14.926     0.028
        54562.286592    14.900     0.028
        54562.298026    14.883     0.026
        54562.309403    14.851     0.025
        54574.340836    14.994     0.022
        54574.351660    14.954     0.020
        54574.362424    14.911     0.020
        54574.373176    14.874     0.018
        54574.383906    14.864     0.018
        54582.302539    15.212     0.020
        54582.313111    15.208     0.022
        54582.323675    15.158     0.022
        54582.334302    15.096     0.020
        54582.344875    15.006     0.020
        54613.257722    15.083     0.022
        54613.267816    15.089     0.018
        54613.278121    15.044     0.015
        54613.288146    14.969     0.013
        54613.298362    14.925     0.013
