        52722.416584    15.095     0.020
        52722.428595    15.099     0.020
        52722.440594    15.097     0.020
        52722.452595    15.117     0.021
        52722.464583    15.103     0.021
        52751.359976    15.434     0.028
        52751.370999    15.477     0.030
        52751.383238    15.477     0.030
        52751.393969    15.382     0.026
        52751.404674    15.369     0.028
        52800.269514    15.148     0.035
        52800.279590    15.200     0.035
        52800.289601    15.168     0.035
        52800.299591    15.124     0.031
        52800.309632    15.121     0.031
        52810.269772    15.304     0.022
        52812.274756    15.176     0.017
        52812.284669    15.211     0.018
        52812.294552    15.203     0.018
        52812.304381    15.277     0.018
        52812.314255    15.283     0.018
        52839.229451    15.131     0.020
        52839.239404    15.239     0.028
        52839.249316    15.088     0.022
        52918.092978    15.301     0.033
        52918.106583    15.301     0.035
        52918.119753    15.311     0.037
        52918.133269    15.363     0.043
        52918.146517    15.370     0.046
        53023.470770    15.251     0.017
        53023.483421    15.296     0.017
        53023.496322    15.289     0.015
        53023.509189    15.318     0.015
        53023.522199    15.340     0.015
        53035.516501    15.461     0.023
        53046.469013    15.320     0.024
        53046.482192    15.319     0.024
        53046.494124    15.348     0.024
        53046.506126    15.350     0.024
        53046.518058    15.394     0.024
        53107.352321    15.205     0.015
        53107.363336    15.182     0.015
        53107.374908    15.131     0.015
        53107.385980    15.128     0.015
        53107.397003    15.113     0.015
        53127.299639    15.391     0.033
        53127.309728    15.407     0.033
        53127.319841    15.427     0.033
        53127.330062    15.458     0.033
        53127.340139    15.439     0.033
        53136.291861    15.354     0.037
        53136.301145    15.429     0.020
        53136.310497    15.408     0.022
        53136.319931    15.446     0.022
        53136.329269    15.454     0.022
        53154.296091    15.330     0.024
        53154.304927    15.375     0.024
        53154.313700    15.381     0.024
        53154.322534    15.392     0.024
        53154.331302    15.411     0.026
        53164.271389    15.360     0.018
        53164.281533    15.320     0.018
        53164.291677    15.289     0.020
        53164.301893    15.268     0.022
        53164.312040    15.212     0.020
        53194.224327    15.272     0.028
        53194.234343    15.253     0.024
        53194.244364    15.175     0.024
        53194.254460    15.174     0.022
        53194.264476    15.167     0.022
        53422.419035    15.346     0.046
        53422.443504    15.410     0.041
        53422.455423    15.429     0.031
        53450.386990    15.439     0.030
        53450.397519    15.449     0.028
        53450.408046    15.444     0.028
        53450.418631    15.412     0.028
        53450.429161    15.404     0.026
        53475.323209    15.373     0.022
        53475.333028    15.376     0.022
        53475.342842    15.396     0.022
        53475.353206    15.388     0.022
        53475.364039    15.417     0.022
        53491.313674    15.347     0.022
        53491.323801    15.376     0.020
        53491.334637    15.421     0.022
        53491.344602    15.411     0.022
        53491.354625    15.430     0.022
        53520.286420    15.107     0.020
        53520.297027    15.082     0.018
        53520.307623    15.094     0.020
        53520.318218    15.098     0.018
        53537.269595    15.472     0.043
        53566.262984    15.133     0.022
        53566.273481    15.170     0.022
        53566.283992    15.221     0.022
        53566.294484    15.197     0.020
        53566.304972    15.236     0.020
        53605.144286    15.136     0.018
        53605.155323    15.101     0.018
        53605.166374    15.097     0.020
        53605.177379    15.140     0.024
        53605.188445    15.084     0.026
        53628.115457    15.100     0.028
        53628.127679    15.112     0.028
        53628.139896    15.106     0.030
        53628.152058    15.129     0.030
        53628.164178    15.106     0.031
        53757.453286    15.468     0.037
        53757.467677    15.439     0.033
        53757.480298    15.455     0.033
        53757.492937    15.457     0.033
        53757.506542    15.428     0.031
        53772.485211    15.151     0.020
        53772.497898    15.184     0.022
        53772.510770    15.250     0.020
        53772.523555    15.269     0.020
        53825.349219    15.164     0.038
        53825.360963    15.189     0.040
        53825.372214    15.194     0.030
        53825.383475    15.174     0.030
        53825.394707    15.218     0.028
        53856.322528    15.435     0.026
        53856.332373    15.391     0.025
        53856.342523    15.385     0.025
        53856.352682    15.343     0.023
        53856.362592    15.310     0.023
        53878.295528    15.217     0.025
        53878.306121    15.287     0.026
        53878.316695    15.281     0.026
        53878.327378    15.319     0.026
        53878.338217    15.302     0.026
        53892.266405    15.277     0.039
        53892.306235    15.364     0.057
        53904.265871    15.449     0.030
        53904.275830    15.424     0.028
        53904.285724    15.448     0.030
        53904.295599    15.411     0.028
        53904.305683    15.424     0.030
        53918.232395    15.509     0.071
        53918.252182    15.340     0.061
        53932.256072    15.227     0.033
        53932.266460    15.214     0.040
        53960.206634    15.067     0.030
        53960.216967    15.097     0.035
        53960.227214    15.044     0.030
        53960.237474    15.181     0.039
        53996.114113    15.432     0.025
        53996.125945    15.419     0.025
        53996.137773    15.415     0.025
        53996.150226    15.380     0.025
        53996.162244    15.354     0.026
        54124.460806    15.463     0.035
        54124.473444    15.433     0.033
        54124.486358    15.412     0.031
        54124.498836    15.360     0.030
        54124.511408    15.314     0.028
        54140.457642    15.499     0.035
        54140.470654    15.454     0.031
        54140.483558    15.434     0.031
        54140.496010    15.343     0.030
        54140.508213    15.334     0.035
        54198.344945    15.293     0.041
        54198.364242    15.174     0.039
        54210.311101    15.094     0.020
        54210.319783    15.088     0.020
        54210.328468    15.101     0.020
        54210.337143    15.136     0.020
        54210.345826    15.122     0.020
        54218.313744    15.439     0.033
        54218.322608    15.454     0.035
        54218.331245    15.467     0.033
        54218.340065    15.455     0.033
        54218.348650    15.448     0.033
        54537.381494    15.274     0.048
        54537.392449    15.260     0.031
        54537.403406    15.265     0.046
        54537.414622    15.262     0.038
        54537.425592    15.186     0.023
        54560.362426    15.211     0.028
        54560.373850    15.236     0.030
        54560.385233    15.223     0.028
        54560.396626    15.170     0.028
        54560.408241    15.159     0.026
        54569.347783    15.355     0.028
        54569.359268    15.298     0.026
        54569.370517    15.262     0.025
        54569.382072    15.198     0.025
        54569.393229    15.179     0.025
        54584.297605    15.161     0.028
        54584.307708    15.168     0.028
        54584.317871    15.216     0.028
        54584.328381    15.254     0.028
        54584.338519    15.261     0.030
