        52706.451687    16.039     0.043
        52706.481433    15.862     0.036
        52724.423252    15.813     0.031
        52724.434877    15.783     0.031
        52724.446448    15.817     0.031
        52724.458007    15.821     0.033
        52724.469563    15.825     0.033
        52753.377525    15.809     0.030
        52753.389577    15.798     0.030
        52753.401669    15.781     0.030
        52753.413697    15.832     0.031
        52753.425846    15.819     0.031
        52772.328735    15.848     0.087
        52772.363708    16.164     0.074
        52772.375544    16.168     0.074
        52787.274567    15.916     0.033
        52787.285241    15.875     0.031
        52787.295801    15.918     0.035
        52787.306599    15.844     0.031
        52787.317279    15.841     0.033
        52798.298179    15.685     0.059
        52811.281578    15.650     0.040
        52811.291676    15.714     0.043
        52811.301773    15.652     0.040
        52811.311736    15.730     0.045
        52842.246088    15.847     0.055
        52842.266488    15.818     0.041
        52847.213224    16.330     0.065
        52847.223684    16.217     0.054
        52847.233915    16.146     0.050
        52847.244385    16.070     0.044
        52917.101079    15.757     0.052
        52917.126837    15.800     0.057
        52917.140167    15.759     0.059
        52917.153794    15.778     0.065
        53109.350007    15.779     0.030
        53109.360904    15.812     0.030
        53109.371858    15.813     0.030
        53109.382796    15.793     0.030
        53109.394015    15.764     0.030
        53137.298689    15.846     0.033
        53137.308172    15.854     0.033
        53137.317661    15.802     0.031
        53137.327192    15.811     0.031
        53137.336677    15.808     0.030
        53165.271815    15.801     0.033
        53165.281938    15.798     0.033
        53165.292048    15.821     0.035
        53165.302154    15.827     0.037
        53165.312318    15.813     0.035
        53242.183594    15.901     0.046
        53242.193662    15.954     0.048
        53242.204058    16.031     0.053
        53242.214054    16.113     0.058
        53242.224072    16.218     0.064
        53264.116022    15.730     0.030
        53264.127458    15.741     0.030
        53264.138898    15.786     0.031
        53264.150339    15.799     0.031
        53264.161779    15.796     0.031
        53271.105683    15.741     0.039
        53271.117792    15.725     0.039
        53271.129948    15.737     0.041
        53271.142051    15.798     0.043
        53271.154160    15.800     0.046
        53439.391045    16.045     0.041
        53439.402153    15.924     0.037
        53439.413384    15.861     0.033
        53439.424467    15.817     0.031
        53439.435609    15.754     0.030
        53500.355065    15.753     0.030
        53500.365034    15.795     0.031
        53500.375093    15.764     0.030
        53500.385824    15.799     0.031
        53500.396753    15.778     0.031
        53501.370810    15.863     0.037
        53501.386649    15.853     0.037
        53501.402560    15.831     0.037
        53501.415049    15.812     0.035
        53501.426914    15.813     0.035
        53528.280421    15.900     0.043
        53528.291980    15.873     0.041
        53528.303214    15.879     0.043
        53528.314199    15.809     0.039
        53528.325166    15.852     0.041
        53539.266308    15.799     0.057
        53539.275959    15.789     0.057
        53539.285545    15.791     0.057
        53539.295315    15.800     0.057
        53539.304962    15.800     0.055
        53553.233237    15.912     0.043
        53553.243607    15.850     0.041
        53553.254028    15.836     0.039
        53553.264387    15.833     0.039
        53553.274748    15.787     0.037
        53570.244313    15.656     0.070
        53570.265721    15.647     0.072
        53576.221181    15.810     0.063
        53576.232447    15.783     0.043
        53576.243504    15.771     0.043
        53576.255252    15.715     0.043
        53583.216966    15.819     0.033
        53583.228264    15.783     0.033
        53583.239598    15.821     0.037
        53583.262264    15.867     0.067
        53626.118873    15.799     0.046
        53626.130394    15.775     0.046
        53626.141875    15.735     0.046
        53626.153382    15.661     0.044
        53626.164883    15.735     0.048
        53656.084879    15.716     0.054
        53656.107095    15.636     0.055
        53656.118132    15.857     0.063
        53656.129178    15.762     0.063
        53786.460016    15.829     0.044
        53786.472080    15.800     0.041
        53786.484155    15.821     0.043
        53786.496415    15.833     0.041
        53786.508491    15.851     0.043
        53882.270939    15.895     0.041
        53882.281730    15.854     0.040
        53882.292585    15.892     0.041
        53882.303207    15.849     0.038
        53882.313864    15.853     0.040
        53886.284328    15.922     0.050
        53886.295435    15.910     0.048
        53886.306449    15.871     0.046
        53886.317475    15.872     0.046
        53886.328541    15.832     0.043
        53903.271920    15.814     0.048
        53903.281787    15.776     0.048
        53903.291642    15.773     0.048
        53903.301519    15.799     0.050
        53903.311360    15.771     0.052
        53916.231750    15.730     0.078
        53916.241581    15.789     0.038
        53916.251404    15.776     0.038
        53916.261178    15.771     0.040
        53931.226617    15.731     0.051
        53931.236712    15.789     0.054
        53971.142535    16.173     0.096
        53971.153471    16.273     0.084
        53971.164400    16.344     0.074
        53971.175031    16.221     0.068
        53971.185702    16.265     0.094
        54008.127300    15.954     0.058
        54008.139668    16.060     0.068
        54008.152235    16.260     0.087
        54123.456328    15.786     0.041
        54123.468716    15.806     0.039
        54123.481140    15.822     0.039
        54123.493574    15.784     0.035
        54123.505939    15.808     0.033
        54156.430473    15.833     0.038
        54156.441575    15.805     0.036
        54156.452933    15.794     0.035
        54156.464366    15.807     0.035
        54156.475451    15.811     0.035
        54206.362044    15.792     0.036
        54206.371249    15.784     0.036
        54206.380547    15.806     0.036
        54206.389879    15.751     0.035
        54206.399319    15.832     0.036
        54529.438018    15.778     0.038
        54529.449277    15.833     0.038
        54529.460567    15.856     0.038
        54529.471907    15.954     0.041
        54529.483114    16.061     0.045
        54555.360197    15.971     0.054
        54555.372469    15.833     0.045
        54555.385514    15.908     0.048
        54555.397634    15.860     0.046
        54555.409620    15.905     0.048
        54562.328627    15.731     0.045
        54562.341395    15.743     0.045
        54562.364144    15.737     0.043
        54574.344400    15.784     0.046
        54574.355206    15.803     0.046
        54574.365970    15.760     0.043
        54574.376723    15.829     0.046
        54574.387443    15.817     0.044
        54582.343862    15.856     0.066
        54582.354226    15.910     0.069
        54582.364405    15.850     0.066
        54582.374594    15.851     0.066
        54582.386396    15.900     0.071
        54613.264564    15.845     0.049
        54613.274986    15.846     0.049
        54613.285489    15.849     0.048
        54613.295770    15.825     0.048
        54613.306103    15.884     0.049
