        52619.483021    16.205     0.066
        52640.386790    17.271     0.078
        52640.387172    16.186     0.045
        52640.402223    16.102     0.043
        52640.417240    16.115     0.045
        52640.433160    16.170     0.045
        52646.390305    16.240     0.041
        52646.405120    16.252     0.044
        52646.419590    16.224     0.043
        52646.434177    16.412     0.050
        52646.448681    16.488     0.055
        52647.445981    16.173     0.056
        52667.321454    17.270     0.083
        52667.321831    16.179     0.045
        52667.336147    17.289     0.087
        52667.336524    16.147     0.048
        52667.350827    17.241     0.084
        52667.351203    16.122     0.046
        52667.365499    17.283     0.087
        52667.365874    16.106     0.045
        52667.380605    16.115     0.048
        52672.325587    16.198     0.041
        52672.339527    16.206     0.039
        52672.353685    16.248     0.039
        52672.367604    16.233     0.039
        52672.381612    16.306     0.044
        52673.292782    17.250     0.086
        52673.293798    16.172     0.049
        52673.307729    17.288     0.087
        52673.309634    16.176     0.049
        52673.323522    17.313     0.084
        52673.324531    16.184     0.049
        52673.339956    17.478     0.106
        52673.340968    16.225     0.053
        52673.354964    17.388     0.092
        52673.355974    16.255     0.054
        52704.289610    16.402     0.051
        52704.302954    16.455     0.056
        52704.316056    16.369     0.053
        52704.329065    16.382     0.056
        52704.342017    16.243     0.049
        52705.241903    16.202     0.035
        52705.255894    16.210     0.033
        52705.269991    16.201     0.033
        52705.283053    16.208     0.033
        52705.296305    16.204     0.035
        52707.247785    16.227     0.037
        52707.261140    16.344     0.041
        52707.274324    16.453     0.044
        52707.287584    16.393     0.043
        52707.300864    16.297     0.039
        52725.304386    16.197     0.039
        52725.315949    16.198     0.044
        52725.327740    16.190     0.087
        52725.339540    16.274     0.109
        52725.351257    16.230     0.115
        52729.230655    16.167     0.035
        52729.242296    16.224     0.037
        52729.253762    16.213     0.037
        52729.265928    16.217     0.037
        52729.277422    16.188     0.037
        52734.251954    16.241     0.041
        52734.264310    16.232     0.041
        52734.276462    16.209     0.043
        52734.288708    16.193     0.083
        52734.300867    16.516     0.178
        52738.184167    16.241     0.046
        52738.195647    16.195     0.044
        52738.207123    16.211     0.044
        52738.218563    16.177     0.044
        52738.230035    16.212     0.044
        52755.196045    16.164     0.041
        52755.213454    16.233     0.044
        52755.226592    16.237     0.046
        52755.238615    16.227     0.046
        52755.250744    16.221     0.046
        52758.150119    16.196     0.046
        52758.162435    16.218     0.048
        52758.174535    16.207     0.046
        52758.186688    16.268     0.051
        52758.198741    16.206     0.046
        52965.468851    16.313     0.189
        52973.426719    16.191     0.048
        52973.438734    16.138     0.045
        52973.450890    16.168     0.046
        52973.463200    16.163     0.045
        52973.475130    16.170     0.043
        52994.458822    16.168     0.035
        52994.471329    16.192     0.028
        52994.483876    16.170     0.023
        52994.496418    16.166     0.023
        52994.509007    16.154     0.025
        52996.388194    16.204     0.028
        52996.400966    16.192     0.028
        52996.413793    16.233     0.028
        52996.426770    16.193     0.026
        52996.439546    16.204     0.026
        53025.341478    16.150     0.031
        53025.353838    16.137     0.026
        53028.373604    16.214     0.023
        53028.386492    16.239     0.023
        53028.398887    16.218     0.023
        53028.411066    16.209     0.023
        53028.423315    16.307     0.043
        53033.281320    16.261     0.048
        53033.293998    16.371     0.053
        53033.306528    16.438     0.054
        53033.319022    16.419     0.051
        53033.331473    16.348     0.046
        53053.291001    16.217     0.098
        53053.302784    16.482     0.076
        53053.316336    16.506     0.093
        53053.329651    16.339     0.067
        53053.341413    16.207     0.043
        53079.250971    16.403     0.041
        53079.261585    16.450     0.043
        53079.272275    16.444     0.041
        53079.283078    16.355     0.039
        53079.293813    16.241     0.035
        53081.223444    16.187     0.035
        53081.235246    16.171     0.033
        53081.246717    16.160     0.033
        53081.260149    16.178     0.035
        53081.271768    16.144     0.033
        53082.292055    16.180     0.026
        53082.303688    16.154     0.026
        53082.315406    16.151     0.026
        53082.327372    16.154     0.026
        53082.338863    16.138     0.026
        53084.291243    16.128     0.025
        53084.303051    16.148     0.025
        53084.314571    16.175     0.026
        53084.325856    16.185     0.026
        53084.337433    16.169     0.026
        53091.233423    16.207     0.031
        53091.253174    16.152     0.030
        53091.265797    16.121     0.026
        53091.275538    16.130     0.028
        53110.187252    16.191     0.044
        53110.197943    16.152     0.043
        53110.208629    16.145     0.043
        53110.219317    16.141     0.043
        53110.230117    16.171     0.044
        53115.247721    16.236     0.036
        53115.258580    16.186     0.036
        53115.269387    16.179     0.036
        53115.280187    16.162     0.036
        53115.291422    16.179     0.036
        53138.155135    16.202     0.043
        53138.164974    16.244     0.044
        53138.174837    16.209     0.043
        53138.184661    16.304     0.046
        53138.194462    16.404     0.048
        53141.174181    16.368     0.046
        53141.183642    16.350     0.046
        53141.192674    16.344     0.045
        53141.201660    16.278     0.045
        53141.210954    16.198     0.043
        53346.385445    16.372     0.058
        53346.397700    16.197     0.053
        53346.410345    16.194     0.051
        53346.422816    16.195     0.049
        53346.435031    16.196     0.048
        53347.472432    16.320     0.043
        53347.488423    16.259     0.041
        53347.504620    16.285     0.041
        53347.521604    16.254     0.039
        53351.425092    16.211     0.058
        53351.439355    16.174     0.051
        53351.453796    16.211     0.056
        53351.468719    16.230     0.056
        53351.483446    16.349     0.066
        53353.396495    16.467     0.055
        53353.409426    16.371     0.054
        53353.422371    16.229     0.046
        53353.435298    16.253     0.048
        53353.448289    16.163     0.043
        53376.418808    16.152     0.035
        53376.432694    16.155     0.035
        53376.446253    16.106     0.033
        53376.459957    16.109     0.033
        53376.473553    16.143     0.035
        53383.349407    16.145     0.035
        53383.363559    16.202     0.039
        53383.376640    16.259     0.041
        53383.390293    16.394     0.046
        53383.404679    16.414     0.048
        53403.358475    16.153     0.038
        53403.371518    16.187     0.040
        53403.385136    16.304     0.046
        53403.399279    16.410     0.053
        53403.412838    16.408     0.054
        53440.234471    16.120     0.035
        53440.246220    16.139     0.037
        53440.257834    16.138     0.035
        53440.273023    16.133     0.035
        53440.285736    16.121     0.037
        53464.243079    16.413     0.046
        53464.253514    16.317     0.043
        53464.264340    16.224     0.041
        53464.274923    16.225     0.052
        53464.285364    16.226     0.050
        53468.228843    16.228     0.109
        53468.238683    16.205     0.078
        53468.250171    16.196     0.133
        53468.259749    16.258     0.107
        53468.269346    16.339     0.198
        53503.182379    16.306     0.055
        53503.191190    16.252     0.054
        53503.200035    16.198     0.052
        53503.209791    16.200     0.052
        53503.220187    16.218     0.055
        53674.470103    16.175     0.057
        53674.482373    16.185     0.054
        53674.494532    16.241     0.054
        53704.453612    16.131     0.039
        53704.466118    16.161     0.039
        53704.478633    16.211     0.041
        53704.491344    16.212     0.041
        53704.503926    16.198     0.041
        53707.454362    16.158     0.050
        53707.467093    16.190     0.048
        53707.479680    16.177     0.061
        53707.492316    16.158     0.037
        53707.504915    16.162     0.035
        53734.411810    16.152     0.039
        53734.424756    16.182     0.039
        53734.437710    16.192     0.039
        53734.450938    16.146     0.039
        53734.464046    16.191     0.041
        53737.407992    16.207     0.035
        53737.421406    16.135     0.033
        53737.434842    16.174     0.035
        53737.448172    16.093     0.122
        53737.461495    16.206     0.035
        53747.347013    16.190     0.109
        53747.359923    16.150     0.098
        53747.372750    16.226     0.098
        53747.399282    16.240     0.096
        53758.344366    16.398     0.041
        53758.356874    16.473     0.048
        53758.369394    16.390     0.046
        53758.382126    16.302     0.044
        53758.394758    16.212     0.043
        53787.456129    16.153     0.052
        53787.467987    16.222     0.057
        53789.342315    16.192     0.115
        53789.354183    16.184     0.152
        53789.366056    16.267     0.179
        53789.377931    16.188     0.050
        53789.389800    16.199     0.043
        53790.290113    16.263     0.043
        53790.302024    16.195     0.045
        53790.313989    16.180     0.041
        53790.326015    16.192     0.041
        53790.337928    16.155     0.038
        53792.340277    16.154     0.039
        53792.352058    16.191     0.061
        53792.363838    16.154     0.054
        53792.375617    16.214     0.054
        53792.387396    16.189     0.054
        53799.281557    16.186     0.035
        53799.293545    16.163     0.033
        53799.305445    16.182     0.033
        53799.317291    16.178     0.035
        53799.329067    16.160     0.035
        53802.284823    16.224     0.055
        53802.296199    16.178     0.054
        53802.307624    16.167     0.061
        53802.319019    16.203     0.054
        53802.330418    16.335     0.126
        53818.232204    16.176     0.041
        53818.243331    16.174     0.040
        53818.254431    16.151     0.040
        53818.265749    16.225     0.045
        53818.276819    16.180     0.043
        53821.290577    16.213     0.046
        53821.305999    16.167     0.057
        53821.333636    16.427     0.128
        53821.349523    16.492     0.080
        53824.290994    16.206     0.065
        53824.319090    16.323     0.083
        53824.337081    16.441     0.100
        53824.351633    16.421     0.216
        53828.287045    16.178     0.120
        53828.299247    16.140     0.050
        53828.313984    16.151     0.044
        53828.330533    16.188     0.052
        53828.344025    16.174     0.065
        53831.214204    16.188     0.085
        53845.186717    16.280     0.054
        53845.197811    16.227     0.053
        53845.208976    16.191     0.051
        53845.220048    16.253     0.056
        53845.231133    16.235     0.058
        53846.240237    16.347     0.072
        53846.251051    16.242     0.065
        53846.261859    16.183     0.063
        53846.272664    16.216     0.065
        53846.283485    16.190     0.068
        53851.188358    16.218     0.058
        53851.198581    16.196     0.058
        53851.208858    16.172     0.054
        53851.219157    16.157     0.056
        53851.229498    16.122     0.056
        53851.237488    16.199     0.054
        53851.249425    16.178     0.055
        53851.259841    16.195     0.057
        53851.270965    16.155     0.059
        53851.280786    16.164     0.065
        53854.215061    16.201     0.052
        53854.225930    16.181     0.054
        53854.239299    16.161     0.057
        53854.250408    16.240     0.063
        53857.234488    16.207     0.118
        53879.154608    16.187     0.046
        53879.165496    16.120     0.043
        53879.176274    16.158     0.046
        53879.187008    16.314     0.054
        53879.198049    16.360     0.061
        53880.152624    16.156     0.065
        53880.163746    16.179     0.067
        53880.174906    16.173     0.068
        53880.186114    16.183     0.068
        53880.197293    16.178     0.070
        54056.431179    16.185     0.044
        54056.443438    16.182     0.043
        54056.455692    16.193     0.041
        54056.468125    16.184     0.041
        54056.480380    16.147     0.039
        54059.438145    16.188     0.044
        54059.445531    16.151     0.049
        54059.450646    16.162     0.041
        54059.462966    16.239     0.043
        54059.469060    16.236     0.053
        54059.476067    16.217     0.039
        54059.482828    16.153     0.045
        54059.488722    16.173     0.037
        54059.495387    16.233     0.048
        54059.508130    16.343     0.051
        54064.446547    16.181     0.037
        54064.459407    16.140     0.035
        54064.472270    16.132     0.035
        54064.485144    16.156     0.035
        54064.498013    16.159     0.033
        54082.387886    16.066     0.089
        54082.449569    16.194     0.048
        54082.462350    16.187     0.046
        54082.475138    16.221     0.048
        54082.487933    16.308     0.052
        54082.500736    16.433     0.055
        54085.462730    16.350     0.041
        54085.475688    16.468     0.043
        54085.488652    16.357     0.035
        54085.501620    16.219     0.033
        54085.514582    16.135     0.031
        54112.391405    16.233     0.056
        54112.403970    16.170     0.053
        54112.416469    16.202     0.054
        54112.429021    16.169     0.056
        54152.283643    16.214     0.026
        54152.295550    16.197     0.026
        54152.307438    16.188     0.026
        54152.319340    16.193     0.028
        54152.331248    16.182     0.028
        54153.277627    16.203     0.030
        54153.289120    16.205     0.030
        54153.300616    16.289     0.031
        54153.312164    16.409     0.035
        54153.323706    16.482     0.039
        54173.218027    16.144     0.040
        54173.228694    16.176     0.040
        54173.239632    16.172     0.041
        54173.250399    16.186     0.041
        54173.261291    16.168     0.040
        54174.268777    16.162     0.033
        54174.279488    16.172     0.035
        54174.290184    16.209     0.041
        54174.300894    16.182     0.055
        54174.311609    16.272     0.059
        54177.285096    16.317     0.135
        54177.331864    16.331     0.094
        54180.284820    16.200     0.033
        54180.295591    16.215     0.033
        54180.306682    16.207     0.035
        54180.317295    16.178     0.033
        54180.327989    16.190     0.035
        54185.224584    16.475     0.087
        54185.234760    16.434     0.086
        54185.244978    16.425     0.086
        54185.255177    16.223     0.073
        54185.265604    16.214     0.071
        54201.233315    16.185     0.061
        54201.242647    16.163     0.058
        54201.251898    16.199     0.059
        54201.261161    16.169     0.059
        54201.270389    16.171     0.061
        54205.224295    16.424     0.046
        54205.233476    16.489     0.050
        54205.242748    16.432     0.048
        54205.251933    16.333     0.044
        54205.261162    16.229     0.041
        54208.219819    16.450     0.050
        54208.228842    16.348     0.048
        54208.237906    16.269     0.043
        54208.246991    16.247     0.041
        54208.256062    16.200     0.041
        54212.227038    16.228     0.046
        54212.236066    16.253     0.044
        54212.245083    16.361     0.050
        54212.254241    16.340     0.052
        54212.263393    16.455     0.057
        54418.446913    16.209     0.031
        54418.459420    16.253     0.031
        54418.471919    16.249     0.031
        54418.484419    16.249     0.031
        54418.496927    16.225     0.030
        54438.450952    16.242     0.030
        54438.464193    16.212     0.028
        54438.477537    16.213     0.030
        54438.490995    16.250     0.030
        54438.504232    16.242     0.030
        54478.455287    16.198     0.111
        54478.467408    16.195     0.069
        54478.479824    16.217     0.073
        54478.492133    16.385     0.094
        54478.504262    16.193     0.079
        54481.276931    16.249     0.046
        54481.289847    16.160     0.041
        54481.302775    16.191     0.039
        54481.315702    16.215     0.037
        54481.328805    16.152     0.031
        54506.329614    16.164     0.026
        54506.341721    16.181     0.028
        54506.353827    16.187     0.028
        54506.365923    16.270     0.030
        54506.378048    16.397     0.035
        54522.338562    16.500     0.046
        54522.350548    16.438     0.044
        54522.362599    16.312     0.041
        54522.374368    16.222     0.039
        54522.386288    16.252     0.041
        54529.274272    16.201     0.024
        54529.285705    16.205     0.026
        54529.297333    16.238     0.026
        54529.309134    16.215     0.026
        54529.320505    16.202     0.026
        54535.275107    16.230     0.024
        54535.286181    16.267     0.026
        54535.297261    16.358     0.028
        54535.308351    16.466     0.030
        54535.319429    16.498     0.031
        54535.338082    16.331     0.046
        54535.349133    16.237     0.043
        54535.361158    16.262     0.043
        54535.372438    16.182     0.041
        54535.383450    16.197     0.043
        54553.297218    16.214     0.048
        54553.309110    16.136     0.041
        54553.321005    16.186     0.035
        54553.333048    16.188     0.035
        54553.344966    16.204     0.039
        54558.124323    16.209     0.033
        54558.135974    16.177     0.031
        54558.147536    16.154     0.030
        54558.159101    16.181     0.030
        54558.170737    16.219     0.031
        54562.244098    16.192     0.024
        54562.255807    16.190     0.024
        54562.267459    16.182     0.024
        54562.279229    16.203     0.026
        54562.290928    16.215     0.026
        54580.196664    16.923     0.114
        54580.206914    16.596     0.084
        54580.217144    16.497     0.078
        54580.228019    16.382     0.074
        54580.239012    16.278     0.073
        54584.199605    16.207     0.035
        54584.210490    16.212     0.035
        54584.221382    16.275     0.039
        54584.232278    16.349     0.043
        54584.243198    16.470     0.048
        54591.147702    16.149     0.074
        54591.157462    16.153     0.074
        54591.167217    16.111     0.074
        54591.176968    16.200     0.079
        54591.186590    16.111     0.074
        54591.195730    16.173     0.037
        54591.206133    16.211     0.041
        54591.216412    16.182     0.041
        54591.226689    16.222     0.046
        54591.236962    16.230     0.048
        54611.157224    16.128     0.069
        54611.165432    16.195     0.073
        54611.173731    16.222     0.078
        54611.181968    16.234     0.078
        54611.190176    16.227     0.073
