        52641.450487    16.451     0.048
        52641.465517    16.545     0.055
        52641.480795    16.532     0.055
        52641.496007    16.620     0.061
        52641.511196    16.684     0.063
        52642.353013    16.594     0.054
        52642.367224    16.646     0.052
        52642.381525    16.692     0.055
        52642.395765    16.744     0.059
        52642.410085    16.785     0.059
        52646.391043    16.760     0.080
        52646.405860    16.812     0.083
        52646.420329    16.781     0.078
        52646.434962    16.698     0.076
        52646.449414    16.661     0.074
        52647.448540    16.446     0.066
        52647.463290    16.522     0.068
        52647.477829    16.605     0.074
        52647.492604    16.593     0.074
        52667.391438    16.519     0.054
        52667.406668    16.552     0.057
        52667.422150    16.580     0.059
        52667.437459    16.686     0.072
        52667.452821    16.716     0.074
        52672.385479    16.491     0.072
        52672.400245    16.358     0.050
        52672.414265    16.356     0.050
        52672.428720    16.366     0.068
        52672.442604    16.374     0.059
        52705.241179    16.404     0.048
        52705.243847    16.465     0.048
        52705.254140    16.483     0.053
        52705.258806    16.478     0.048
        52705.267181    16.550     0.054
        52705.271836    16.518     0.048
        52705.280149    16.528     0.054
        52705.284927    16.588     0.052
        52705.293116    16.541     0.056
        52705.299892    16.661     0.057
        52707.246339    16.460     0.056
        52707.259524    16.466     0.056
        52707.272596    16.483     0.056
        52707.285822    16.511     0.058
        52707.299103    16.626     0.063
        52708.236105    16.820     0.076
        52708.250153    16.718     0.067
        52708.263551    16.552     0.055
        52708.276789    16.432     0.050
        52708.290158    16.392     0.046
        52729.232340    16.674     0.059
        52729.243906    16.720     0.061
        52729.255373    16.733     0.061
        52729.267539    16.733     0.063
        52729.279026    16.746     0.067
        52734.253626    16.355     0.048
        52734.265981    16.385     0.052
        52734.278139    16.184     0.154
        52737.191942    16.608     0.070
        52737.203843    16.586     0.067
        52737.215696    16.721     0.074
        52737.227349    16.772     0.078
        52737.239374    16.750     0.076
        52756.195113    16.413     0.061
        52756.207662    16.396     0.059
        52756.219767    16.434     0.066
        52756.231947    16.447     0.069
        52756.244191    16.414     0.069
        52760.151279    16.294     0.053
        52760.163325    16.299     0.051
        52760.175353    16.326     0.054
        52760.187389    16.318     0.054
        52760.199467    16.400     0.056
        52765.186120    16.728     0.087
        52765.198630    16.640     0.078
        52965.483060    16.305     0.216
        52972.446241    16.628     0.054
        52972.459067    16.632     0.052
        52972.471996    16.792     0.059
        52972.484770    16.695     0.055
        52972.497580    16.665     0.054
        52995.387559    16.392     0.035
        52995.400265    16.342     0.031
        52995.412663    16.355     0.031
        52995.425060    16.340     0.033
        52995.437993    16.396     0.033
        52997.430378    16.110     0.109
        53027.403369    16.662     0.036
        53027.416343    16.714     0.038
        53027.429289    16.711     0.041
        53027.441995    16.713     0.041
        53027.454773    16.768     0.041
        53033.331510    16.404     0.050
        53033.343764    16.460     0.054
        53033.355922    16.530     0.055
        53033.368057    16.533     0.055
        53054.303777    16.545     0.046
        53054.318598    16.384     0.039
        53054.333950    16.378     0.039
        53054.347084    16.406     0.039
        53054.359639    16.384     0.041
        53058.293023    16.480     0.031
        53058.306042    16.399     0.031
        53058.318168    16.400     0.030
        53058.330470    16.384     0.028
        53058.342763    16.371     0.028
        53061.290065    16.640     0.038
        53061.302085    16.653     0.038
        53061.314134    16.713     0.041
        53061.326265    16.730     0.041
        53061.338181    16.714     0.040
        53080.226027    16.415     0.046
        53080.236953    16.381     0.044
        53080.249129    16.382     0.044
        53080.263337    16.380     0.044
        53080.274740    16.346     0.043
        53083.293944    16.843     0.053
        53083.305241    16.733     0.058
        53083.316567    16.710     0.046
        53083.327831    16.697     0.058
        53083.338975    16.639     0.048
        53085.335505    16.590     0.045
        53085.347738    16.554     0.048
        53085.361167    16.366     0.049
        53085.372331    16.254     0.109
        53085.383545    16.281     0.078
        53111.186184    16.769     0.083
        53111.196959    16.673     0.076
        53111.207710    16.730     0.080
        53111.218451    16.815     0.089
        53111.229222    16.713     0.081
        53114.247078    16.500     0.045
        53114.258079    16.476     0.043
        53114.270578    16.569     0.046
        53114.281419    16.568     0.048
        53114.292445    16.686     0.054
        53116.251648    16.631     0.145
        53116.262360    16.640     0.129
        53116.273479    16.851     0.172
        53116.284294    16.826     0.150
        53116.295020    16.748     0.109
        53139.155843    16.722     0.076
        53139.165524    16.638     0.072
        53139.175122    16.553     0.065
        53139.184642    16.439     0.061
        53139.194140    16.428     0.059
        53142.205622    16.645     0.096
        53142.215026    16.673     0.056
        53142.224802    16.688     0.064
        53144.172545    16.638     0.068
        53144.181933    16.660     0.078
        53144.191325    16.723     0.104
        53144.210682    16.650     0.124
        53327.439970    16.478     0.084
        53346.394133    16.614     0.087
        53346.406575    16.659     0.085
        53346.421272    16.731     0.089
        53346.434508    16.779     0.091
        53346.446627    16.720     0.091
        53347.487228    16.525     0.071
        53347.501156    16.528     0.063
        53347.515069    16.591     0.078
        53353.420643    16.325     0.063
        53353.434798    16.379     0.063
        53353.448870    16.415     0.066
        53353.463075    16.452     0.071
        53353.477125    16.538     0.073
        53383.351216    16.433     0.052
        53383.365368    16.425     0.052
        53383.378450    16.503     0.059
        53383.392103    16.586     0.059
        53383.406489    16.604     0.065
        53403.359621    16.628     0.064
        53403.372648    16.656     0.066
        53403.386265    16.683     0.071
        53403.400406    16.701     0.078
        53403.413966    16.737     0.083
        53440.370553    16.549     0.063
        53440.381561    16.650     0.072
        53440.393706    16.671     0.076
        53440.404197    16.731     0.085
        53440.415814    16.754     0.094
        53466.266105    16.528     0.065
        53466.275962    16.561     0.067
        53466.285625    16.658     0.074
        53466.296699    16.636     0.072
        53466.306533    16.692     0.078
        53496.151350    16.450     0.068
        53496.161314    16.520     0.074
        53496.171360    16.503     0.074
        53496.181319    16.583     0.080
        53496.191278    16.631     0.087
        53704.454678    16.758     0.076
        53704.467184    16.705     0.070
        53704.479702    16.733     0.074
        53704.492410    16.592     0.065
        53704.505130    16.463     0.057
        53707.455440    16.357     0.050
        53707.468169    16.392     0.091
        53707.480759    16.400     0.091
        53707.493394    16.450     0.055
        53707.506082    16.493     0.057
        53710.449223    16.683     0.085
        53710.462517    16.565     0.076
        53710.475148    16.672     0.081
        53710.487804    16.607     0.080
        53710.500384    16.446     0.068
        53734.466395    16.359     0.048
        53734.479481    16.315     0.048
        53734.492829    16.354     0.050
        53734.505953    16.390     0.052
        53734.519045    16.448     0.054
        53746.397076    16.374     0.080
        53746.409534    16.290     0.072
        53746.422069    16.347     0.076
        53746.434743    16.317     0.074
        53746.447231    16.269     0.070
        53758.346199    16.391     0.044
        53758.358707    16.321     0.048
        53758.371228    16.345     0.050
        53758.383960    16.338     0.050
        53758.396645    16.346     0.054
        53787.459064    16.292     0.061
        53787.470946    16.352     0.070
        53789.343366    16.261     0.150
        53789.378989    16.470     0.057
        53789.390855    16.391     0.052
        53791.297718    16.783     0.064
        53791.309880    16.718     0.061
        53791.322045    16.705     0.061
        53791.334181    16.684     0.059
        53791.346130    16.765     0.064
        53792.341310    16.421     0.054
        53792.353091    16.484     0.078
        53792.364873    16.419     0.070
        53792.376653    16.603     0.085
        53792.388426    16.578     0.085
        53802.286589    16.330     0.063
        53802.297968    16.452     0.072
        53802.309400    16.458     0.117
        53802.320790    16.486     0.072
        53802.332190    16.685     0.163
        53815.234739    16.635     0.091
        53815.246178    16.722     0.135
        53815.257517    16.659     0.094
        53815.269013    16.585     0.085
        53815.280375    16.627     0.091
        53817.211718    16.647     0.056
        53817.223575    16.728     0.059
        53817.235049    16.659     0.058
        53817.246460    16.597     0.054
        53817.258018    16.647     0.056
        53819.225284    16.665     0.076
        53819.236026    16.683     0.074
        53819.246777    16.725     0.076
        53819.257534    16.648     0.070
        53819.268501    16.578     0.063
        53821.292211    16.318     0.055
        53821.309044    16.351     0.081
        53821.337457    16.290     0.065
        53821.351770    16.239     0.065
        53824.292832    16.594     0.096
        53824.305936    16.629     0.324
        53824.320124    16.649     0.105
        53824.338112    16.623     0.093
        53824.352663    16.786     0.281
        53828.288667    16.720     0.109
        53828.300886    16.652     0.093
        53828.316307    16.683     0.072
        53828.332664    16.590     0.091
        53828.346110    16.602     0.093
        53831.226783    16.684     0.098
        53831.236895    16.678     0.100
        53831.247290    16.494     0.085
        53831.257518    16.479     0.085
        53831.267612    16.336     0.074
        53846.186074    16.497     0.056
        53846.196837    16.577     0.063
        53846.207658    16.500     0.059
        53846.218377    16.556     0.061
        53846.229009    16.586     0.063
        53846.241735    16.721     0.107
        53846.252546    16.719     0.109
        53846.263354    16.662     0.104
        53846.274156    16.699     0.111
        53846.284975    16.707     0.117
        53850.191288    16.513     0.074
        53850.201683    16.643     0.084
        53850.212167    16.631     0.084
        53850.222668    16.540     0.083
        53850.233248    16.689     0.096
        53851.238519    16.268     0.061
        53851.250386    16.316     0.065
        53851.260493    16.312     0.068
        53851.271610    16.410     0.081
        53851.281439    16.469     0.091
        53854.253427    16.697     0.105
        53857.224440    16.255     0.094
        54056.433007    16.673     0.080
        54056.445260    16.669     0.076
        54056.457517    16.655     0.072
        54056.469949    16.637     0.068
        54056.482203    16.721     0.074
        54059.439201    16.355     0.055
        54059.451706    16.333     0.052
        54059.464031    16.361     0.052
        54059.477210    16.403     0.050
        54059.489781    16.485     0.054
        54060.440833    16.674     0.094
        54060.456574    16.574     0.084
        54060.469411    16.624     0.086
        54060.484205    16.717     0.091
        54060.496996    16.726     0.092
        54064.447652    16.701     0.070
        54064.460512    16.788     0.074
        54064.473374    16.667     0.065
        54064.486247    16.625     0.061
        54064.499118    16.620     0.057
        54082.450679    16.452     0.078
        54082.463460    16.310     0.065
        54082.476250    16.360     0.068
        54082.489045    16.385     0.063
        54082.501846    16.363     0.055
        54085.463900    16.614     0.059
        54085.476856    16.717     0.061
        54085.489822    16.648     0.055
        54085.502787    16.639     0.055
        54085.515754    16.715     0.061
        54091.351830    16.310     0.069
        54091.365011    16.460     0.076
        54091.377646    16.391     0.069
        54091.389550    16.510     0.078
        54091.401671    16.515     0.078
        54153.325304    16.709     0.054
        54153.336996    16.619     0.054
        54153.348564    16.592     0.063
        54153.360134    16.442     0.050
        54153.371700    16.408     0.081
        54155.296173    16.719     0.070
        54155.307800    16.762     0.070
        54155.319503    16.692     0.065
        54155.331349    16.627     0.059
        54155.343641    16.604     0.054
        54156.268923    16.416     0.050
        54156.280451    16.422     0.048
        54156.291983    16.407     0.048
        54156.303531    16.427     0.050
        54156.315082    16.488     0.052
        54174.221110    16.328     0.056
        54174.231862    16.318     0.049
        54174.242699    16.394     0.053
        54174.253625    16.421     0.053
        54174.264463    16.371     0.053
        54174.270488    16.447     0.044
        54174.281194    16.500     0.050
        54174.291901    16.516     0.057
        54174.302600    16.475     0.083
        54174.313323    16.678     0.137
        54180.231632    16.365     0.084
        54180.242222    16.421     0.071
        54180.252754    16.445     0.056
        54180.263167    16.434     0.054
        54180.273480    16.483     0.053
        54180.286533    16.528     0.044
        54180.297531    16.617     0.048
        54180.308483    16.620     0.048
        54180.319049    16.679     0.052
        54180.329803    16.694     0.054
        54200.215093    16.446     0.068
        54200.224598    16.570     0.079
        54205.225240    16.276     0.044
        54205.234423    16.335     0.046
        54205.243706    16.315     0.046
        54205.252889    16.255     0.044
        54205.262125    16.364     0.048
        54208.220739    16.590     0.059
        54208.229761    16.694     0.063
        54208.238846    16.573     0.061
        54208.247927    16.621     0.055
        54208.256996    16.717     0.065
        54212.228743    16.692     0.076
        54212.237752    16.743     0.078
        54212.246779    16.754     0.078
        54212.255934    16.650     0.078
        54212.265097    16.730     0.083
        54416.442736    16.785     0.072
        54416.455141    16.735     0.067
        54416.467452    16.779     0.068
        54416.479776    16.760     0.067
        54416.492124    16.794     0.067
        54481.278715    16.438     0.070
        54481.291633    16.568     0.070
        54481.304565    16.592     0.068
        54481.317486    16.497     0.057
        54481.330588    16.587     0.055
        54497.340696    16.775     0.059
        54497.353235    16.738     0.046
        54497.365785    16.745     0.059
        54497.378343    16.710     0.065
        54497.390868    16.674     0.067
        54498.331661    16.391     0.033
        54498.344190    16.422     0.035
        54498.356742    16.461     0.037
        54498.369390    16.480     0.037
        54498.381913    16.531     0.041
        54505.341795    16.712     0.041
        54505.354061    16.760     0.043
        54505.366368    16.653     0.039
        54505.378639    16.533     0.033
        54505.391175    16.448     0.031
        54507.396276    16.364     0.051
        54507.410035    16.437     0.053
        54507.421888    16.398     0.053
        54507.433867    16.333     0.051
        54507.445805    16.407     0.056
        54521.399028    16.382     0.059
        54521.410773    16.233     0.068
        54521.422530    16.286     0.061
        54521.434290    16.288     0.072
        54521.446048    16.297     0.076
        54526.332844    16.661     0.043
        54526.344296    16.657     0.044
        54526.355730    16.715     0.046
        54526.367164    16.735     0.048
        54526.378596    16.751     0.050
        54534.290598    16.556     0.035
        54534.301547    16.577     0.033
        54534.312478    16.672     0.037
        54534.323383    16.664     0.035
        54534.337136    16.717     0.064
        54534.348285    16.715     0.064
        54534.359615    16.696     0.063
        54534.370705    16.748     0.066
        54534.381657    16.862     0.089
        54535.214248    16.707     0.046
        54535.216621    16.759     0.069
        54535.225535    16.653     0.043
        54535.227830    16.636     0.063
        54535.236633    16.714     0.044
        54535.239470    16.630     0.059
        54535.247949    16.645     0.041
        54535.250555    16.645     0.061
        54535.259346    16.605     0.039
        54535.261752    16.670     0.061
        54540.169229    16.329     0.046
        54540.180116    16.304     0.044
        54540.191225    16.320     0.044
        54540.202113    16.353     0.044
        54540.213102    16.358     0.043
        54552.303623    16.828     0.063
        54552.315700    16.886     0.072
        54552.327949    16.830     0.070
        54552.340046    16.841     0.074
        54552.352248    16.768     0.072
        54568.192622    16.561     0.081
        54568.203435    16.462     0.078
        54568.214187    16.461     0.074
        54568.225606    16.600     0.087
        54568.236721    16.701     0.102
        54580.191020    16.717     0.063
        54580.201642    16.677     0.061
        54580.212256    16.642     0.059
        54580.222866    16.705     0.068
        54580.233543    16.614     0.070
        54583.266516    16.408     0.078
        54583.277136    16.212     0.096
        54583.287758    16.548     0.089
        54590.203091    16.730     0.068
        54590.213406    16.709     0.067
        54590.223751    16.712     0.070
        54590.234134    16.795     0.070
        54590.244564    16.612     0.063
        54611.157493    16.454     0.048
        54611.167973    16.479     0.050
        54611.177811    16.481     0.050
        54611.187771    16.427     0.050
        54611.197679    16.481     0.054
