        52620.443565    16.447     0.063
        52620.458504    16.518     0.064
        52620.473146    16.632     0.076
        52620.487709    16.655     0.091
        52620.502397    16.735     0.129
        52623.450323    17.020     0.126
        52623.465990    17.012     0.128
        52623.481834    17.109     0.185
        52623.497618    17.172     0.148
        52623.513623    17.234     0.154
        52637.407098    15.937     0.302
        52650.359734    16.670     0.067
        52650.374033    16.760     0.067
        52650.388124    16.629     0.057
        52650.402297    16.713     0.059
        52650.416323    16.705     0.063
        52652.384599    17.039     0.093
        52652.399770    17.143     0.098
        52652.415098    16.725     0.059
        52652.430382    16.434     0.046
        52652.445546    16.259     0.039
        52664.348923    16.558     0.057
        52664.364200    16.610     0.076
        52664.379424    16.586     0.120
        52681.283725    16.580     0.098
        52681.300934    16.728     0.104
        52681.319518    16.735     0.078
        52681.337856    16.758     0.068
        52695.313297    16.554     0.058
        52695.327095    16.669     0.063
        52695.340878    16.639     0.084
        52695.354650    16.720     0.089
        52695.368629    16.798     0.300
        52712.289076    16.768     0.116
        52712.302374    16.991     0.147
        52722.243768    16.337     0.048
        52722.255895    16.453     0.049
        52722.268364    16.514     0.053
        52722.280682    16.408     0.048
        52722.292830    16.491     0.049
        52723.224997    17.192     0.289
        52723.247886    16.786     0.207
        52723.259254    16.948     0.068
        52723.270778    16.695     0.063
        52724.233749    16.985     0.072
        52724.245356    17.017     0.072
        52724.256952    17.014     0.070
        52724.268584    17.024     0.070
        52724.280192    16.930     0.065
        52751.213500    17.018     0.102
        52751.224310    16.947     0.092
        52751.235150    16.855     0.087
        52751.246153    16.972     0.096
        52782.187394    16.901     0.089
        52782.198190    16.976     0.126
        52782.208827    16.926     0.198
        52800.179952    16.751     0.233
        52800.200057    16.815     0.237
        52800.210098    16.910     0.253
        52810.173587    16.780     0.096
        52810.183581    16.880     0.100
        52812.174238    16.146     0.054
        52812.184466    16.181     0.057
        52812.194828    16.247     0.061
        52812.205014    16.246     0.061
        52812.215359    16.297     0.068
        52976.401961    16.382     0.046
        52976.413042    16.410     0.046
        52976.424098    16.553     0.053
        52976.435184    16.577     0.054
        52976.446244    16.565     0.053
        52990.402614    16.681     0.067
        52990.415903    16.492     0.055
        52990.429909    16.298     0.046
        52990.442963    16.250     0.061
        52990.456177    16.257     0.050
        53023.344608    16.898     0.057
        53023.358106    16.980     0.061
        53023.370992    16.985     0.063
        53023.383970    17.027     0.065
        53023.396735    17.005     0.063
        53035.353039    17.095     0.099
        53035.366063    17.116     0.097
        53035.378701    16.952     0.083
        53035.391835    16.662     0.059
        53035.405420    16.481     0.049
        53038.433998    17.917     0.385
        53038.448595    17.984     0.342
        53038.474096    17.700     0.270
        53038.487084    18.230     0.592
        53046.348809    16.888     0.093
        53046.360746    16.915     0.094
        53046.372727    16.912     0.096
        53046.384869    16.856     0.091
        53046.396914    17.036     0.107
        53065.297171    16.380     0.045
        53065.321074    16.499     0.048
        53095.251504    16.828     0.096
        53095.261881    16.785     0.094
        53096.230474    16.643     0.174
        53096.240457    16.767     0.159
        53096.250382    16.612     0.128
        53096.260339    16.499     0.115
        53107.242985    16.854     0.063
        53107.254257    16.927     0.068
        53107.265451    16.950     0.070
        53107.276661    16.880     0.067
        53107.287932    16.917     0.070
        53115.188075    17.077     0.058
        53115.188252    17.130     0.064
        53115.200351    17.056     0.058
        53115.200529    17.159     0.069
        53115.211128    17.024     0.056
        53115.211218    17.038     0.061
        53115.211306    17.139     0.064
        53115.222354    16.990     0.054
        53115.233213    16.777     0.046
        53122.198202    16.620     0.083
        53122.208851    16.762     0.104
        53122.219239    16.622     0.091
        53122.229720    16.737     0.076
        53122.240206    16.721     0.072
        53127.209399    16.490     0.165
        53127.219308    16.660     0.192
        53136.199632    16.560     0.063
        53136.208988    16.544     0.065
        53136.218294    16.600     0.065
        53136.227594    16.602     0.067
        53136.236915    16.594     0.068
        53153.206497    16.751     0.093
        53153.215446    16.814     0.102
        53153.224193    16.781     0.102
        53153.233060    16.814     0.107
        53153.241837    16.758     0.102
        53154.205545    16.537     0.100
        53154.214451    16.628     0.118
        53154.223208    16.701     0.122
        53154.232124    16.696     0.124
        53154.240940    16.711     0.131
        53164.172290    16.491     0.059
        53164.182495    16.435     0.054
        53164.192709    16.327     0.054
        53164.202924    16.248     0.048
        53164.213164    16.215     0.046
        53178.173008    16.870     0.085
        53178.183085    16.861     0.080
        53178.193224    16.942     0.087
        53178.203438    16.961     0.100
        53178.213516    16.881     0.091
        53330.463739    17.559     0.213
        53330.491631    17.431     0.185
        53330.506523    17.144     0.142
        53340.459530    16.974     0.188
        53340.472040    16.961     0.181
        53340.487582    17.179     0.219
        53340.505393    16.827     0.158
        53340.517844    16.932     0.145
        53356.474826    17.082     0.096
        53356.488368    16.996     0.086
        53356.501868    16.778     0.068
        53356.515256    16.500     0.054
        53358.406697    16.730     0.078
        53358.419719    16.865     0.085
        53358.432787    16.782     0.078
        53358.445869    16.816     0.078
        53358.459734    16.913     0.083
        53360.425185    17.247     0.155
        53360.438328    17.097     0.181
        53360.451468    16.828     0.287
        53360.464611    16.658     0.242
        53386.415673    16.377     0.050
        53386.428815    16.429     0.050
        53386.441873    16.407     0.050
        53386.455022    16.502     0.052
        53386.471770    16.506     0.054
        53422.325314    16.380     0.122
        53422.337291    16.333     0.115
        53441.338976    16.866     0.068
        53441.351699    16.982     0.076
        53441.362735    16.913     0.070
        53441.373758    16.911     0.072
        53441.385322    16.975     0.081
        53450.273692    17.157     0.155
        53450.285169    16.885     0.128
        53450.296274    16.919     0.130
        53450.306963    17.006     0.144
        53450.318888    17.017     0.141
        53479.230067    16.556     0.137
        53479.240253    16.726     0.174
        53479.252111    16.747     0.170
        53479.263061    16.614     0.165
        53479.272569    16.726     0.178
        53491.198326    16.669     0.096
        53491.219612    16.774     0.094
        53491.230558    16.797     0.087
        53491.241145    16.825     0.098
        53537.172605    16.775     0.222
        53537.202833    16.635     0.179
        53551.180671    16.461     0.080
        53551.200846    16.532     0.076
        53551.210772    16.577     0.085
        53684.444480    16.360     0.093
        53684.457083    16.431     0.087
        53684.469566    16.385     0.076
        53684.482282    16.408     0.085
        53684.494727    16.535     0.089
        53700.450903    16.930     0.113
        53700.463963    17.021     0.115
        53700.476718    16.907     0.102
        53700.489676    16.814     0.087
        53700.502378    16.941     0.093
        53727.457631    16.876     0.105
        53727.496321    17.370     0.383
        53757.327868    16.922     0.089
        53757.340672    16.854     0.087
        53757.353323    16.949     0.096
        53757.366166    16.879     0.091
        53757.378993    16.898     0.093
        53772.349255    16.718     0.072
        53772.362003    16.763     0.070
        53772.374828    16.852     0.074
        53772.387807    16.832     0.074
        53772.400784    16.935     0.081
        53825.237237    16.810     0.064
        53825.270876    16.843     0.066
        53842.244031    16.738     0.102
        53842.255609    16.769     0.107
        53842.267183    16.786     0.112
        53842.278859    16.745     0.120
        53842.290482    16.698     0.114
        53843.189640    16.687     0.072
        53843.201140    16.719     0.076
        53843.212452    16.778     0.081
        53843.223762    16.753     0.081
        53843.235669    16.810     0.083
        53878.165753    17.040     0.153
        53878.181459    17.022     0.162
        53878.201757    16.848     0.129
        53878.217677    16.879     0.134
        53878.232894    16.843     0.137
        53892.167914    16.863     0.229
        53892.177968    17.021     0.270
        53892.188116    16.795     0.235
        53892.198292    16.770     0.226
        53892.208634    17.273     0.366
        53904.169635    16.947     0.131
        53904.179569    16.884     0.122
        53904.189539    17.017     0.146
        53904.199657    16.917     0.130
        53904.209752    16.943     0.137
        54053.452174    16.473     0.087
        54053.466592    16.460     0.084
        54053.479343    16.645     0.114
        54053.491872    16.376     0.129
        54070.454796    17.066     0.112
        54070.468221    17.136     0.117
        54070.481215    17.141     0.119
        54070.494215    17.298     0.139
        54070.507274    17.233     0.137
        54098.376750    16.566     0.074
        54098.388959    16.662     0.076
        54098.401103    16.576     0.068
        54098.413434    16.728     0.073
        54098.425720    16.711     0.069
        54124.336209    16.617     0.053
        54124.348709    16.690     0.056
        54124.361415    16.734     0.058
        54124.373875    16.689     0.056
        54124.386290    16.737     0.056
        54140.337049    16.977     0.087
        54140.349233    16.982     0.091
        54140.361604    16.990     0.086
        54140.373622    16.951     0.089
        54140.385783    17.076     0.101
        54187.276612    16.485     0.087
        54187.287340    16.479     0.089
        54187.297858    16.588     0.096
        54187.308766    16.578     0.097
        54198.237896    16.734     0.111
        54198.247510    16.586     0.176
        54198.257122    16.995     0.091
        54198.266759    16.923     0.083
        54210.221585    16.222     0.046
        54210.230627    16.223     0.045
        54210.239346    16.229     0.045
        54210.256984    16.286     0.049
        54218.234769    16.599     0.148
        54218.243345    16.774     0.170
        54218.251947    16.761     0.170
        54218.260548    16.679     0.161
        54481.387504    16.846     0.092
        54481.436477    16.831     0.089
        54527.309304    17.084     0.096
        54527.320744    17.113     0.096
        54527.331877    16.963     0.084
        54537.268913    16.801     0.079
        54537.279857    16.735     0.109
        54537.290882    16.768     0.132
        54537.301943    16.620     0.111
        54537.312959    16.796     0.120
        54560.247815    16.845     0.099
        54560.259697    17.052     0.104
        54560.271279    16.987     0.116
        54560.283059    16.946     0.112
        54560.294542    17.102     0.129
        54569.239711    16.660     0.079
        54569.250801    16.749     0.087
        54569.261725    16.812     0.094
        54569.272665    16.779     0.087
        54569.283578    16.780     0.087
