        52613.450169    14.301     0.009
        52613.465342    14.330     0.009
        52613.480688    14.396     0.011
        52613.495885    14.449     0.011
        52613.511174    14.496     0.011
        52618.456670    14.360     0.015
        52618.471968    14.435     0.026
        52618.487401    14.442     0.011
        52618.502844    14.476     0.015
        52618.518317    14.552     0.011
        52640.391687    14.935     0.012
        52640.406697    14.917     0.012
        52640.421715    14.916     0.012
        52640.437615    14.886     0.010
        52640.452848    14.929     0.010
        52640.468830    14.775     0.016
        52643.439649    14.307     0.009
        52643.453636    14.367     0.009
        52643.467584    14.393     0.009
        52643.481513    14.440     0.009
        52643.495824    14.470     0.009
        52647.397805    14.534     0.011
        52647.412290    14.563     0.011
        52647.426694    14.593     0.011
        52647.441117    14.632     0.013
        52647.455447    14.667     0.013
        52667.385938    14.598     0.010
        52667.386060    14.522     0.013
        52667.400708    14.672     0.010
        52667.415749    14.688     0.010
        52667.430493    14.678     0.012
        52670.396643    14.872     0.015
        52670.410561    14.874     0.015
        52670.424555    14.861     0.015
        52670.438498    14.880     0.015
        52670.452415    14.875     0.015
        52673.304064    14.997     0.015
        52673.319350    14.910     0.013
        52673.334608    14.600     0.011
        52673.349932    14.207     0.007
        52673.365273    14.049     0.007
        52703.309036    14.442     0.031
        52703.322848    14.168     0.020
        52703.336174    14.029     0.018
        52703.350260    14.088     0.007
        52703.363549    14.104     0.033
        52707.306642    14.352     0.009
        52707.320371    14.391     0.009
        52707.333556    14.436     0.009
        52707.347354    14.456     0.009
        52707.360590    14.512     0.009
        52710.235997    14.744     0.013
        52710.249291    14.793     0.015
        52710.262699    14.813     0.015
        52710.276438    14.838     0.015
        52710.289970    14.851     0.015
        52711.307758    14.639     0.015
        52711.321786    14.652     0.015
        52711.336045    14.686     0.015
        52711.350352    14.733     0.015
        52711.364305    14.749     0.017
        52712.253542    14.171     0.017
        52712.266684    14.197     0.013
        52712.279976    14.243     0.015
        52712.293216    14.308     0.015
        52730.237979    14.704     0.011
        52730.249689    14.739     0.013
        52730.261363    14.765     0.013
        52730.273031    14.796     0.013
        52730.284841    14.781     0.013
        52733.249990    14.897     0.015
        52733.262044    14.912     0.015
        52733.274284    14.897     0.015
        52733.287214    14.803     0.013
        52733.299167    14.589     0.015
        52734.183741    14.844     0.011
        52734.209084    14.862     0.011
        52734.222283    14.861     0.013
        52734.235192    14.870     0.013
        52738.188242    14.791     0.015
        52738.199724    14.812     0.015
        52738.211194    14.784     0.015
        52738.222648    14.800     0.015
        52738.234118    14.814     0.015
        52755.199059    14.708     0.015
        52755.210949    14.720     0.015
        52755.222909    14.749     0.015
        52755.234842    14.794     0.016
        52758.202933    14.899     0.013
        52758.214782    14.875     0.013
        52758.226638    14.857     0.013
        52758.238595    14.898     0.013
        52758.250534    14.932     0.015
        52788.168976    14.841     0.024
        52788.189543    14.850     0.033
        52788.210568    14.829     0.030
        52793.220530    14.842     0.022
        52793.230583    14.897     0.024
        52793.240530    14.903     0.028
        52966.463822    14.816     0.015
        52966.476229    14.800     0.015
        52966.488773    14.828     0.015
        52966.501311    14.828     0.015
        52973.429607    14.578     0.015
        52973.441623    14.606     0.015
        52973.453784    14.651     0.015
        52973.466081    14.686     0.015
        52973.478029    14.698     0.015
        52994.462767    14.462     0.008
        52994.475297    14.507     0.008
        52994.487842    14.526     0.007
        52994.500408    14.559     0.007
        52994.512987    14.580     0.007
        52996.392260    14.855     0.010
        52996.405085    14.832     0.010
        52996.418092    14.819     0.010
        52996.430856    14.827     0.010
        52996.443637    14.810     0.010
        53025.346078    14.880     0.010
        53025.357536    14.864     0.038
        53025.369566    14.930     0.016
        53025.393594    14.948     0.021
        53028.377572    14.570     0.007
        53028.390438    14.614     0.007
        53028.402851    14.633     0.007
        53028.415046    14.672     0.007
        53028.427282    14.720     0.007
        53033.334090    14.452     0.009
        53033.346388    14.497     0.009
        53033.358525    14.532     0.009
        53033.370997    14.571     0.013
        53033.383256    14.587     0.013
        53053.345500    14.512     0.009
        53053.357115    14.553     0.009
        53053.368785    14.588     0.011
        53053.380432    14.594     0.020
        53053.392637    14.635     0.015
        53060.304359    14.899     0.008
        53060.316505    14.901     0.010
        53060.328675    14.903     0.010
        53060.340705    14.903     0.008
        53060.352768    14.971     0.010
        53061.304192    14.894     0.008
        53061.316302    14.922     0.008
        53061.328316    14.922     0.008
        53079.254290    14.815     0.011
        53079.264931    14.705     0.011
        53079.275740    14.488     0.009
        53079.286441    14.313     0.007
        53079.304898    14.177     0.007
        53082.296034    14.732     0.008
        53082.307663    14.684     0.008
        53082.319387    14.745     0.010
        53082.331373    14.739     0.008
        53082.342839    14.773     0.010
        53084.295603    14.192     0.005
        53084.307015    14.179     0.005
        53084.318587    14.221     0.005
        53084.329821    14.236     0.005
        53084.341867    14.286     0.007
        53086.226009    14.770     0.030
        53086.233870    14.842     0.025
        53086.237006    14.786     0.020
        53086.245201    14.841     0.033
        53086.248135    14.826     0.030
        53086.256459    14.857     0.020
        53086.259711    14.852     0.020
        53086.268689    14.888     0.015
        53086.271152    14.843     0.015
        53086.279756    14.913     0.015
        53087.223576    14.560     0.007
        53087.234874    14.571     0.007
        53087.245441    14.603     0.007
        53087.256148    14.750     0.007
        53087.266906    14.639     0.007
        53091.281202    14.871     0.010
        53091.291266    14.879     0.010
        53091.301423    14.905     0.010
        53091.311907    14.900     0.010
        53091.322049    14.896     0.010
        53110.190383    14.890     0.015
        53110.201075    14.888     0.015
        53110.211761    14.903     0.015
        53110.222508    14.881     0.017
        53110.233266    14.889     0.017
        53115.251605    14.832     0.012
        53115.262413    14.820     0.012
        53115.273218    14.857     0.012
        53115.284107    14.839     0.012
        53115.295406    14.830     0.012
        53138.158447    14.229     0.009
        53138.168313    14.081     0.007
        53138.178114    14.043     0.007
        53138.187955    14.068     0.007
        53138.197749    14.112     0.007
        53141.215661    14.791     0.013
        53141.225709    14.796     0.013
        53141.235312    14.843     0.015
        53141.245571    14.854     0.015
        53141.254938    14.854     0.016
        53346.438806    14.197     0.012
        53346.451094    14.186     0.012
        53346.463559    14.228     0.012
        53346.475783    14.257     0.012
        53346.487986    14.326     0.015
        53351.429629    14.079     0.010
        53351.444002    14.121     0.010
        53351.458803    14.196     0.010
        53351.473441    14.241     0.012
        53351.488217    14.284     0.012
        53353.400830    14.905     0.018
        53353.413767    14.907     0.018
        53353.426710    14.903     0.018
        53353.439698    14.937     0.018
        53353.455110    14.904     0.017
        53376.478924    14.302     0.007
        53376.492866    14.404     0.009
        53376.506673    14.393     0.007
        53376.523946    14.454     0.009
        53381.420785    14.193     0.018
        53381.433639    14.214     0.017
        53381.446496    14.256     0.028
        53381.459470    14.288     0.035
        53403.351246    14.791     0.013
        53403.364710    14.838     0.013
        53403.377564    14.858     0.013
        53403.391483    14.842     0.015
        53403.404315    14.855     0.015
        53410.352230    14.223     0.006
        53410.365012    14.299     0.007
        53410.377519    14.325     0.007
        53410.390610    14.371     0.007
        53410.403573    14.386     0.007
        53432.344951    14.876     0.031
        53432.367729    14.883     0.018
        53432.379085    14.835     0.015
        53432.390782    14.828     0.015
        53433.285564    14.740     0.011
        53433.300535    14.756     0.011
        53433.314842    14.763     0.011
        53433.330729    14.795     0.013
        53433.344945    14.796     0.013
        53437.291419    14.866     0.013
        53437.303043    14.887     0.013
        53437.315054    14.889     0.013
        53437.326750    14.887     0.013
        53437.338393    14.860     0.013
        53440.300691    14.199     0.007
        53440.314774    14.221     0.007
        53440.327337    14.288     0.007
        53440.340445    14.315     0.007
        53440.354504    14.366     0.009
        53443.222809    14.592     0.011
        53443.267779    14.665     0.009
        53446.224706    14.898     0.013
        53446.235303    14.890     0.015
        53446.246424    14.875     0.013
        53446.257625    14.876     0.013
        53446.268266    14.863     0.017
        53464.289796    14.486     0.011
        53464.299967    14.520     0.011
        53464.310125    14.542     0.011
        53464.320321    14.563     0.011
        53464.330477    14.587     0.013
        53468.232136    14.617     0.020
        53468.242067    14.693     0.017
        53468.253460    14.670     0.033
        53468.263041    14.687     0.026
        53468.272651    14.695     0.046
        53495.201640    14.982     0.024
        53495.211964    14.944     0.022
        53495.222176    14.896     0.022
        53495.232507    14.733     0.020
        53495.242773    14.500     0.018
        53496.194850    14.892     0.018
        53496.205128    14.892     0.018
        53496.215360    14.866     0.018
        53496.225646    14.918     0.020
        53496.235909    14.880     0.020
        53503.185764    14.545     0.011
        53503.194618    14.569     0.011
        53503.204468    14.582     0.013
        53503.214838    14.628     0.013
        53503.223909    14.645     0.013
        53705.459498    14.846     0.015
        53705.472128    14.843     0.015
        53705.484937    14.886     0.015
        53705.497515    14.914     0.015
        53705.510224    14.924     0.015
        53708.456908    14.929     0.017
        53708.469678    14.856     0.015
        53708.482627    14.643     0.013
        53708.495376    14.341     0.009
        53708.508039    14.186     0.007
        53710.450848    14.836     0.017
        53710.464258    14.834     0.018
        53710.476770    14.890     0.017
        53710.489428    14.891     0.018
        53710.502028    14.920     0.018
        53732.420646    14.286     0.013
        53732.433435    14.328     0.013
        53732.446115    14.362     0.011
        53732.458872    14.411     0.013
        53732.471665    14.447     0.013
        53735.463638    14.894     0.017
        53735.477035    14.936     0.026
        53735.489808    14.913     0.020
        53735.502661    14.912     0.024
        53735.515550    14.928     0.026
        53746.399862    14.537     0.015
        53746.412325    14.519     0.015
        53746.424880    14.585     0.015
        53746.437566    14.624     0.017
        53746.450031    14.621     0.017
        53759.404539    14.913     0.015
        53759.417217    14.948     0.017
        53759.429941    14.944     0.022
        53759.442561    14.889     0.024
        53762.409007    14.194     0.007
        53762.421710    14.253     0.009
        53762.434323    14.301     0.011
        53762.446924    14.379     0.026
        53762.459738    14.375     0.013
        53787.462211    14.482     0.011
        53787.474116    14.519     0.013
        53787.498403    14.580     0.015
        53790.294036    14.636     0.012
        53790.305964    14.651     0.012
        53790.317939    14.692     0.012
        53790.329948    14.691     0.012
        53790.338437    14.682     0.013
        53790.341843    14.741     0.012
        53790.350134    14.702     0.013
        53790.361824    14.725     0.013
        53790.373515    14.780     0.013
        53790.385218    14.800     0.015
        53793.344355    14.878     0.024
        53793.356087    14.892     0.013
        53793.367811    14.918     0.015
        53793.379552    14.943     0.015
        53793.391290    14.998     0.022
        53797.247135    14.877     0.013
        53797.258693    14.889     0.015
        53797.270338    14.848     0.015
        53797.281921    14.896     0.017
        53799.286431    14.826     0.013
        53799.297917    14.827     0.013
        53799.309426    14.831     0.013
        53799.321137    14.854     0.013
        53799.332654    14.862     0.015
        53817.214921    14.918     0.015
        53817.226362    14.922     0.015
        53817.237863    14.905     0.015
        53817.249283    14.956     0.015
        53817.261009    14.937     0.015
        53819.286736    14.829     0.018
        53819.308906    14.850     0.026
        53819.321687    14.893     0.015
        53819.332855    14.887     0.015
        53826.282591    14.303     0.009
        53826.330359    14.489     0.011
        53827.295228    14.746     0.013
        53827.306337    14.556     0.011
        53827.317261    14.248     0.031
        53827.328031    14.136     0.009
        53827.339038    14.104     0.009
        53832.220481    14.877     0.018
        53832.231236    14.866     0.018
        53845.190408    14.335     0.012
        53845.201525    14.357     0.012
        53845.212676    14.389     0.012
        53845.223760    14.418     0.012
        53845.234839    14.431     0.015
        53846.244467    14.116     0.011
        53846.255266    14.167     0.011
        53846.266074    14.199     0.011
        53846.276881    14.263     0.013
        53846.287691    14.300     0.013
        53850.192957    14.404     0.012
        53850.203347    14.423     0.012
        53850.213838    14.483     0.013
        53850.224345    14.480     0.013
        53850.234927    14.517     0.015
        53850.269782    14.581     0.013
        53850.281018    14.605     0.013
        53850.292140    14.653     0.015
        53850.304558    14.700     0.015
        53850.315802    14.673     0.015
        53853.239283    14.890     0.018
        53853.250918    14.898     0.018
        53853.262006    14.894     0.018
        53853.272729    14.872     0.018
        53853.283201    14.895     0.018
        53879.159068    14.618     0.012
        53879.169845    14.670     0.013
        53879.180616    14.672     0.013
        53879.191355    14.695     0.013
        53879.202971    14.741     0.015
        53882.165703    14.860     0.017
        53882.178625    14.882     0.017
        53882.191617    14.897     0.017
        53882.202842    14.879     0.017
        53882.214751    14.871     0.017
        53884.159101    14.560     0.015
        53884.170830    14.588     0.017
        53884.182583    14.629     0.017
        53884.194354    14.634     0.018
        53884.206152    14.667     0.018
        53885.154879    14.232     0.010
        53885.165624    14.262     0.010
        53885.176774    14.313     0.010
        53885.187590    14.324     0.012
        53885.198875    14.344     0.012
        54059.460198    14.429     0.013
        54059.473186    14.195     0.010
        54059.486864    14.116     0.008
        54059.499425    14.137     0.008
        54060.437308    14.873     0.017
        54060.451235    14.875     0.017
        54060.464145    14.861     0.017
        54060.477052    14.841     0.017
        54060.490124    14.865     0.015
        54083.466014    14.549     0.018
        54083.493207    14.496     0.018
        54086.370550    14.745     0.017
        54086.383479    14.753     0.015
        54086.396416    14.813     0.015
        54086.409356    14.833     0.015
        54086.422295    14.841     0.015
        54091.354516    14.739     0.020
        54091.367697    14.792     0.018
        54091.375814    14.779     0.013
        54091.380326    14.800     0.018
        54091.388401    14.806     0.013
        54091.392234    14.829     0.018
        54091.400987    14.827     0.013
        54091.404348    14.811     0.018
        54091.413910    14.841     0.013
        54091.426507    14.850     0.013
        54113.387686    14.316     0.010
        54113.400886    14.393     0.012
        54113.415346    14.427     0.012
        54113.428074    14.464     0.013
        54113.440942    14.510     0.013
        54115.409698    14.873     0.018
        54115.422437    14.911     0.018
        54115.435330    14.864     0.018
        54115.448357    14.890     0.018
        54115.461574    14.898     0.018
        54123.341025    14.166     0.010
        54123.353415    14.208     0.010
        54123.365952    14.261     0.010
        54123.378341    14.320     0.012
        54123.390993    14.362     0.012
        54144.358190    14.972     0.015
        54144.369659    14.961     0.013
        54144.380745    14.943     0.015
        54144.392404    14.877     0.013
        54144.404473    14.725     0.011
        54148.336593    14.129     0.008
        54148.348231    14.155     0.008
        54148.359789    14.202     0.010
        54148.371425    14.245     0.010
        54148.383305    14.276     0.010
        54154.280209    14.838     0.011
        54154.291690    14.822     0.011
        54154.303183    14.854     0.011
        54154.314651    14.820     0.011
        54154.326091    14.843     0.011
        54155.291543    14.851     0.013
        54155.298912    14.857     0.013
        54155.310551    14.886     0.013
        54155.322264    14.883     0.013
        54155.334253    14.885     0.013
        54155.338571    14.857     0.013
        54155.346449    14.882     0.011
        54173.268869    14.602     0.009
        54173.279596    14.380     0.007
        54173.290265    14.189     0.007
        54173.300915    14.111     0.006
        54173.311635    14.074     0.006
        54174.267883    14.923     0.015
        54174.278879    14.937     0.016
        54174.289910    14.901     0.018
        54174.300824    14.884     0.025
        54174.311889    14.887     0.016
        54176.273871    14.666     0.011
        54176.284504    14.668     0.011
        54176.295208    14.683     0.011
        54176.305894    14.737     0.011
        54176.316448    14.763     0.011
        54179.289820    14.877     0.011
        54179.300825    14.877     0.011
        54179.312231    14.892     0.013
        54179.323281    14.894     0.013
        54179.334555    14.931     0.013
        54180.244769    14.828     0.015
        54180.255274    14.872     0.015
        54180.265689    14.890     0.015
        54180.276024    14.901     0.013
        54186.290901    14.624     0.009
        54186.302078    14.389     0.007
        54186.313736    14.204     0.007
        54186.325142    14.119     0.006
        54186.336226    14.092     0.006
        54200.216847    14.830     0.016
        54200.226316    14.815     0.016
        54206.224954    14.581     0.009
        54206.233992    14.588     0.009
        54206.243037    14.620     0.009
        54206.252085    14.612     0.009
        54206.261209    14.631     0.011
        54209.219176    14.852     0.037
        54209.228162    14.885     0.030
        54209.237722    14.831     0.054
        54209.247554    14.902     0.046
        54439.446147    14.500     0.007
        54439.459044    14.512     0.007
        54439.471920    14.559     0.007
        54439.484789    14.598     0.007
        54439.497664    14.596     0.009
        54507.329065    14.751     0.009
        54507.341106    14.750     0.009
        54507.353231    14.756     0.009
        54507.365304    14.807     0.009
        54507.377357    14.809     0.009
        54507.448705    14.843     0.018
        54507.460627    14.860     0.023
        54507.472580    14.868     0.020
        54507.484439    14.870     0.020
        54507.497243    14.905     0.020
        54522.391441    14.801     0.013
        54522.403124    14.792     0.013
        54522.414790    14.849     0.015
        54522.426427    14.836     0.015
        54522.438090    14.845     0.015
        54529.278154    14.043     0.006
        54529.289584    14.132     0.006
        54529.301215    14.147     0.006
        54529.313006    14.222     0.006
        54529.324374    14.240     0.006
        54535.389487    14.093     0.012
        54535.400615    14.104     0.012
        54535.411617    14.140     0.012
        54535.422617    14.172     0.013
        54535.433773    14.220     0.013
        54536.268901    14.866     0.009
        54536.279890    14.877     0.009
        54536.290880    14.866     0.009
        54536.301840    14.864     0.009
        54536.312843    14.866     0.009
        54553.302053    14.597     0.015
        54553.313962    14.653     0.009
        54553.325840    14.667     0.009
        54553.337915    14.697     0.011
        54553.349842    14.720     0.011
        54558.129376    14.139     0.007
        54558.141021    14.102     0.007
        54558.152566    14.163     0.007
        54558.164152    14.195     0.007
        54558.175775    14.219     0.007
        54562.248391    14.663     0.007
        54562.259988    14.786     0.009
        54562.271682    14.723     0.009
        54562.283399    14.738     0.009
        54562.295085    14.751     0.009
        54580.193616    14.846     0.013
        54580.204240    14.835     0.013
        54580.214854    14.835     0.013
        54580.225462    14.839     0.013
        54580.236140    14.839     0.015
        54584.247401    14.162     0.007
        54584.258058    14.182     0.007
        54584.268635    14.220     0.007
        54584.279211    14.239     0.007
        54584.289829    14.275     0.009
        54590.192815    14.829     0.028
        54590.203010    14.860     0.031
        54590.212672    14.876     0.031
        54590.222454    14.840     0.031
        54590.232293    14.840     0.030
        54591.199806    14.783     0.013
        54591.210078    14.796     0.013
        54591.220357    14.806     0.013
        54591.230638    14.805     0.013
        54591.240924    14.828     0.015
        54611.160017    14.762     0.011
        54611.170399    14.758     0.011
        54611.180311    14.790     0.011
        54611.190205    14.825     0.013
        54611.200087    14.830     0.013
        54614.162210    14.955     0.015
        54614.172173    14.983     0.015
        54614.182143    14.928     0.015
        54614.192123    14.882     0.013
        54614.202098    14.783     0.013
