        52620.457690    16.199     0.041
        52620.472824    16.162     0.093
        52620.487905    16.169     0.044
        52620.503220    16.230     0.081
        52620.518299    16.090     0.041
        52623.445444    16.103     0.044
        52623.461269    16.148     0.048
        52623.476969    16.138     0.072
        52623.492858    16.175     0.054
        52623.508876    16.170     0.057
        52650.293062    16.233     0.048
        52650.309554    16.298     0.048
        52650.324021    16.310     0.046
        52650.338300    16.311     0.041
        52650.352753    16.285     0.041
        52652.380444    16.120     0.037
        52652.395581    16.151     0.037
        52652.410816    16.146     0.033
        52652.426210    16.223     0.035
        52652.441294    16.214     0.035
        52653.378981    16.086     0.043
        52653.394285    16.029     0.041
        52653.409401    16.031     0.041
        52653.424525    16.096     0.041
        52653.439647    16.082     0.035
        52664.282611    16.372     0.043
        52664.297858    16.298     0.041
        52664.313128    16.237     0.037
        52664.328472    16.039     0.031
        52664.343724    15.941     0.030
        52680.250879    16.180     0.048
        52680.267495    16.134     0.045
        52680.283664    16.262     0.049
        52680.299449    16.362     0.053
        52680.330141    16.297     0.049
        52680.354331    16.334     0.048
        52680.372673    16.269     0.043
        52680.389181    16.285     0.043
        52680.407163    16.207     0.043
        52681.279000    16.056     0.057
        52681.295889    16.117     0.059
        52681.314311    16.136     0.044
        52681.332622    16.179     0.041
        52695.325826    16.297     0.039
        52695.343528    16.310     0.059
        52695.361769    16.199     0.065
        52712.269305    15.901     0.059
        52712.282587    15.941     0.054
        52712.295870    15.970     0.063
        52722.269741    16.146     0.031
        52722.286296    16.207     0.033
        52722.300429    16.201     0.033
        52722.316239    16.232     0.035
        52722.335636    16.256     0.039
        52751.194771    16.151     0.046
        52751.206817    16.170     0.046
        52751.218412    16.214     0.043
        52751.236533    16.202     0.043
        52751.247803    16.259     0.044
        52770.201634    16.013     0.081
        52782.162673    16.099     0.043
        52782.173287    16.099     0.044
        52782.183947    16.110     0.043
        52782.194632    16.159     0.054
        52782.205303    16.125     0.100
        52947.476641    16.394     0.068
        52947.488965    16.254     0.057
        52947.501094    16.085     0.046
        52976.398078    16.198     0.036
        52976.409139    16.152     0.035
        52976.420208    16.124     0.033
        52976.431267    16.067     0.033
        52976.442335    16.014     0.031
        52978.443628    16.319     0.052
        52978.456629    16.364     0.054
        52978.469565    16.346     0.046
        52978.482380    16.364     0.046
        52978.495088    16.340     0.048
        52988.390979    16.150     0.055
        52988.403912    16.059     0.054
        52988.416952    16.033     0.052
        52988.429815    15.890     0.044
        52988.443527    15.830     0.041
        53008.359223    16.140     0.054
        53008.371768    16.177     0.054
        53008.396897    16.241     0.059
        53038.337607    16.227     0.054
        53038.350023    16.112     0.049
        53038.362592    16.213     0.079
        53038.375243    16.171     0.061
        53038.387598    16.090     0.059
        53045.286740    16.140     0.049
        53045.304134    16.094     0.048
        53045.316478    16.141     0.048
        53045.328692    16.083     0.048
        53065.231088    16.268     0.043
        53065.243042    16.217     0.040
        53065.254975    16.269     0.043
        53065.266879    16.191     0.040
        53065.278783    16.170     0.038
        53094.223975    15.924     0.031
        53094.234144    15.912     0.031
        53094.243832    15.960     0.033
        53094.253716    15.975     0.033
        53094.263387    15.992     0.033
        53096.223469    16.210     0.125
        53096.252704    16.239     0.111
        53122.195230    16.060     0.063
        53122.205984    16.240     0.076
        53122.216369    16.122     0.068
        53122.226759    16.181     0.052
        53122.237335    16.230     0.050
        53134.204977    16.105     0.043
        53134.213984    16.117     0.045
        53134.223043    16.118     0.069
        53153.167138    15.754     0.037
        53153.176105    15.791     0.039
        53153.185256    15.829     0.039
        53153.194316    15.857     0.041
        53153.203492    15.893     0.044
        53155.169612    16.427     0.157
        53155.178957    16.313     0.135
        53155.196752    16.327     0.135
        53155.206416    16.350     0.135
        53169.171232    16.395     0.068
        53169.181002    16.386     0.066
        53169.190672    16.315     0.064
        53169.200684    16.215     0.061
        53169.210431    16.033     0.054
        53319.460118    16.359     0.059
        53319.471972    16.372     0.059
        53319.483868    16.380     0.057
        53319.495725    16.341     0.054
        53319.507588    16.370     0.055
        53330.458647    16.306     0.063
        53330.486507    16.249     0.059
        53340.400451    15.622     0.069
        53340.442185    15.619     0.068
        53340.454612    15.653     0.064
        53356.469354    16.305     0.046
        53356.482855    16.262     0.041
        53356.496454    16.229     0.041
        53356.509826    16.073     0.035
        53356.523309    15.865     0.028
        53358.401980    16.095     0.037
        53358.415000    16.099     0.039
        53358.428070    16.101     0.039
        53358.441145    16.059     0.037
        53358.455012    16.061     0.035
        53360.420529    16.332     0.057
        53360.433674    16.303     0.055
        53360.446812    16.260     0.096
        53360.459955    16.422     0.183
        53386.410873    16.289     0.043
        53386.424023    16.270     0.043
        53386.437073    16.311     0.041
        53386.450162    16.319     0.041
        53386.466948    16.320     0.043
        53389.481331    15.717     0.024
        53389.497231    15.704     0.024
        53389.512503    15.733     0.024
        53389.530961    15.851     0.028
        53401.347389    16.064     0.043
        53401.360006    16.106     0.046
        53401.372627    16.141     0.046
        53401.385254    16.206     0.052
        53401.397935    16.147     0.052
        53430.303433    16.180     0.052
        53430.315145    16.213     0.046
        53430.327388    16.218     0.046
        53430.339190    16.142     0.044
        53430.355713    16.069     0.043
        53441.335257    16.305     0.037
        53441.347450    16.297     0.039
        53441.359009    16.302     0.039
        53441.370026    16.259     0.039
        53441.381046    16.222     0.039
        53480.251468    16.277     0.118
        53480.260909    16.214     0.111
        53491.216065    15.823     0.044
        53491.227026    15.778     0.041
        53491.237534    15.792     0.037
        53685.447071    15.711     0.035
        53700.446709    16.132     0.046
        53700.459771    16.090     0.043
        53700.472487    16.097     0.043
        53700.485238    16.147     0.043
        53700.498185    16.139     0.041
        53727.401689    16.307     0.052
        53727.414546    16.325     0.067
        53727.427327    16.316     0.052
        53727.440230    16.295     0.050
        53727.453005    16.333     0.057
        53757.323481    16.103     0.039
        53757.336219    16.105     0.041
        53757.348933    16.143     0.043
        53757.361744    16.207     0.044
        53757.374539    16.192     0.046
        53762.340892    16.061     0.039
        53762.353740    16.102     0.033
        53762.366446    16.074     0.031
        53762.379472    16.105     0.031
        53762.392352    16.126     0.033
        53773.351279    16.031     0.043
        53773.364021    16.072     0.043
        53773.377223    16.077     0.041
        53773.390120    16.072     0.041
        53773.402926    16.092     0.039
        53827.253176    16.281     0.038
        53827.263886    16.277     0.038
        53827.274665    16.335     0.040
        53827.285293    16.360     0.041
        53827.296104    16.341     0.040
        53842.193161    16.175     0.048
        53842.205124    16.197     0.049
        53842.216721    16.157     0.053
        53842.228411    16.230     0.066
        53842.240201    16.188     0.069
        53877.169946    15.687     0.091
        53904.166731    16.281     0.072
        53904.176661    16.168     0.065
        53904.186615    16.021     0.059
        53904.196657    15.844     0.050
        53904.206686    15.819     0.054
        53906.164675    15.864     0.059
        53906.174812    15.946     0.063
        53906.184933    15.993     0.074
        53906.195054    15.926     0.083
        53906.205206    16.091     0.096
        53909.207294    16.163     0.093
        53909.217605    16.227     0.102
        53909.227855    16.184     0.107
        53909.238115    16.215     0.113
        53910.166376    15.852     0.061
        53910.176950    15.916     0.054
        53910.187516    15.880     0.064
        53910.198031    15.919     0.058
        53910.208536    15.992     0.061
        54052.452214    16.132     0.052
        54052.464680    16.118     0.050
        54052.476942    16.107     0.046
        54052.489196    16.111     0.048
        54052.501459    16.116     0.048
        54071.394672    15.813     0.061
        54071.407498    15.865     0.061
        54071.420334    15.788     0.054
        54071.433142    15.785     0.051
        54071.445925    15.849     0.051
        54080.366910    16.081     0.061
        54080.378938    16.172     0.063
        54080.390890    16.178     0.070
        54098.372581    16.266     0.051
        54098.384745    16.247     0.046
        54098.396916    16.190     0.043
        54098.409079    16.164     0.041
        54098.421434    16.090     0.040
        54124.331824    16.239     0.048
        54124.344286    16.318     0.051
        54124.357089    16.315     0.051
        54124.369541    16.295     0.051
        54124.381971    16.346     0.053
        54140.351425    16.131     0.037
        54140.363631    16.117     0.037
        54140.375979    16.193     0.039
        54140.388023    16.219     0.043
        54140.400120    16.319     0.061
        54188.264268    16.038     0.099
        54198.224534    16.152     0.052
        54198.253387    16.190     0.043
        54198.263031    16.185     0.043
        54212.216755    16.375     0.076
        54212.225273    16.339     0.071
        54212.233814    16.336     0.073
        54212.242386    16.339     0.071
        54212.250856    16.346     0.073
        54218.222771    15.877     0.087
        54498.325928    16.386     0.056
        54498.338355    16.325     0.054
        54498.350189    16.307     0.054
        54498.362019    16.263     0.051
        54498.373882    16.215     0.051
        54526.277617    16.057     0.040
        54526.288896    16.088     0.040
        54526.300276    16.067     0.038
        54526.311604    16.083     0.040
        54526.322880    16.124     0.041
        54537.264486    16.040     0.046
        54537.275429    15.997     0.058
        54537.286461    15.962     0.056
        54537.297520    16.053     0.051
        54537.308531    15.987     0.073
        54559.250920    16.144     0.054
        54559.263515    16.088     0.053
        54559.275046    16.187     0.056
        54559.286439    16.197     0.056
        54569.191540    16.259     0.061
        54569.202478    16.295     0.068
        54569.213377    16.255     0.063
        54569.224273    16.306     0.066
        54569.235653    16.322     0.064
        54585.190681    15.984     0.112
        54618.162227    16.166     0.092
        54618.172819    16.042     0.084
        54618.183020    16.132     0.087
        54618.204243    16.219     0.086
