        52620.457942    16.359     0.046
        52620.473076    16.389     0.055
        52620.488158    16.506     0.061
        52620.503471    16.440     0.089
        52620.518552    16.431     0.052
        52623.446360    16.387     0.057
        52623.462186    16.414     0.063
        52623.477884    16.159     0.072
        52623.493781    16.162     0.054
        52623.509798    16.169     0.057
        52637.403348    16.153     0.139
        52650.294240    16.539     0.063
        52650.310687    16.623     0.067
        52650.325099    16.504     0.054
        52650.339375    16.392     0.044
        52650.353842    16.333     0.044
        52651.426291    16.332     0.044
        52651.441727    16.381     0.046
        52651.457138    16.520     0.054
        52651.472476    16.549     0.055
        52651.487937    16.450     0.054
        52652.380820    16.416     0.050
        52652.395979    16.343     0.043
        52652.411193    16.287     0.039
        52652.426587    16.238     0.035
        52652.441748    16.219     0.035
        52664.283521    16.331     0.043
        52664.298773    16.387     0.043
        52664.314044    16.481     0.046
        52664.329383    16.510     0.048
        52664.344636    16.315     0.041
        52681.279465    16.471     0.087
        52681.296379    16.432     0.074
        52681.314816    16.355     0.052
        52695.326671    16.308     0.039
        52695.344405    16.197     0.052
        52695.345537    16.295     0.059
        52695.362589    16.274     0.076
        52712.270225    16.331     0.105
        52712.283523    16.374     0.078
        52712.296807    16.301     0.083
        52722.286714    16.467     0.041
        52722.300845    16.370     0.039
        52722.317159    16.300     0.035
        52722.336054    16.252     0.037
        52751.195113    16.557     0.087
        52751.207160    16.494     0.061
        52751.236876    16.294     0.046
        52751.248146    16.267     0.044
        52782.162990    16.466     0.059
        52782.173611    16.494     0.059
        52782.184267    16.469     0.059
        52782.194965    16.471     0.067
        52782.205700    16.386     0.118
        52947.477402    16.296     0.061
        52947.489724    16.211     0.057
        52947.501978    16.203     0.054
        52976.398769    16.243     0.036
        52976.409833    16.247     0.036
        52976.420914    16.204     0.035
        52976.431963    16.212     0.035
        52976.443028    16.229     0.036
        52978.444337    16.313     0.054
        52978.457297    16.259     0.044
        52978.470234    16.186     0.039
        52978.483048    16.185     0.039
        52978.495760    16.229     0.043
        52988.391636    16.440     0.072
        52988.404568    16.453     0.076
        52988.417638    16.601     0.085
        52988.430493    16.682     0.091
        52988.444184    16.560     0.081
        53008.359881    16.501     0.072
        53008.372426    16.497     0.068
        53008.384974    16.379     0.063
        53008.397556    16.284     0.059
        53038.337999    16.369     0.063
        53038.350415    16.306     0.059
        53045.287158    16.281     0.056
        53045.304536    16.259     0.058
        53045.329296    16.323     0.058
        53065.231862    16.228     0.041
        53065.255750    16.267     0.041
        53065.267655    16.395     0.046
        53094.234497    16.385     0.046
        53094.254076    16.348     0.043
        53094.263743    16.325     0.043
        53096.243288    16.322     0.140
        53096.262904    16.964     0.218
        53122.195639    16.413     0.080
        53122.206392    16.504     0.094
        53122.216777    16.492     0.081
        53122.227259    16.589     0.076
        53122.237743    16.482     0.059
        53125.206533    16.308     0.190
        53125.216156    16.470     0.196
        53125.225783    16.361     0.165
        53125.235328    16.254     0.137
        53134.196266    16.564     0.076
        53134.205281    16.428     0.053
        53134.232346    16.396     0.150
        53153.167497    16.369     0.063
        53153.176463    16.400     0.065
        53153.185615    16.480     0.070
        53153.194675    16.547     0.074
        53153.203850    16.621     0.080
        53155.169894    16.430     0.150
        53155.197033    16.498     0.152
        53169.171505    16.401     0.061
        53169.181276    16.287     0.061
        53169.200957    16.185     0.058
        53178.171021    16.386     0.052
        53178.181100    16.291     0.046
        53178.191239    16.234     0.046
        53178.201454    16.216     0.048
        53178.211532    16.279     0.050
        53330.459510    16.373     0.066
        53330.472964    16.331     0.097
        53330.487336    16.231     0.058
        53330.501577    16.327     0.061
        53340.426146    16.191     0.109
        53340.443136    16.347     0.122
        53356.497321    16.463     0.048
        53356.524164    16.527     0.049
        53358.402770    16.345     0.046
        53358.415791    16.289     0.046
        53358.428862    16.433     0.052
        53358.441935    16.481     0.054
        53358.455808    16.456     0.052
        53360.420866    16.206     0.046
        53360.434010    16.218     0.055
        53360.447149    16.167     0.083
        53360.460291    16.108     0.104
        53386.411662    16.250     0.041
        53386.424804    16.324     0.043
        53386.437862    16.408     0.044
        53386.450950    16.490     0.048
        53386.467740    16.510     0.050
        53401.347999    16.537     0.067
        53401.360617    16.587     0.070
        53401.373238    16.612     0.070
        53401.385865    16.593     0.074
        53430.304039    16.412     0.059
        53430.316248    16.306     0.048
        53430.327991    16.279     0.048
        53430.340293    16.176     0.044
        53430.356317    16.232     0.050
        53441.335882    16.558     0.046
        53441.348598    16.523     0.046
        53441.359632    16.400     0.043
        53441.370651    16.294     0.041
        53441.382218    16.227     0.039
        53480.223466    16.227     0.130
        53480.242821    16.444     0.146
        53480.251773    16.206     0.107
        53480.261212    16.316     0.118
        53491.195342    16.397     0.067
        53491.216783    16.485     0.067
        53491.227740    16.424     0.068
        53491.238254    16.343     0.061
        53536.169223    16.390     0.126
        53536.209205    16.355     0.144
        53685.447729    16.228     0.055
        53700.447091    16.612     0.072
        53700.460153    16.410     0.057
        53700.472868    16.399     0.055
        53700.485619    16.284     0.048
        53700.498566    16.288     0.046
        53727.402596    16.512     0.061
        53727.415454    16.558     0.081
        53727.428233    16.557     0.065
        53727.441137    16.416     0.055
        53727.453913    16.366     0.063
        53757.324379    16.272     0.048
        53757.337117    16.345     0.054
        53757.349832    16.437     0.055
        53757.362645    16.490     0.059
        53757.375436    16.503     0.063
        53773.351928    16.235     0.048
        53773.364675    16.190     0.046
        53773.377874    16.243     0.046
        53773.390774    16.312     0.048
        53773.403574    16.365     0.048
        53827.253605    16.372     0.040
        53827.275093    16.549     0.046
        53842.193508    16.522     0.063
        53842.205471    16.514     0.064
        53842.217069    16.390     0.064
        53842.228760    16.384     0.074
        53842.240548    16.339     0.076
        53877.170616    16.398     0.132
        53904.166996    16.392     0.078
        53904.176926    16.277     0.074
        53904.186881    16.267     0.072
        53904.196925    16.264     0.070
        53904.206957    16.276     0.074
        54052.452855    16.501     0.072
        54052.465316    16.423     0.070
        54052.477575    16.346     0.061
        54052.489830    16.276     0.059
        54052.502097    16.238     0.055
        54071.395598    16.212     0.091
        54071.408428    16.345     0.096
        54071.421260    16.209     0.081
        54071.434064    16.381     0.089
        54071.446845    16.355     0.081
        54080.367555    16.468     0.085
        54080.379581    16.288     0.070
        54098.373440    16.276     0.051
        54098.385644    16.240     0.046
        54098.397786    16.220     0.043
        54098.409937    16.243     0.045
        54098.422288    16.337     0.048
        54124.332709    16.323     0.048
        54124.345267    16.261     0.045
        54124.357969    16.261     0.046
        54124.370429    16.315     0.048
        54124.382850    16.338     0.048
        54140.351816    16.591     0.057
        54140.364023    16.507     0.054
        54140.376370    16.403     0.048
        54140.388415    16.340     0.048
        54140.400510    16.311     0.050
        54158.285477    16.187     0.076
        54188.264821    16.497     0.144
        54198.225305    16.201     0.043
        54198.234927    16.146     0.094
        54198.254157    16.158     0.041
        54198.263801    16.216     0.043
        54212.217063    16.417     0.073
        54212.225581    16.336     0.068
        54212.234122    16.327     0.066
        54212.242694    16.231     0.061
        54212.251164    16.222     0.063
        54498.326798    16.225     0.049
        54498.339245    16.226     0.049
        54498.351057    16.217     0.051
        54498.362888    16.237     0.051
        54498.374755    16.288     0.053
        54526.278451    16.539     0.053
        54526.289727    16.581     0.056
        54526.301108    16.495     0.053
        54526.312431    16.420     0.049
        54526.323707    16.372     0.048
        54537.265279    16.218     0.054
        54537.276219    16.320     0.073
        54537.287251    16.340     0.079
        54537.298312    16.335     0.066
        54537.309323    16.342     0.107
        54559.240229    16.222     0.058
        54559.251646    16.245     0.058
        54559.264239    16.211     0.056
        54559.275770    16.257     0.058
        54559.287164    16.292     0.061
        54569.236337    16.408     0.066
        54569.247652    16.403     0.068
        54569.258556    16.255     0.059
        54569.269476    16.117     0.053
        54569.280420    16.197     0.059
        54585.191080    16.445     0.183
        54585.201095    16.578     0.196
        54585.221288    16.140     0.132
        54618.162588    16.354     0.099
        54618.173182    16.571     0.137
        54618.183380    16.506     0.114
        54618.193801    16.397     0.104
        54618.204604    16.381     0.101
