        52639.468128    14.415     0.010
        52639.482923    14.410     0.010
        52639.497856    14.431     0.010
        52639.513848    14.466     0.010
        52639.529043    14.498     0.012
        52643.409666    14.678     0.013
        52643.425744    14.707     0.013
        52643.441994    14.702     0.013
        52643.458230    14.721     0.012
        52643.474767    14.765     0.012
        52649.460900    14.228     0.007
        52649.478892    14.236     0.007
        52649.493515    14.265     0.007
        52649.507762    14.183     0.007
        52649.522103    14.259     0.009
        52666.384616    14.416     0.009
        52666.399786    14.414     0.009
        52666.415008    14.444     0.009
        52666.430102    14.468     0.009
        52666.445485    14.468     0.009
        52670.354109    14.665     0.013
        52670.369958    14.664     0.013
        52670.385700    14.719     0.013
        52670.401362    14.724     0.013
        52670.419828    14.703     0.013
        52676.288071    14.355     0.009
        52676.303442    14.283     0.009
        52676.319027    14.194     0.007
        52676.334605    14.103     0.007
        52676.350131    14.126     0.007
        52698.303569    14.263     0.007
        52698.316992    14.280     0.007
        52698.331783    14.308     0.007
        52698.346163    14.332     0.007
        52698.360609    14.356     0.007
        52703.305070    14.094     0.015
        52703.327072    14.132     0.016
        52703.345254    14.150     0.010
        52703.375068    14.309     0.020
        52703.375183    14.207     0.018
        52725.313827    14.416     0.013
        52725.314432    14.395     0.013
        52725.327296    14.498     0.018
        52725.327896    14.352     0.016
        52725.340041    14.508     0.020
        52725.340918    14.401     0.016
        52725.352969    14.490     0.020
        52725.353578    14.424     0.018
        52725.365806    14.492     0.016
        52725.366410    14.409     0.015
        52730.241236    14.145     0.008
        52730.241595    14.078     0.008
        52730.253901    14.156     0.008
        52730.265894    14.199     0.008
        52730.266255    14.132     0.008
        52730.277882    14.202     0.008
        52730.278241    14.154     0.008
        52730.290149    14.226     0.010
        52730.290508    14.202     0.008
        52754.215941    14.119     0.010
        52754.228276    14.094     0.010
        52754.241080    14.110     0.010
        52754.253459    14.153     0.010
        52754.265980    14.134     0.010
        52761.200208    14.573     0.015
        52761.212223    14.626     0.020
        52761.224340    14.616     0.015
        52761.236415    14.594     0.015
        52761.248432    14.629     0.013
        52764.202184    14.668     0.013
        52764.202527    14.665     0.013
        52764.214128    14.727     0.015
        52764.214471    14.688     0.013
        52764.226080    14.739     0.015
        52764.226423    14.675     0.013
        52764.238112    14.752     0.015
        52764.238455    14.721     0.013
        52764.250266    14.765     0.015
        52764.250609    14.730     0.013
        52789.165313    14.067     0.012
        52789.175914    14.144     0.010
        52789.186465    14.162     0.012
        52789.207734    14.210     0.012
        52962.452415    14.342     0.009
        52962.465423    14.271     0.009
        52962.477705    14.353     0.009
        52962.490421    14.300     0.007
        52962.503171    14.341     0.007
        52974.458384    14.632     0.011
        52974.471065    14.613     0.009
        52974.483778    14.620     0.009
        52974.496420    14.640     0.009
        52974.509361    14.647     0.009
        52993.398613    14.645     0.008
        52993.435869    14.667     0.008
        52993.448255    14.696     0.008
        53000.433660    14.459     0.007
        53000.448326    14.458     0.007
        53002.453217    14.204     0.006
        53002.467024    14.193     0.004
        53002.480495    14.229     0.006
        53002.494018    14.242     0.006
        53002.507487    14.260     0.006
        53003.435839    14.552     0.049
        53034.348568    14.338     0.010
        53034.360500    14.302     0.010
        53034.372492    14.248     0.008
        53034.384465    14.174     0.008
        53052.280641    14.608     0.009
        53052.292485    14.602     0.009
        53052.304324    14.603     0.009
        53052.316235    14.637     0.009
        53052.328196    14.653     0.009
        53062.296033    14.455     0.013
        53079.275370    14.643     0.010
        53079.286511    14.641     0.010
        53079.297531    14.641     0.012
        53079.308474    14.682     0.012
        53079.319560    14.692     0.012
        53087.284109    14.780     0.007
        53087.294630    14.785     0.009
        53087.305460    14.779     0.007
        53087.316395    14.750     0.007
        53087.327051    14.734     0.007
        53110.192770    14.218     0.010
        53110.203759    14.245     0.010
        53110.214679    14.248     0.010
        53110.225613    14.287     0.010
        53110.236567    14.299     0.010
        53138.199924    14.623     0.012
        53138.209797    14.663     0.012
        53138.219673    14.657     0.012
        53138.229467    14.632     0.012
        53138.239222    14.640     0.013
        53148.161959    14.460     0.007
        53148.170871    14.452     0.009
        53148.179895    14.442     0.011
        53148.188856    14.477     0.011
        53148.197771    14.559     0.009
        53166.167525    14.132     0.012
        53166.178246    14.154     0.012
        53348.397629    14.515     0.013
        53348.410925    14.537     0.013
        53348.424257    14.554     0.011
        53348.437606    14.572     0.011
        53348.450443    14.592     0.011
        53354.394422    14.630     0.013
        53354.407541    14.643     0.011
        53354.420698    14.669     0.011
        53354.433842    14.681     0.011
        53354.446992    14.698     0.011
        53357.458251    14.622     0.012
        53357.472806    14.454     0.010
        53357.487332    14.314     0.008
        53357.501854    14.277     0.008
        53357.516573    14.159     0.012
        53377.404111    14.381     0.009
        53377.417396    14.404     0.009
        53377.430554    14.415     0.009
        53377.444971    14.440     0.009
        53377.459067    14.446     0.009
        53445.406427    14.676     0.011
        53445.418195    14.710     0.011
        53445.429736    14.717     0.011
        53445.442098    14.747     0.011
        53445.453683    14.745     0.013
        53471.262328    14.360     0.009
        53471.272993    14.365     0.009
        53471.283032    14.387     0.009
        53471.292970    14.396     0.009
        53471.302716    14.416     0.011
        53501.193668    14.458     0.011
        53501.205445    14.510     0.011
        53501.215833    14.506     0.011
        53501.225826    14.522     0.013
        53501.236070    14.496     0.013
        53529.158964    14.749     0.018
        53529.169357    14.741     0.018
        53529.179703    14.760     0.018
        53529.189996    14.739     0.018
        53529.200577    14.711     0.018
        53712.462011    14.644     0.013
        53712.475691    14.643     0.011
        53712.489052    14.669     0.013
        53712.502193    14.712     0.013
        53712.515146    14.718     0.013
        53738.409042    14.431     0.009
        53738.422075    14.442     0.011
        53738.435062    14.464     0.011
        53738.448095    14.481     0.009
        53769.386049    14.401     0.007
        53769.399745    14.391     0.007
        53769.413253    14.305     0.007
        53769.426559    14.160     0.009
        53769.439765    14.103     0.007
        53788.298013    14.542     0.015
        53788.310636    14.362     0.008
        53788.323385    14.317     0.008
        53788.336045    14.259     0.007
        53788.348895    14.175     0.007
        53813.313015    14.388     0.012
        53813.324469    14.391     0.012
        53813.335929    14.395     0.012
        53813.347350    14.419     0.013
        53813.358859    14.444     0.013
        53844.237247    14.730     0.013
        53844.248365    14.707     0.013
        53844.259403    14.741     0.013
        53844.270353    14.747     0.015
        53844.281327    14.738     0.013
        53852.195154    14.668     0.015
        53852.205414    14.663     0.015
        53852.215619    14.692     0.016
        53852.225789    14.732     0.016
        53852.235977    14.704     0.016
        53881.161149    14.543     0.013
        53881.163236    14.559     0.015
        53881.171100    14.570     0.013
        53881.174394    14.565     0.015
        53881.181331    14.568     0.013
        53881.185457    14.579     0.015
        53881.193724    14.584     0.013
        53881.196627    14.570     0.015
        53881.203809    14.614     0.013
        53881.207775    14.580     0.017
        53886.158367    14.487     0.015
        53886.168381    14.494     0.015
        53886.178406    14.513     0.015
        53886.191020    14.480     0.015
        53886.200820    14.480     0.016
        53887.175640    14.725     0.026
        54057.447645    14.661     0.016
        54057.461678    14.694     0.016
        54057.475566    14.702     0.015
        54057.488706    14.756     0.015
        54057.502045    14.777     0.015
        54068.453165    14.759     0.011
        54068.466070    14.718     0.011
        54068.478981    14.756     0.017
        54068.491884    14.560     0.013
        54068.504783    14.373     0.013
        54083.491884    14.618     0.021
        54154.281779    14.760     0.013
        54154.293594    14.785     0.013
        54154.305134    14.754     0.013
        54154.316698    14.751     0.013
        54154.328200    14.733     0.013
        54169.273458    14.457     0.010
        54169.284362    14.495     0.010
        54169.295270    14.509     0.012
        54169.317130    14.532     0.013
        54208.212866    14.626     0.012
        54208.221626    14.527     0.012
        54208.230334    14.387     0.010
        54208.239162    14.318     0.010
        54208.247896    14.286     0.010
        54450.452932    14.724     0.007
        54450.466113    14.740     0.007
        54450.479258    14.716     0.007
        54450.492446    14.733     0.007
        54450.505605    14.772     0.007
        54475.391193    14.084     0.006
        54475.404121    14.079     0.007
        54475.417129    14.109     0.006
        54475.429976    14.131     0.006
        54475.442814    14.149     0.006
        54483.274409    14.769     0.020
        54483.287442    14.788     0.018
        54483.300677    14.719     0.015
        54483.313655    14.628     0.013
        54483.326688    14.459     0.011
        54509.277201    14.645     0.007
        54509.289272    14.647     0.007
        54509.301257    14.612     0.007
        54509.313472    14.609     0.007
        54509.325481    14.607     0.007
        54532.277276    14.412     0.006
        54532.288630    14.408     0.006
        54532.299875    14.360     0.006
        54532.311603    14.364     0.006
        54532.323513    14.372     0.006
        54586.194761    14.214     0.017
        54586.215139    14.409     0.007
        54586.235642    14.431     0.011
        54594.203813    14.375     0.009
        54594.214222    14.417     0.009
        54594.224554    14.411     0.009
        54594.234899    14.410     0.009
        54594.245218    14.431     0.009
        54612.182115    14.194     0.015
        54612.199479    14.090     0.015
        54618.161044    14.287     0.007
        54618.171241    14.325     0.009
        54618.181453    14.346     0.009
        54618.191679    14.337     0.009
        54618.201872    14.359     0.009
