        52612.455589    15.489     0.024
        52612.470762    15.350     0.018
        52612.485915    15.316     0.017
        52612.501234    15.182     0.017
        52612.516421    15.192     0.017
        52618.447741    15.229     0.028
        52618.462790    15.273     0.040
        52618.477892    15.329     0.031
        52618.492951    15.489     0.040
        52618.507987    15.701     0.038
        52622.436944    15.266     0.021
        52622.451598    15.371     0.023
        52622.466378    15.507     0.026
        52622.480808    15.679     0.030
        52622.495882    15.604     0.026
        52638.490045    15.591     0.040
        52638.505408    15.585     0.026
        52650.388504    15.593     0.025
        52650.403099    15.617     0.023
        52650.421281    15.428     0.020
        52650.436699    15.307     0.018
        52650.451358    15.237     0.018
        52677.332908    15.168     0.035
        52677.350059    15.277     0.023
        52677.384260    15.599     0.043
        52677.400465    15.533     0.030
        52696.335698    15.257     0.015
        52696.348383    15.207     0.015
        52696.360808    15.147     0.015
        52696.373290    15.255     0.037
        52711.246388    15.550     0.028
        52711.260069    15.537     0.030
        52711.273718    15.363     0.022
        52711.287080    15.245     0.020
        52711.300589    15.192     0.020
        52723.233390    15.369     0.026
        52723.244888    15.327     0.033
        52723.256269    15.326     0.017
        52723.267775    15.492     0.020
        52739.191591    15.394     0.022
        52739.203080    15.241     0.020
        52739.214624    15.170     0.018
        52739.226122    15.124     0.018
        52739.237705    15.146     0.018
        52752.188735    15.207     0.018
        52752.198868    15.161     0.017
        52752.209067    15.215     0.018
        52752.219194    15.218     0.018
        52752.229371    15.300     0.020
        52787.163424    15.407     0.025
        52787.174311    15.543     0.030
        52787.185730    15.540     0.031
        52787.196641    15.532     0.030
        52787.207734    15.465     0.028
        52966.402209    15.327     0.023
        52966.410947    15.465     0.023
        52966.419239    15.546     0.026
        52966.427715    15.720     0.028
        52966.436720    15.735     0.028
        52977.449408    15.296     0.018
        52977.461817    15.339     0.018
        52977.473974    15.314     0.017
        52977.486400    15.298     0.017
        52977.498788    15.325     0.017
        52991.496337    15.335     0.013
        52991.534005    15.406     0.020
        53003.377642    15.302     0.012
        53003.389805    15.229     0.012
        53003.401961    15.211     0.013
        53003.414051    15.219     0.023
        53003.426368    15.273     0.036
        53006.387208    15.640     0.024
        53006.399373    15.549     0.022
        53006.412117    15.373     0.017
        53006.424349    15.261     0.017
        53006.441703    15.177     0.015
        53035.349633    15.562     0.024
        53035.362682    15.544     0.022
        53035.376594    15.440     0.018
        53035.389063    15.275     0.017
        53035.401663    15.205     0.015
        53049.281405    15.258     0.013
        53049.293711    15.206     0.013
        53049.305513    15.174     0.013
        53049.317357    15.190     0.013
        53049.329157    15.211     0.013
        53092.231721    15.634     0.023
        53092.241583    15.626     0.021
        53092.251511    15.558     0.021
        53092.271300    15.359     0.015
        53107.233455    15.358     0.016
        53107.243802    15.332     0.016
        53107.254198    15.238     0.016
        53107.264676    15.322     0.016
        53107.275179    15.230     0.016
        53121.193439    15.545     0.020
        53121.204333    15.694     0.025
        53121.214527    15.700     0.025
        53121.224937    15.689     0.025
        53121.235351    15.510     0.020
        53136.204955    15.329     0.021
        53136.213754    15.338     0.021
        53136.222460    15.192     0.021
        53136.231293    15.325     0.023
        53164.169313    15.242     0.025
        53164.178780    15.373     0.025
        53164.188337    15.446     0.028
        53164.197957    15.547     0.033
        53164.207574    15.620     0.035
        53349.465403    15.198     0.023
        53349.492633    15.344     0.025
        53349.506330    15.385     0.025
        53349.520447    15.470     0.030
        53355.478400    15.467     0.021
        53355.491566    15.638     0.054
        53355.505293    15.564     0.025
        53355.519975    15.414     0.026
        53360.421925    15.364     0.021
        53360.437090    15.206     0.020
        53385.486168    15.304     0.018
        53385.499387    15.463     0.020
        53385.512477    15.660     0.026
        53385.525416    15.616     0.024
        53385.538888    15.559     0.024
        53415.420960    15.657     0.028
        53415.434589    15.551     0.135
        53415.459889    15.269     0.020
        53437.355957    15.448     0.018
        53437.367583    15.622     0.022
        53437.378902    15.601     0.022
        53437.390194    15.620     0.022
        53437.403359    15.433     0.018
        53440.297218    15.651     0.022
        53440.311512    15.414     0.018
        53440.324080    15.276     0.017
        53440.337194    15.207     0.015
        53440.351256    15.183     0.015
        53441.275843    15.188     0.015
        53441.287344    15.189     0.015
        53441.298728    15.215     0.015
        53441.310128    15.241     0.015
        53441.321571    15.363     0.017
        53442.257627    15.504     0.018
        53442.268936    15.587     0.020
        53442.280237    15.593     0.020
        53442.292083    15.433     0.018
        53442.304007    15.318     0.017
        53474.243368    15.265     0.020
        53474.254449    15.308     0.020
        53474.266102    15.488     0.024
        53474.276547    15.557     0.026
        53474.286704    15.570     0.026
        53498.221112    15.597     0.063
        53498.231748    15.603     0.030
        53498.242172    15.626     0.031
        53499.163985    15.531     0.026
        53499.174800    15.472     0.022
        53499.184936    15.333     0.020
        53499.195218    15.262     0.018
        53499.205382    15.197     0.018
        53500.136411    15.203     0.017
        53500.146411    15.185     0.017
        53500.157638    15.183     0.017
        53500.167792    15.214     0.017
        53500.177822    15.233     0.018
        53501.136296    15.667     0.028
        53501.146913    15.670     0.028
        53501.158074    15.606     0.028
        53501.169632    15.396     0.022
        53501.180310    15.270     0.020
        53502.139526    15.163     0.017
        53502.149852    15.197     0.018
        53502.160677    15.254     0.018
        53502.171196    15.342     0.020
        53502.182033    15.493     0.024
        53521.160074    15.275     0.024
        53521.170276    15.213     0.026
        53521.180709    15.217     0.024
        53521.190920    15.223     0.026
        53521.201139    15.209     0.026
        53683.454241    15.616     0.054
        53683.466481    15.376     0.031
        53683.478732    15.324     0.059
        53683.491126    15.302     0.024
        53683.503426    15.290     0.024
        53702.439769    15.283     0.018
        53702.452520    15.397     0.020
        53702.465274    15.484     0.022
        53702.477909    15.715     0.026
        53702.490783    15.728     0.028
        53741.409170    15.291     0.015
        53741.422336    15.200     0.013
        53741.435255    15.149     0.013
        53741.447970    15.137     0.013
        53741.460826    15.185     0.013
        53771.346582    15.212     0.024
        53786.303532    15.278     0.013
        53786.316542    15.399     0.016
        53786.329570    15.527     0.018
        53786.342638    15.698     0.021
        53812.295963    15.590     0.031
        53812.307365    15.439     0.025
        53812.319028    15.341     0.023
        53843.253847    15.560     0.025
        53843.265244    15.420     0.023
        53843.276617    15.393     0.023
        53843.288237    15.357     0.025
        53843.299640    15.346     0.025
        53854.193133    15.424     0.023
        53854.203535    15.542     0.059
        53854.213816    15.579     0.028
        53854.224087    15.681     0.030
        53854.234289    15.498     0.025
        53882.161499    15.564     0.015
        53882.172330    15.498     0.015
        53882.183372    15.445     0.013
        53882.194231    15.400     0.013
        53886.173064    15.321     0.026
        53886.183698    15.198     0.026
        53886.194434    15.334     0.030
        53886.205213    15.416     0.031
        53886.216090    15.488     0.035
        53903.179174    15.588     0.046
        53903.189280    15.469     0.043
        53903.199554    15.402     0.035
        53903.209730    15.375     0.035
        54054.458975    15.346     0.025
        54054.471758    15.375     0.025
        54054.484431    15.485     0.026
        54054.497493    15.615     0.030
        54054.510926    15.600     0.028
        54068.455661    15.320     0.023
        54068.469465    15.223     0.020
        54068.483258    15.342     0.018
        54068.509531    15.422     0.054
        54085.405137    15.246     0.021
        54085.418264    15.268     0.023
        54085.431081    15.383     0.026
        54085.444081    15.537     0.051
        54085.457093    15.584     0.030
        54123.327561    15.294     0.017
        54123.340001    15.225     0.017
        54123.352264    15.241     0.017
        54123.364473    15.211     0.017
        54123.376684    15.271     0.017
        54156.265576    15.387     0.021
        54156.276672    15.388     0.021
        54156.288070    15.354     0.020
        54156.299870    15.326     0.018
        54156.311275    15.357     0.020
        54201.233939    15.443     0.018
        54201.243573    15.318     0.017
        54201.253148    15.255     0.017
        54201.262654    15.228     0.015
        54201.272701    15.208     0.015
        54207.223781    15.329     0.020
        54207.233291    15.327     0.020
        54207.243183    15.343     0.020
        54207.253632    15.297     0.020
        54207.265930    15.422     0.021
        54216.216383    15.308     0.030
        54216.225026    15.367     0.031
        54216.233672    15.365     0.031
        54216.242326    15.366     0.033
        54216.250978    15.390     0.033
        54508.350723    15.420     0.021
        54508.363131    15.579     0.023
        54508.375587    15.725     0.026
        54508.387619    15.761     0.026
        54508.399723    15.519     0.023
        54561.205662    15.380     0.015
        54568.188619    15.690     0.026
        54568.199737    15.491     0.022
        54568.210547    15.375     0.018
        54568.221381    15.259     0.018
        54568.232165    15.236     0.017
        54589.198165    15.583     0.022
        54589.208539    15.602     0.022
        54589.218880    15.591     0.020
        54589.229229    15.532     0.020
        54589.239595    15.435     0.017
        54613.159150    15.680     0.041
        54613.169429    15.711     0.043
        54613.179734    15.513     0.035
        54613.190056    15.404     0.031
        54613.200253    15.367     0.030
        54621.161344    15.182     0.017
        54621.171503    15.196     0.017
        54621.181650    15.250     0.017
        54621.192014    15.254     0.017
        54621.202161    15.360     0.020
