        52618.468007    16.254     0.089
        52618.483089    16.198     0.071
        52618.513140    16.449     0.092
        52622.441733    16.736     0.089
        52622.456534    16.728     0.086
        52622.471141    16.706     0.079
        52622.485614    16.892     0.092
        52622.501002    16.762     0.084
        52638.495033    16.282     0.053
        52638.510396    16.326     0.049
        52650.394340    16.938     0.086
        52650.409150    16.955     0.086
        52650.427877    17.013     0.087
        52650.442601    16.938     0.081
        52650.457228    16.921     0.081
        52665.393639    16.300     0.049
        52665.408373    16.414     0.053
        52665.423409    16.474     0.056
        52665.439182    16.453     0.054
        52665.453886    16.487     0.058
        52677.405458    17.003     0.106
        52677.420598    17.106     0.120
        52677.435493    17.014     0.155
        52677.450472    16.605     0.074
        52677.465963    16.314     0.068
        52696.340489    16.956     0.074
        52696.353192    17.031     0.078
        52696.365586    16.975     0.074
        52696.391047    17.119     0.087
        52711.251277    16.321     0.057
        52711.264904    16.335     0.057
        52711.278549    16.418     0.063
        52711.291887    16.507     0.065
        52711.305372    16.496     0.065
        52723.335137    16.238     0.072
        52739.242420    16.524     0.065
        52739.253927    16.535     0.065
        52739.265336    16.573     0.068
        52739.276735    16.547     0.067
        52739.288219    16.647     0.072
        52752.234238    17.080     0.098
        52752.244504    17.171     0.104
        52752.254759    17.075     0.094
        52752.265127    17.054     0.098
        52752.275427    17.026     0.094
        52770.207210    16.901     0.170
        52770.219087    16.389     0.105
        52770.231400    16.388     0.105
        52770.243382    16.149     0.089
        52787.167937    16.497     0.063
        52787.178873    16.472     0.063
        52787.190238    16.600     0.073
        52787.201398    16.490     0.063
        52787.212210    16.653     0.073
        52811.172427    16.713     0.106
        52811.182442    16.791     0.112
        52811.192416    16.851     0.124
        52811.202490    16.858     0.125
        52811.212787    16.908     0.127
        52977.453227    16.325     0.055
        52977.465518    16.451     0.065
        52977.477686    16.426     0.061
        52977.490107    16.399     0.059
        52977.502422    16.486     0.065
        52991.487847    16.881     0.061
        52991.500361    16.902     0.064
        52991.512978    16.872     0.064
        52991.525517    16.927     0.087
        53006.387332    16.439     0.068
        53006.424324    16.878     0.089
        53006.437720    16.960     0.094
        53024.393740    16.516     0.033
        53024.422352    16.574     0.058
        53035.406183    16.272     0.043
        53035.430873    16.355     0.044
        53035.443913    16.481     0.072
        53035.456220    16.391     0.048
        53050.327531    16.880     0.154
        53050.339220    16.720     0.150
        53050.350902    16.764     0.209
        53050.362513    16.912     0.207
        53050.374124    16.754     0.141
        53065.283542    16.983     0.085
        53065.294775    16.970     0.081
        53065.306015    16.979     0.081
        53065.317370    17.014     0.083
        53065.328657    17.024     0.083
        53078.281015    16.891     0.067
        53078.291794    16.779     0.065
        53078.302566    16.961     0.074
        53078.313206    16.858     0.070
        53078.323971    16.911     0.072
        53093.230575    16.904     0.073
        53093.240512    16.968     0.074
        53095.273428    17.064     0.111
        53095.283845    16.905     0.096
        53095.294269    16.882     0.094
        53095.304556    16.913     0.096
        53095.314923    16.913     0.096
        53109.241084    16.437     0.048
        53109.252202    16.480     0.050
        53109.263342    16.455     0.052
        53109.274388    16.589     0.057
        53109.285472    16.568     0.055
        53121.199197    17.024     0.078
        53121.209831    17.064     0.080
        53121.220235    17.022     0.076
        53121.230639    17.026     0.078
        53121.241048    16.786     0.063
        53137.201611    16.544     0.065
        53137.211191    16.587     0.067
        53137.220714    16.559     0.067
        53150.203711    17.379     0.303
        53150.229986    16.893     0.179
        53165.172425    16.645     0.094
        53165.182411    16.637     0.085
        53165.192391    16.649     0.148
        53165.202369    16.690     0.091
        53165.212388    16.757     0.096
        53177.173199    16.153     0.050
        53177.183147    16.291     0.054
        53319.466124    16.119     0.065
        53319.478000    16.142     0.063
        53319.489875    16.084     0.059
        53319.501737    16.276     0.063
        53319.513600    16.348     0.068
        53341.481383    17.207     0.249
        53341.495169    17.477     0.312
        53341.508183    17.182     0.239
        53341.520718    17.086     0.211
        53349.467562    16.827     0.113
        53349.479552    16.480     0.083
        53349.491798    16.189     0.065
        53349.504231    16.144     0.061
        53349.517880    16.151     0.057
        53389.492235    16.949     0.091
        53389.508216    16.855     0.078
        53389.524201    16.589     0.068
        53443.379867    16.447     0.093
        53443.390509    16.418     0.052
        53443.401148    16.401     0.107
        53443.411772    16.368     0.216
        53443.422396    16.539     0.170
        53473.284782    17.116     0.104
        53473.295518    17.012     0.096
        53473.306637    17.089     0.105
        53473.318527    16.930     0.093
        53473.329119    16.614     0.072
        53498.201215    16.340     0.296
        53498.212277    16.445     0.168
        53498.223816    16.442     0.118
        53498.234443    16.540     0.076
        53498.244897    16.591     0.072
        53499.208151    16.205     0.044
        53499.218711    16.246     0.046
        53499.229539    16.318     0.050
        53499.240102    16.328     0.050
        53499.251038    16.409     0.054
        53528.171699    16.224     0.067
        53528.183341    16.162     0.061
        53528.194280    16.180     0.065
        53528.204978    16.224     0.067
        53528.215584    16.249     0.070
        53539.171744    17.010     0.233
        53539.181262    17.226     0.283
        53539.190788    17.096     0.255
        53539.200306    17.051     0.248
        53539.209821    16.823     0.218
        53550.173282    16.991     0.118
        53550.193046    16.844     0.118
        53550.202933    16.870     0.122
        53550.212822    17.012     0.142
        53702.444248    16.819     0.093
        53702.456921    16.819     0.091
        53702.469690    16.826     0.085
        53702.482273    16.808     0.089
        53702.495116    16.827     0.085
        53741.413388    16.877     0.070
        53741.426442    16.856     0.068
        53741.439301    16.915     0.068
        53741.452028    16.899     0.065
        53741.464804    16.853     0.061
        53771.351681    16.815     0.100
        53786.338033    16.905     0.078
        53786.349971    16.963     0.154
        53786.361907    16.864     0.131
        53786.373846    17.045     0.111
        53812.300153    16.208     0.059
        53812.311789    16.335     0.066
        53843.257173    16.948     0.106
        53843.268534    16.999     0.117
        53843.279911    16.916     0.119
        53843.291550    16.959     0.132
        53843.302934    17.005     0.140
        53854.238097    17.053     0.196
        53854.248166    16.986     0.186
        53854.258173    16.873     0.168
        53854.268295    16.810     0.231
        53882.164607    17.174     0.127
        53882.175464    17.035     0.111
        53882.186519    17.024     0.114
        53882.197385    16.919     0.107
        53882.208487    17.058     0.117
        53886.176204    16.620     0.087
        53886.186865    16.613     0.089
        53886.197608    16.724     0.096
        53886.208395    16.609     0.089
        53886.219293    16.830     0.105
        53903.172167    16.793     0.120
        53903.182261    16.983     0.163
        53903.192418    16.927     0.139
        53903.202690    16.975     0.141
        53903.212906    16.946     0.144
        54055.446284    16.836     0.129
        54055.458826    16.967     0.139
        54055.471863    17.045     0.137
        54055.486730    17.101     0.130
        54055.499744    16.996     0.116
        54067.458419    16.522     0.064
        54067.471300    16.612     0.074
        54067.485163    16.568     0.071
        54067.498315    16.605     0.068
        54067.510930    16.708     0.073
        54085.409449    16.526     0.092
        54085.422438    16.657     0.120
        54085.435257    16.611     0.087
        54085.448265    16.605     0.150
        54085.461262    16.756     0.104
        54123.331588    16.494     0.068
        54123.344076    16.497     0.068
        54123.356287    16.491     0.067
        54123.368501    16.523     0.067
        54123.380786    16.559     0.068
        54156.316149    16.926     0.104
        54156.327157    16.945     0.104
        54156.338246    16.952     0.099
        54156.349269    17.109     0.112
        54156.360356    17.084     0.106
        54201.237676    16.327     0.046
        54201.247478    16.191     0.041
        54201.256896    16.155     0.039
        54201.266405    16.155     0.039
        54201.276723    16.240     0.041
        54207.227072    16.694     0.137
        54207.236654    16.826     0.155
        54207.246476    16.842     0.155
        54207.257145    16.872     0.158
        54207.270615    16.899     0.165
        54216.219545    16.702     0.093
        54216.228193    16.760     0.093
        54216.236843    16.587     0.081
        54216.245496    16.740     0.091
        54216.254151    16.834     0.098
        54529.206262    16.423     0.069
        54529.219542    16.613     0.081
        54529.231234    16.600     0.081
        54529.242662    16.665     0.083
        54529.253744    16.678     0.081
        54573.271279    16.762     0.168
        54573.282013    16.780     0.172
        54582.239506    16.746     0.117
        54582.250217    17.187     0.180
        54582.260366    17.097     0.167
        54582.270508    16.791     0.129
        54613.161964    17.087     0.201
        54613.182476    16.911     0.172
        54613.192771    16.820     0.153
