        52623.469533    15.265     0.030
        52623.485384    15.247     0.033
        52623.501292    15.256     0.024
        52623.517184    15.300     0.030
        52652.388255    15.283     0.018
        52652.403309    15.257     0.017
        52652.418735    15.272     0.015
        52652.433929    15.264     0.017
        52652.449182    15.316     0.015
        52652.467060    15.309     0.015
        52652.482288    15.384     0.017
        52652.500455    15.440     0.017
        52664.352469    15.310     0.020
        52664.367721    15.304     0.022
        52664.382958    15.333     0.041
        52664.413566    15.295     0.104
        52681.287759    15.418     0.035
        52681.305256    15.376     0.033
        52681.323881    15.306     0.020
        52681.342379    15.308     0.018
        52695.317449    15.618     0.026
        52695.317569    15.433     0.028
        52695.331241    15.525     0.026
        52695.345019    15.580     0.036
        52695.358822    15.588     0.036
        52722.296815    15.341     0.020
        52722.308932    15.345     0.020
        52722.321042    15.374     0.020
        52722.333062    15.383     0.021
        52722.345072    15.402     0.023
        52751.250120    15.289     0.021
        52751.260899    15.311     0.021
        52751.271630    15.335     0.023
        52751.283015    15.374     0.025
        52751.293765    15.366     0.025
        52771.221978    15.298     0.037
        52771.233654    15.287     0.035
        52771.245343    15.290     0.033
        52782.211860    15.591     0.065
        52800.202534    15.276     0.050
        52800.212586    15.269     0.050
        52810.176067    15.338     0.024
        52810.186032    15.327     0.022
        52810.215924    15.275     0.028
        52812.176985    15.356     0.024
        52812.187199    15.381     0.026
        52812.197554    15.410     0.026
        52812.207773    15.444     0.028
        52812.218197    15.411     0.028
        52976.405038    15.481     0.023
        52976.416099    15.455     0.023
        52976.427156    15.437     0.021
        52976.438239    15.425     0.021
        52976.449296    15.385     0.020
        52990.405930    15.387     0.022
        52990.419223    15.436     0.024
        52990.433225    15.449     0.024
        52990.459492    15.442     0.028
        53023.400174    15.314     0.015
        53023.413087    15.309     0.015
        53023.425766    15.330     0.015
        53023.438445    15.357     0.015
        53023.451136    15.321     0.015
        53046.352374    15.280     0.022
        53046.364311    15.280     0.020
        53046.376292    15.265     0.020
        53046.388435    15.262     0.020
        53046.400481    15.266     0.022
        53094.285454    15.266     0.015
        53094.295834    15.334     0.015
        53094.306432    15.266     0.015
        53094.317124    15.296     0.015
        53094.327562    15.296     0.015
        53107.246231    15.265     0.015
        53107.257479    15.257     0.015
        53107.268674    15.304     0.015
        53107.279939    15.278     0.015
        53107.291157    15.329     0.015
        53127.262537    15.285     0.039
        53136.202223    15.300     0.018
        53136.211579    15.282     0.018
        53136.220882    15.289     0.018
        53136.230201    15.309     0.018
        53136.239506    15.290     0.020
        53154.208377    15.505     0.041
        53154.217283    15.494     0.041
        53154.226122    15.484     0.041
        53154.234957    15.507     0.041
        53154.243872    15.491     0.041
        53164.175117    15.420     0.022
        53164.185328    15.416     0.020
        53164.195543    15.423     0.022
        53164.205760    15.457     0.022
        53164.216000    15.466     0.024
        53330.467662    15.301     0.028
        53340.462925    15.306     0.033
        53340.478407    15.350     0.033
        53340.490973    15.351     0.033
        53340.508788    15.391     0.031
        53356.478980    15.415     0.021
        53356.492536    15.439     0.021
        53356.506006    15.443     0.021
        53356.519523    15.504     0.023
        53356.532840    15.518     0.023
        53358.406113    15.501     0.028
        53358.420554    15.511     0.028
        53358.435350    15.510     0.028
        53358.449961    15.544     0.028
        53358.464489    15.488     0.026
        53401.392312    15.349     0.030
        53421.349046    15.299     0.026
        53421.384878    15.255     0.024
        53430.364816    15.355     0.026
        53430.376529    15.377     0.026
        53430.390407    15.398     0.026
        53430.402716    15.408     0.028
        53430.414073    15.427     0.028
        53479.233760    15.271     0.037
        53479.243783    15.295     0.037
        53479.256244    15.298     0.039
        53479.266097    15.316     0.039
        53479.275651    15.292     0.035
        53491.244211    15.344     0.026
        53491.258172    15.349     0.022
        53491.270545    15.395     0.024
        53491.283955    15.394     0.031
        53491.295132    15.432     0.026
        53537.205257    15.293     0.044
        53552.174234    15.385     0.033
        53552.184414    15.433     0.035
        53552.194827    15.453     0.037
        53552.205004    15.457     0.037
        53552.215663    15.463     0.041
        53700.454567    15.369     0.030
        53700.467537    15.292     0.026
        53700.480337    15.259     0.026
        53700.493310    15.302     0.024
        53700.505995    15.285     0.020
        53757.383048    15.308     0.022
        53757.395671    15.332     0.022
        53757.408392    15.285     0.024
        53757.421070    15.362     0.024
        53757.433777    15.350     0.026
        53773.358859    15.292     0.022
        53773.372005    15.346     0.020
        53773.384912    15.321     0.022
        53773.397703    15.328     0.020
        53773.410473    15.332     0.020
        53825.285345    15.324     0.016
        53825.296455    15.328     0.020
        53825.307577    15.324     0.018
        53825.319647    15.338     0.018
        53825.330822    15.349     0.018
        53842.247294    15.646     0.046
        53842.258879    15.586     0.046
        53842.270448    15.546     0.046
        53842.282164    15.541     0.046
        53842.293776    15.509     0.045
        53856.267682    15.529     0.030
        53856.277745    15.654     0.030
        53856.287615    15.569     0.030
        53856.297583    15.631     0.030
        53856.307505    15.666     0.031
        53877.220322    15.423     0.058
        53877.252292    15.347     0.031
        53877.262920    15.357     0.036
        53904.172207    15.492     0.033
        53904.182140    15.491     0.033
        53904.192115    15.530     0.035
        53904.202233    15.509     0.035
        53904.212342    15.528     0.037
        54052.459770    15.379     0.041
        54052.472043    15.342     0.031
        54052.484293    15.318     0.028
        54052.496553    15.323     0.026
        54052.508879    15.305     0.028
        54098.380224    15.424     0.028
        54098.392403    15.515     0.030
        54098.404568    15.475     0.026
        54098.416927    15.490     0.026
        54098.429168    15.490     0.026
        54124.339796    15.457     0.025
        54124.352591    15.479     0.026
        54124.364993    15.480     0.026
        54124.377458    15.484     0.025
        54124.390039    15.480     0.025
        54140.340367    15.495     0.028
        54140.352807    15.537     0.030
        54140.364850    15.697     0.031
        54140.376858    15.667     0.030
        54140.389042    15.696     0.033
        54187.279801    15.397     0.036
        54187.290358    15.352     0.033
        54187.301181    15.337     0.033
        54198.269869    15.414     0.022
        54198.279523    15.456     0.024
        54198.299233    15.466     0.046
        54210.224217    15.637     0.028
        54210.233261    15.673     0.028
        54210.241961    15.655     0.026
        54210.250664    15.635     0.026
        54210.259598    15.550     0.028
        54218.237620    15.340     0.043
        54218.246215    15.333     0.041
        54218.254801    15.306     0.041
        54481.403626    15.274     0.026
        54498.334748    15.451     0.031
        54498.346579    15.459     0.031
        54498.358405    15.466     0.031
        54498.370265    15.472     0.030
        54498.382103    15.484     0.031
        54526.330684    15.327     0.023
        54526.342330    15.325     0.023
        54526.353694    15.299     0.021
        54526.365014    15.297     0.021
        54526.379192    15.305     0.025
        54537.272381    15.437     0.033
        54537.283498    15.581     0.045
        54537.305560    15.528     0.041
        54537.316432    15.641     0.030
        54559.246339    15.446     0.033
        54559.258571    15.442     0.033
        54559.270443    15.470     0.033
        54559.281863    15.431     0.031
        54559.293255    15.428     0.033
        54569.242801    15.494     0.033
        54569.253805    15.524     0.036
        54569.264729    15.509     0.035
        54569.275675    15.619     0.036
        54569.286586    15.489     0.035
        54584.241251    15.318     0.030
        54584.251250    15.318     0.030
        54584.261265    15.302     0.030
        54584.271551    15.325     0.030
        54584.281533    15.295     0.030
        54599.200681    15.440     0.086
        54615.224277    15.437     0.049
        54615.234572    15.381     0.049
        54615.255128    15.493     0.054
