        52641.464435    16.776     0.072
        52641.479718    16.918     0.083
        52641.494929    16.730     0.074
        52641.510120    16.904     0.080
        52641.525235    16.983     0.081
        52644.488208    16.564     0.061
        52644.503108    16.621     0.081
        52644.517953    16.676     0.080
        52644.532690    16.710     0.080
        52648.398620    16.905     0.102
        52648.413671    16.982     0.107
        52648.428361    16.884     0.096
        52648.443507    16.674     0.074
        52648.459106    16.345     0.054
        52667.466950    17.035     0.094
        52667.482204    16.994     0.104
        52667.497432    16.987     0.100
        52667.512569    16.996     0.102
        52667.528029    16.836     0.089
        52671.400457    16.846     0.076
        52671.415819    16.727     0.070
        52671.431002    16.759     0.072
        52671.446344    16.830     0.078
        52671.461600    16.922     0.085
        52674.400152    16.589     0.061
        52674.414146    16.664     0.063
        52674.428137    16.665     0.067
        52674.442017    16.780     0.078
        52674.455954    16.774     0.074
        52704.371917    16.760     0.070
        52704.385083    16.813     0.072
        52704.398442    16.886     0.076
        52704.411611    16.787     0.072
        52704.424690    16.902     0.085
        52707.314128    16.255     0.048
        52707.327054    16.240     0.033
        52707.327169    16.247     0.046
        52707.340350    16.277     0.035
        52707.340465    16.366     0.051
        52707.353602    16.330     0.036
        52707.353716    16.382     0.053
        52707.367112    16.439     0.041
        52707.367227    16.435     0.054
        52728.292032    16.899     0.074
        52728.304916    16.972     0.080
        52728.317289    16.888     0.072
        52728.330775    16.919     0.076
        52728.343600    17.050     0.087
        52731.323765    16.922     0.089
        52731.335757    16.975     0.279
        52731.347770    16.999     0.105
        52735.285921    16.562     0.067
        52737.304359    16.488     0.052
        52737.328832    16.669     0.061
        52737.340709    16.650     0.057
        52737.352698    16.681     0.061
        52737.364663    16.592     0.057
        52756.205032    17.007     0.099
        52756.217141    16.961     0.097
        52756.229322    17.065     0.107
        52756.241566    17.048     0.107
        52756.253760    17.039     0.106
        52760.207260    16.907     0.070
        52760.219188    17.024     0.083
        52760.231116    17.033     0.083
        52760.243058    16.961     0.087
        52760.254983    16.949     0.083
        52764.146494    16.450     0.035
        52764.159584    16.484     0.037
        52764.172473    16.532     0.041
        52764.185141    16.578     0.041
        52764.197451    16.613     0.043
        52767.208384    16.324     0.059
        52767.221024    16.469     0.066
        52767.232662    16.494     0.066
        52767.244312    16.619     0.076
        52767.256916    16.570     0.073
        52789.214918    16.999     0.098
        52789.225213    17.056     0.104
        52789.235632    16.921     0.091
        52789.245941    17.048     0.100
        52789.256414    17.100     0.104
        52794.172736    16.735     0.078
        52794.182747    16.682     0.078
        52794.192673    16.861     0.096
        52794.202631    16.821     0.089
        52794.212599    16.766     0.093
        52816.169819    16.214     0.067
        52816.179609    16.291     0.070
        52816.190253    16.356     0.080
        52816.200121    16.432     0.094
        52816.209951    16.642     0.133
        52823.170111    16.992     0.228
        52823.180020    17.021     0.218
        52823.189954    16.970     0.133
        52823.199898    16.955     0.155
        52987.472108    15.962     0.083
        52987.498059    16.013     0.076
        52987.510927    16.105     0.065
        52995.525409    16.893     0.059
        53000.479864    16.350     0.037
        53000.518730    16.599     0.041
        53000.531646    16.528     0.037
        53026.420325    16.722     0.074
        53026.434340    16.755     0.083
        53026.447356    16.860     0.172
        53026.461933    16.711     0.074
        53033.394661    16.095     0.044
        53033.406907    16.195     0.043
        53033.419418    16.174     0.043
        53033.431513    16.292     0.046
        53033.443660    16.337     0.048
        53054.375486    16.883     0.065
        53054.388029    16.874     0.063
        53054.400039    16.936     0.068
        53054.412695    16.915     0.067
        53054.426327    16.833     0.065
        53058.345516    16.566     0.041
        53058.357865    16.583     0.041
        53058.370207    16.739     0.046
        53058.381610    16.770     0.065
        53058.399870    16.806     0.052
        53080.336097    16.113     0.033
        53080.347587    16.057     0.033
        53080.358559    16.126     0.035
        53080.370697    16.174     0.037
        53080.382108    16.286     0.041
        53081.344998    16.631     0.051
        53081.356618    16.345     0.041
        53081.367719    16.090     0.033
        53081.368300    16.106     0.033
        53081.378752    16.016     0.031
        53081.379767    16.125     0.035
        53081.389791    16.071     0.033
        53081.391105    16.132     0.033
        53081.400809    16.099     0.035
        53081.411728    16.167     0.037
        53083.338892    16.900     0.057
        53083.349576    16.847     0.057
        53083.360813    16.890     0.061
        53083.371784    16.902     0.059
        53083.382627    16.841     0.065
        53086.345355    16.760     0.061
        53086.356195    16.845     0.072
        53086.366939    16.839     0.074
        53086.378002    16.850     0.072
        53086.389000    16.844     0.074
        53092.331814    16.467     0.046
        53092.342309    16.550     0.050
        53092.352488    16.526     0.050
        53092.362669    16.541     0.050
        53092.372851    16.544     0.052
        53115.303267    16.735     0.063
        53117.263674    16.839     0.058
        53117.274147    16.857     0.063
        53117.284944    16.945     0.068
        53117.296050    16.969     0.068
        53117.306448    16.935     0.066
        53139.204099    16.248     0.048
        53139.213407    16.322     0.050
        53139.222705    16.341     0.052
        53139.232010    16.448     0.057
        53139.241470    16.431     0.057
        53143.233872    16.914     0.085
        53143.243375    16.991     0.081
        53143.252721    16.737     0.067
        53143.262063    16.655     0.057
        53143.271410    16.414     0.046
        53147.206892    16.711     0.071
        53147.224492    16.884     0.083
        53147.242733    16.761     0.073
        53169.173702    16.460     0.061
        53169.183824    16.481     0.063
        53169.193919    16.485     0.063
        53169.204018    16.487     0.067
        53169.214128    16.599     0.070
        53172.174055    16.366     0.048
        53172.185008    16.060     0.039
        53172.205734    16.032     0.046
        53172.215982    16.142     0.044
        53174.172964    17.084     0.107
        53174.182782    17.096     0.107
        53174.194770    17.083     0.104
        53174.204593    16.891     0.092
        53174.214765    17.000     0.102
        53346.459865    16.826     0.170
        53346.473312    16.798     0.159
        53346.486587    16.761     0.152
        53346.499243    17.019     0.176
        53346.511387    17.041     0.167
        53348.460377    17.124     0.200
        53348.472836    16.922     0.126
        53348.485291    16.929     0.118
        53348.499118    16.861     0.107
        53348.512308    16.861     0.102
        53354.456292    16.505     0.068
        53354.469237    16.604     0.074
        53354.483382    16.543     0.068
        53354.496207    16.542     0.070
        53354.509163    16.567     0.070
        53377.413714    16.915     0.094
        53377.426878    16.871     0.085
        53377.441328    16.915     0.087
        53377.455436    16.847     0.081
        53377.468558    16.914     0.083
        53382.507893    16.889     0.083
        53382.522684    16.890     0.083
        53382.538252    16.920     0.091
        53404.430856    16.241     0.048
        53404.443171    16.268     0.050
        53404.456613    16.292     0.052
        53404.469485    16.437     0.059
        53404.483213    16.412     0.061
        53433.365817    16.441     0.048
        53433.377266    16.466     0.052
        53433.388721    16.409     0.052
        53433.401637    16.560     0.063
        53433.413345    16.541     0.063
        53436.313305    16.993     0.080
        53436.324699    16.963     0.080
        53436.336700    16.602     0.054
        53436.348102    16.521     0.052
        53436.359502    16.256     0.041
        53437.347745    16.924     0.078
        53437.359075    16.878     0.072
        53437.370698    16.566     0.055
        53437.382022    16.430     0.050
        53437.395181    16.230     0.041
        53440.427529    16.939     0.094
        53440.438019    16.953     0.098
        53440.448516    16.938     0.102
        53440.460196    16.699     0.085
        53440.471821    16.463     0.072
        53465.280713    16.216     0.048
        53465.280811    16.243     0.048
        53465.291814    16.310     0.052
        53465.291914    16.306     0.050
        53465.303360    16.308     0.050
        53465.303457    16.347     0.052
        53465.314665    16.384     0.055
        53465.314762    16.395     0.055
        53465.325164    16.382     0.055
        53465.325262    16.451     0.057
        53465.335370    16.410     0.052
        53465.346130    16.519     0.061
        53465.357824    16.531     0.061
        53465.369267    16.538     0.061
        53465.379539    16.556     0.061
        53468.277803    16.974     0.216
        53468.287315    17.062     0.131
        53468.297287    17.213     0.191
        53473.276717    16.944     0.093
        53473.288122    16.928     0.093
        53473.299327    16.949     0.096
        53473.310213    17.051     0.107
        53473.322585    16.979     0.102
        53478.226745    16.462     0.118
        53478.237710    16.433     0.109
        53478.247872    16.418     0.102
        53478.267959    16.578     0.120
        53479.278580    16.340     0.122
        53479.291658    16.382     0.131
        53479.313848    16.437     0.146
        53479.323682    16.548     0.168
        53493.296608    16.748     0.098
        53493.306955    16.717     0.094
        53493.317684    16.875     0.111
        53493.327620    16.711     0.094
        53493.337703    17.001     0.122
        53496.202920    16.462     0.070
        53496.213132    16.263     0.059
        53496.223443    16.103     0.054
        53496.233708    16.190     0.057
        53496.243931    16.216     0.057
        53526.193836    16.272     0.091
        53526.214823    16.395     0.080
        53527.170155    16.368     0.063
        53527.180451    16.199     0.054
        53527.190347    16.219     0.055
        53527.200110    16.226     0.057
        53527.209914    16.254     0.061
        53733.456972    16.894     0.100
        53733.469617    16.945     0.104
        53733.482349    16.718     0.157
        53746.462253    16.182     0.068
        53746.474675    16.081     0.055
        53746.487370    16.064     0.052
        53746.499826    16.153     0.052
        53746.512345    16.289     0.052
        53791.359050    16.084     0.036
        53791.368961    16.067     0.039
        53791.370837    16.139     0.038
        53791.380701    16.154     0.043
        53791.382620    16.167     0.040
        53791.392456    16.158     0.043
        53791.394245    16.290     0.043
        53791.404212    16.293     0.048
        53791.406130    16.315     0.045
        53791.415976    16.270     0.048
        53794.398684    17.045     0.083
        53794.410300    16.990     0.080
        53794.421925    16.820     0.068
        53794.433556    16.448     0.050
        53794.445184    16.230     0.041
        53815.338663    16.789     0.098
        53815.349809    16.937     0.120
        53815.360944    16.777     0.107
        53815.372110    16.850     0.117
        53815.383273    17.095     0.150
        53817.270561    16.643     0.068
        53817.281827    16.633     0.066
        53817.293091    16.644     0.066
        53817.304431    16.735     0.074
        53817.315784    16.788     0.079
        53818.333374    16.679     0.070
        53818.343977    16.680     0.070
        53818.356537    16.725     0.072
        53818.368312    16.763     0.076
        53818.381743    16.824     0.083
        53823.317253    16.817     0.078
        53823.330516    16.437     0.055
        53823.343160    16.145     0.041
        53823.358959    16.126     0.043
        53823.375794    16.198     0.046
        53825.286612    16.976     0.098
        53825.299085    16.995     0.124
        53825.310104    16.972     0.104
        53825.332789    17.053     0.172
        53829.326472    17.049     0.161
        53829.339630    16.846     0.487
        53846.250934    16.786     0.094
        53846.261476    16.805     0.097
        53846.272176    16.803     0.097
        53846.282756    16.806     0.096
        53848.291927    16.731     0.098
        53848.302689    16.748     0.100
        53848.313346    16.815     0.113
        53848.324135    16.836     0.118
        53848.335022    16.766     0.109
        53849.298707    16.682     0.080
        53849.309496    16.609     0.076
        53849.320271    16.717     0.081
        53849.331372    16.722     0.087
        53849.342138    16.804     0.096
        53850.285383    16.497     0.074
        53852.260004    16.135     0.054
        53852.270824    16.189     0.055
        53852.281192    16.271     0.061
        53852.292233    16.313     0.063
        53852.303982    16.327     0.065
        53855.251517    17.016     0.111
        53855.262137    16.970     0.105
        53855.273776    17.045     0.113
        53855.284679    17.131     0.122
        53855.295357    17.026     0.113
        53858.245627    17.013     0.396
        53858.268278    17.120     0.289
        53858.289928    17.062     0.135
        53880.227949    16.594     0.076
        53880.261405    16.625     0.081
        53883.223139    16.143     0.057
        53883.234551    16.268     0.065
        53883.246052    16.274     0.063
        53883.257503    16.295     0.067
        53883.268929    16.398     0.085
        53884.167794    17.097     0.130
        53884.179549    17.069     0.128
        53884.191314    17.184     0.146
        53884.203111    16.830     0.107
        53884.212197    16.553     0.078
        53884.214895    16.494     0.078
        53884.225002    16.301     0.063
        53884.237604    16.070     0.053
        53884.250349    16.131     0.056
        53884.262613    16.135     0.058
        53901.179742    16.915     0.259
        53901.189686    16.788     0.148
        53901.199699    16.789     0.155
        53901.209757    16.867     0.196
        53911.217572    16.790     0.234
        54084.487750    16.134     0.057
        54084.501479    16.159     0.063
        54084.515214    16.250     0.078
        54084.528939    16.241     0.078
        54087.483780    16.937     0.107
        54121.400584    16.925     0.097
        54121.413336    16.987     0.111
        54121.425896    16.800     0.096
        54121.438295    16.930     0.109
        54121.450825    16.949     0.109
        54124.405048    16.769     0.061
        54124.421143    16.788     0.067
        54124.434036    16.745     0.063
        54124.447850    16.806     0.067
        54124.460938    16.813     0.063
        54149.393159    17.129     0.106
        54149.404876    17.040     0.094
        54149.416733    16.843     0.081
        54149.429407    16.632     0.071
        54149.441313    16.287     0.049
        54155.356167    16.815     0.065
        54155.367988    16.776     0.061
        54155.379827    16.865     0.067
        54155.391785    16.841     0.067
        54155.403626    16.946     0.076
        54156.327316    16.555     0.063
        54156.338931    16.564     0.063
        54156.350447    16.664     0.067
        54156.361974    16.617     0.063
        54156.373501    16.641     0.063
        54174.321105    16.613     0.071
        54174.331747    16.565     0.172
        54174.342416    16.637     0.069
        54174.353173    16.712     0.078
        54175.326543    16.457     0.048
        54175.337297    16.439     0.048
        54175.348024    16.499     0.050
        54175.358620    16.576     0.054
        54175.369310    16.635     0.055
        54180.285018    16.899     0.079
        54180.295481    16.989     0.084
        54180.306054    16.995     0.087
        54180.316567    16.987     0.083
        54180.327118    17.075     0.092
        54200.264054    16.787     0.094
        54200.283128    16.826     0.116
        54200.292562    16.925     0.119
        54207.269027    16.222     0.039
        54207.278172    16.306     0.041
        54207.287356    16.388     0.054
        54210.265921    17.044     0.087
        54210.274926    17.125     0.093
        54210.283907    16.950     0.083
        54210.292899    16.869     0.078
        54210.301923    16.821     0.078
        54447.457864    16.769     0.067
        54447.470932    16.856     0.078
        54474.404430    16.829     0.059
        54474.417428    16.777     0.080
        54474.430443    16.837     0.083
        54474.443460    16.867     0.070
        54474.456447    17.028     0.154
        54508.409758    16.820     0.055
        54508.421867    16.849     0.057
        54508.433951    16.939     0.061
        54508.446046    16.822     0.065
        54508.458182    16.772     0.059
        54524.393995    16.766     0.061
        54524.429466    16.793     0.065
        54524.441313    16.828     0.070
        54535.448060    16.354     0.053
        54535.459079    16.385     0.054
        54535.469963    16.446     0.059
        54535.480842    16.519     0.068
        54535.491933    16.461     0.068
        54537.325590    16.921     0.102
        54537.336651    16.838     0.089
        54537.347639    17.065     0.187
        54537.358590    16.807     0.070
        54537.369566    16.864     0.091
        54543.245135    16.310     0.078
        54543.256086    16.276     0.080
        54555.303826    16.829     0.057
        54555.315639    16.969     0.059
        54555.327581    16.875     0.057
        54555.339629    16.855     0.054
        54555.351448    16.990     0.061
        54564.296722    15.993     0.028
        54564.308127    16.020     0.028
        54564.319485    16.063     0.030
        54564.330832    16.098     0.030
        54564.342156    16.178     0.033
        54580.244744    17.022     0.105
        54580.255375    16.822     0.089
        54580.265971    16.528     0.070
        54580.276573    16.321     0.063
        54580.287182    16.075     0.050
        54590.200891    16.516     0.111
        54590.210659    16.513     0.104
        54590.220325    16.418     0.102
        54590.230283    16.602     0.111
        54590.239960    16.589     0.111
        54592.245414    16.445     0.050
        54592.256111    16.436     0.048
        54592.266582    16.401     0.048
        54592.277015    16.512     0.054
        54592.287432    16.583     0.057
        54611.208221    16.903     0.068
        54611.218115    16.798     0.063
        54611.227973    16.511     0.048
        54611.237997    16.323     0.043
        54611.247779    16.117     0.035
        54615.214604    16.862     0.080
        54615.225320    16.943     0.085
        54615.235648    16.924     0.089
        54615.235774    16.915     0.089
        54615.246218    16.891     0.085
        54615.256734    16.824     0.085
