        52613.373842    14.097     0.007
        52613.389281    14.051     0.007
        52613.420161    14.063     0.007
        52613.435453    14.116     0.007
        52618.410408    14.158     0.007
        52618.425993    14.269     0.011
        52618.441424    14.384     0.011
        52639.320910    14.027     0.008
        52639.336597    14.052     0.010
        52639.352348    14.110     0.008
        52639.367332    14.202     0.008
        52639.382320    14.307     0.010
        52643.368934    14.058     0.007
        52643.383227    14.062     0.007
        52643.397404    14.073     0.007
        52647.323784    14.127     0.007
        52647.338654    14.171     0.007
        52647.353259    14.266     0.007
        52647.367938    14.384     0.009
        52647.382525    14.360     0.009
        52666.307964    14.111     0.007
        52666.323326    14.170     0.007
        52666.338667    14.298     0.007
        52666.354146    14.384     0.007
        52670.325727    14.105     0.007
        52670.381701    14.130     0.007
        52673.240235    14.078     0.007
        52673.271316    14.280     0.007
        52673.286834    14.378     0.009
        52678.317253    14.020     0.011
        52678.331235    14.030     0.007
        52678.345308    14.030     0.007
        52678.359422    14.081     0.007
        52698.233705    14.023     0.007
        52698.260665    14.106     0.007
        52698.274409    14.203     0.020
        52698.288465    14.330     0.007
        52703.241014    14.182     0.007
        52703.254348    14.236     0.013
        52703.281858    14.287     0.009
        52703.295212    14.176     0.007
        52724.177799    14.100     0.010
        52724.190414    14.213     0.010
        52724.203177    14.336     0.012
        52724.215371    14.382     0.012
        52724.215486    14.628     0.018
        52724.227473    14.312     0.012
        52730.176605    14.015     0.007
        52730.188969    14.066     0.007
        52730.200610    14.113     0.007
        52730.212750    14.176     0.009
        52730.224292    14.292     0.009
        52733.187254    14.022     0.007
        52733.211527    14.086     0.007
        52733.223801    14.147     0.007
        52733.235944    14.246     0.009
        52753.128867    14.294     0.012
        52753.128884    14.287     0.009
        52753.141913    14.375     0.012
        52753.152651    14.336     0.011
        52753.154466    14.314     0.012
        52753.164547    14.215     0.009
        52753.166848    14.198     0.012
        52753.179426    14.083     0.010
        52754.155159    14.095     0.010
        52754.167877    14.165     0.010
        52754.180235    14.238     0.012
        52754.192544    14.322     0.013
        52754.205237    14.303     0.013
        52758.142398    14.138     0.007
        52758.154394    14.091     0.007
        52758.166404    14.021     0.007
        52758.190650    13.999     0.007
        52933.471148    14.268     0.013
        52933.483745    14.337     0.013
        52933.496506    14.322     0.013
        52940.463250    14.121     0.015
        52940.475835    14.072     0.022
        52940.501596    14.102     0.015
        52944.444277    14.159     0.010
        52944.456824    14.258     0.010
        52944.469468    14.361     0.012
        52944.481819    14.422     0.012
        52944.494162    14.372     0.012
        52964.452070    14.190     0.006
        52964.464988    14.195     0.007
        52964.478159    14.195     0.007
        52964.491345    14.306     0.007
        52964.507697    14.377     0.007
        52966.399736    14.083     0.007
        52966.412398    14.117     0.007
        52966.450673    14.259     0.007
        52974.393662    14.113     0.006
        52974.406751    14.142     0.007
        52974.419688    14.169     0.007
        52974.432545    14.244     0.007
        52974.445540    14.326     0.007
        52992.410137    14.297     0.007
        52992.422890    14.234     0.007
        52992.435919    14.237     0.007
        52992.448604    14.208     0.007
        52992.461307    14.205     0.007
        52994.404863    14.158     0.007
        52994.418057    14.201     0.006
        52994.431121    14.174     0.007
        52994.444367    14.244     0.007
        52994.457512    14.271     0.007
        53025.321127    14.235     0.007
        53025.334354    14.280     0.007
        53025.347209    14.321     0.007
        53025.360233    14.382     0.007
        53028.281903    14.344     0.006
        53031.273981    14.316     0.007
        53031.286612    14.191     0.007
        53031.299110    14.126     0.006
        53032.279016    14.178     0.007
        53032.305459    14.353     0.007
        53033.271075    14.060     0.008
        53033.283560    14.037     0.008
        53033.296261    14.041     0.007
        53033.308749    14.078     0.008
        53033.321220    14.106     0.008
        53034.266686    14.382     0.010
        53034.273156    14.409     0.010
        53034.279315    14.373     0.010
        53034.285725    14.328     0.010
        53034.291892    14.261     0.010
        53034.298398    14.211     0.008
        53034.304577    14.182     0.008
        53034.311065    14.168     0.008
        53034.317199    14.138     0.008
        53034.323739    14.113     0.008
        53051.233836    14.093     0.006
        53057.316173    14.353     0.015
        53061.222467    14.372     0.006
        53061.233789    14.408     0.006
        53061.245033    14.425     0.006
        53078.259922    14.369     0.012
        53078.271212    14.393     0.010
        53078.282198    14.288     0.008
        53078.304220    14.117     0.008
        53082.227103    14.184     0.006
        53082.260435    14.137     0.006
        53091.225153    14.454     0.007
        53091.235693    14.329     0.017
        53109.148597    14.328     0.010
        53109.159034    14.341     0.010
        53109.169511    14.274     0.010
        53109.180044    14.192     0.008
        53116.197633    14.159     0.009
        53116.208765    14.176     0.018
        53116.219899    14.297     0.017
        53137.160145    14.241     0.012
        53137.170167    14.324     0.012
        53137.180161    14.330     0.013
        53137.191904    14.311     0.013
        53287.417255    14.219     0.015
        53287.428197    14.153     0.013
        53287.439130    14.120     0.011
        53287.450068    14.085     0.011
        53287.461003    14.095     0.011
        53292.402975    14.131     0.013
        53292.412528    14.132     0.011
        53292.422097    14.053     0.011
        53292.431661    14.082     0.011
        53292.441239    14.082     0.011
        53297.409263    14.044     0.011
        53297.416922    14.033     0.010
        53297.419018    14.052     0.011
        53297.428764    14.104     0.011
        53297.428789    14.046     0.008
        53297.438509    14.102     0.009
        53297.441531    14.110     0.008
        53297.448251    14.140     0.011
        53297.455429    14.172     0.010
        53297.467410    14.276     0.010
        53316.377708    14.072     0.009
        53316.389820    14.066     0.009
        53316.401939    14.053     0.011
        53316.414053    14.095     0.009
        53316.426170    14.112     0.018
        53327.370232    14.107     0.011
        53327.382647    14.090     0.009
        53327.395035    14.080     0.009
        53327.407411    14.104     0.009
        53327.419864    14.136     0.011
        53347.460908    14.191     0.007
        53347.477150    14.325     0.009
        53347.492326    14.407     0.009
        53347.508755    14.303     0.017
        53353.333484    14.149     0.007
        53353.346488    14.221     0.007
        53353.359469    14.317     0.009
        53353.372996    14.389     0.009
        53353.385988    14.321     0.009
        53357.413483    14.212     0.008
        53357.443273    14.371     0.008
        53376.351031    14.072     0.009
        53376.364279    14.109     0.007
        53376.379169    14.190     0.007
        53376.392586    14.235     0.007
        53376.405824    14.315     0.009
        53381.293598    14.085     0.026
        53381.320422    14.100     0.007
        53381.333652    14.122     0.007
        53381.347938    14.149     0.007
        53385.350655    14.205     0.007
        53385.363911    14.155     0.007
        53385.378007    14.129     0.007
        53385.391204    14.132     0.007
        53385.404455    14.160     0.007
        53387.273611    14.427     0.009
        53387.288677    14.419     0.009
        53387.303218    14.372     0.009
        53387.317644    14.256     0.007
        53387.331867    14.198     0.007
        53387.347224    14.167     0.007
        53387.355031    14.181     0.007
        53387.361910    14.238     0.007
        53387.368933    14.194     0.007
        53387.375387    14.236     0.007
        53387.382893    14.253     0.007
        53387.388893    14.307     0.009
        53387.395793    14.299     0.009
        53387.409229    14.407     0.009
        53403.284988    14.249     0.007
        53403.297743    14.228     0.007
        53403.310632    14.172     0.007
        53403.323360    14.241     0.007
        53403.336089    14.171     0.009
        53405.234014    14.624     0.010
        53405.245984    14.527     0.010
        53405.257983    14.537     0.010
        53410.281172    14.134     0.015
        53410.293673    14.228     0.011
        53410.307109    14.349     0.009
        53410.320973    14.411     0.009
        53410.334588    14.345     0.007
        53432.227293    14.075     0.009
        53432.238948    14.053     0.013
        53464.190746    14.062     0.007
        53464.211636    14.081     0.007
        53464.222137    14.147     0.007
        53464.232669    14.196     0.007
        53495.147029    14.352     0.011
        53495.157148    14.326     0.011
        53495.167315    14.292     0.011
        53495.177465    14.219     0.009
        53495.187628    14.151     0.011
        53501.137837    14.151     0.009
        53501.148465    14.203     0.011
        53501.159602    14.260     0.011
        53501.171155    14.340     0.013
        53501.181860    14.333     0.013
        53648.427156    14.065     0.011
        53648.439102    14.027     0.011
        53648.456196    14.036     0.009
        53648.467508    14.062     0.009
        53648.478892    14.083     0.009
        53655.421871    14.160     0.011
        53655.432924    14.220     0.011
        53655.444385    14.320     0.013
        53655.455399    14.352     0.013
        53655.466431    14.300     0.011
        53671.440430    14.292     0.013
        53671.452483    14.217     0.011
        53671.464518    14.162     0.009
        53674.461104    14.242     0.009
        53674.473234    14.167     0.009
        53674.497653    14.087     0.007
        53680.446674    14.309     0.009
        53680.458995    14.363     0.009
        53680.471471    14.362     0.009
        53680.483838    14.301     0.007
        53680.496151    14.229     0.007
        53705.406466    14.051     0.007
        53705.419568    14.104     0.007
        53705.432642    14.138     0.007
        53705.445539    14.219     0.007
        53708.391014    14.065     0.007
        53708.404194    14.054     0.007
        53708.417364    14.056     0.007
        53708.430462    14.074     0.007
        53708.443341    14.117     0.007
        53713.398878    14.072     0.013
        53713.411729    14.131     0.013
        53713.424756    14.225     0.013
        53713.438011    14.305     0.013
        53713.450949    14.379     0.013
        53732.348698    14.085     0.011
        53732.361413    14.074     0.007
        53732.379419    14.082     0.007
        53732.393914    14.126     0.009
        53735.357139    14.097     0.007
        53735.370324    14.034     0.007
        53735.383815    14.057     0.007
        53739.346799    14.249     0.013
        53739.360114    14.381     0.013
        53759.286438    14.161     0.007
        53759.299354    14.099     0.007
        53759.312135    14.078     0.007
        53759.325106    14.072     0.007
        53759.338109    14.083     0.007
        53762.342993    14.084     0.007
        53762.355846    14.060     0.007
        53762.368526    14.111     0.007
        53762.381558    14.171     0.007
        53762.394578    14.268     0.007
        53770.219630    14.179     0.007
        53770.232694    14.268     0.009
        53770.245696    14.376     0.009
        53770.258810    14.355     0.009
        53770.271871    14.286     0.007
        53771.280763    14.228     0.015
        53771.293470    14.330     0.009
        53771.307397    14.380     0.011
        53771.320019    14.278     0.011
        53771.333045    14.167     0.011
        53772.282452    14.029     0.007
        53772.295196    14.048     0.007
        53772.307993    14.064     0.007
        53772.320639    14.117     0.009
        53772.333386    14.184     0.009
        53788.232940    14.049     0.012
        53788.245871    14.018     0.008
        53788.258645    14.021     0.010
        53788.271732    14.044     0.012
        53788.284578    14.082     0.008
        53790.277989    14.350     0.009
        53790.289741    14.386     0.009
        53790.301526    14.296     0.009
        53790.325027    14.166     0.007
        53793.294038    14.325     0.028
        53799.225936    14.102     0.009
        53799.237414    14.072     0.009
        53799.260585    14.054     0.007
        53799.272343    14.089     0.007
        53813.253399    14.068     0.008
        53813.265051    14.059     0.008
        53813.277621    14.064     0.008
        53813.289116    14.072     0.010
        53813.300459    14.119     0.010
        53816.348468    14.321     0.011
        53816.359521    14.324     0.013
        53816.370607    14.260     0.013
        53816.381874    14.233     0.015
        53819.229123    14.336     0.011
        53819.239873    14.234     0.009
        53819.250613    14.155     0.009
        53819.261580    14.108     0.009
        53819.273113    14.079     0.009
        53820.179425    14.074     0.010
        53820.190830    13.993     0.012
        53820.202349    14.060     0.007
        53820.231848    14.094     0.022
        53827.237039    14.153     0.009
        53827.248016    14.113     0.009
        53827.258914    14.062     0.009
        53827.269722    14.031     0.009
        53827.280279    14.044     0.009
        53844.181338    14.058     0.008
        53844.192778    14.096     0.008
        53844.203915    14.175     0.010
        53844.215117    14.282     0.012
        53844.226411    14.351     0.012
        53846.188393    14.342     0.015
        53846.199034    14.287     0.013
        53846.209712    14.256     0.013
        53846.220446    14.132     0.013
        53846.231161    14.095     0.013
        53850.142684    14.112     0.013
        53850.153568    14.072     0.009
        53850.188534    14.018     0.007
        53850.211666    14.076     0.009
        53852.143148    14.036     0.010
        53852.153289    14.048     0.010
        53852.163428    14.070     0.010
        53852.173920    14.083     0.010
        53852.184058    14.154     0.012
        53853.139081    14.233     0.011
        53853.149993    14.167     0.011
        53853.161010    14.106     0.011
        53853.172078    14.054     0.011
        53853.182789    14.026     0.009
        54031.430829    14.050     0.010
        54031.443051    14.051     0.008
        54031.455377    14.095     0.008
        54031.467249    14.158     0.008
        54031.479201    14.217     0.010
        54036.427625    14.143     0.010
        54036.441622    14.186     0.010
        54036.454872    14.279     0.010
        54036.467143    14.404     0.012
        54036.479011    14.409     0.012
        54041.425989    14.265     0.012
        54041.439296    14.340     0.012
        54041.452020    14.391     0.013
        54041.464524    14.290     0.012
        54041.476722    14.234     0.010
        54057.383259    14.173     0.010
        54057.395964    14.263     0.010
        54057.397366    14.363     0.009
        54057.408676    14.353     0.012
        54057.409756    14.426     0.009
        54057.421488    14.377     0.012
        54057.422209    14.429     0.009
        54057.434358    14.298     0.010
        54057.434627    14.360     0.009
        54057.447095    14.301     0.009
        54060.372521    14.150     0.007
        54060.384950    14.218     0.007
        54060.397387    14.277     0.007
        54060.409832    14.353     0.007
        54060.422284    14.427     0.009
        54061.430161    14.178     0.007
        54061.442711    14.252     0.007
        54061.455254    14.250     0.007
        54061.467810    14.370     0.007
        54061.480358    14.449     0.009
        54068.387579    14.317     0.007
        54068.400618    14.413     0.007
        54068.413670    14.442     0.007
        54068.426727    14.392     0.007
        54068.439783    14.289     0.007
        54083.387287    14.103     0.010
        54083.398242    14.191     0.007
        54083.400415    14.070     0.010
        54083.411428    14.119     0.007
        54083.424624    14.171     0.007
        54083.437817    14.193     0.009
        54083.439063    14.132     0.013
        54083.451013    14.352     0.011
        54086.315132    14.224     0.020
        54086.328271    14.381     0.015
        54086.342216    14.438     0.011
        54086.356126    14.388     0.009
        54091.311186    14.456     0.009
        54091.323847    14.406     0.009
        54091.336522    14.313     0.007
        54091.362441    14.191     0.007
        54113.322476    14.328     0.008
        54113.335493    14.208     0.008
        54113.361253    14.084     0.008
        54115.395036    14.272     0.010
        54123.277659    14.218     0.010
        54123.290129    14.127     0.008
        54123.302671    14.072     0.008
        54123.315187    14.040     0.008
        54123.327761    14.012     0.008
        54144.301526    14.227     0.007
        54144.312643    14.224     0.007
        54144.323758    14.313     0.011
        54144.334955    14.435     0.009
        54144.346050    14.452     0.009
        54148.275584    14.315     0.010
        54148.287839    14.198     0.008
        54148.299544    14.141     0.008
        54148.311312    14.093     0.008
        54148.323004    14.055     0.008
        54154.218965    14.177     0.007
        54154.221459    14.084     0.008
        54154.230392    14.183     0.007
        54154.233306    14.112     0.008
        54154.241967    14.232     0.007
        54154.245708    14.143     0.008
        54154.257340    14.205     0.008
        54154.264837    14.363     0.007
        54154.269202    14.317     0.010
        54169.217063    14.344     0.010
        54169.228055    14.278     0.008
        54169.239065    14.183     0.008
        54169.250079    14.140     0.008
        54173.213093    14.188     0.007
        54173.223737    14.199     0.007
        54173.234413    14.224     0.007
        54173.245083    14.301     0.007
        54173.255767    14.394     0.007
        54176.217779    14.174     0.007
        54176.228559    14.189     0.007
        54176.239406    14.195     0.007
        54176.250043    14.247     0.007
        54176.260981    14.285     0.007
        54179.241407    14.130     0.006
        54179.252721    14.163     0.007
        54179.264027    14.217     0.007
        54205.174028    14.156     0.010
        54205.183342    14.209     0.010
        54205.192766    14.298     0.012
        54205.202218    14.386     0.012
        54205.211560    14.432     0.013
        54206.175752    14.127     0.007
        54206.184851    14.100     0.007
        54206.193857    14.098     0.007
        54206.202893    14.101     0.007
        54206.212039    14.125     0.007
        54208.167569    14.097     0.010
        54208.176304    14.143     0.010
        54208.184916    14.142     0.010
        54208.193700    14.205     0.010
        54208.202309    14.258     0.012
        54209.170960    14.193     0.009
        54209.179943    14.127     0.017
        54209.188924    14.156     0.007
        54209.197924    14.107     0.009
        54209.206925    14.083     0.011
        54384.428654    14.186     0.007
        54384.439924    14.196     0.007
        54384.451183    14.237     0.007
        54384.462445    14.255     0.007
        54384.473712    14.333     0.007
        54387.428476    14.168     0.007
        54387.439747    14.163     0.007
        54387.451032    14.181     0.007
        54387.462315    14.218     0.007
        54387.473586    14.224     0.007
        54393.427084    14.183     0.015
        54393.438792    14.121     0.013
        54393.451047    14.107     0.013
        54393.465157    14.068     0.013
        54395.434847    14.180     0.007
        54395.446681    14.198     0.007
        54395.458780    14.253     0.009
        54395.470610    14.311     0.009
        54395.482434    14.378     0.009
        54409.436156    14.276     0.007
        54409.448410    14.285     0.007
        54409.460646    14.331     0.007
        54409.472872    14.354     0.007
        54409.485095    14.415     0.007
        54418.437145    14.318     0.006
        54418.449649    14.282     0.006
        54418.462157    14.249     0.006
        54418.474654    14.268     0.006
        54418.487156    14.313     0.006
        54419.453676    14.509     0.006
        54419.466410    14.458     0.006
        54419.479154    14.352     0.006
        54419.491898    14.269     0.006
        54439.381396    14.263     0.006
        54439.394268    14.216     0.006
        54480.398976    14.121     0.013
        54480.411387    14.152     0.015
        54480.424345    14.214     0.015
        54480.437131    14.292     0.016
        54480.449564    14.351     0.018
        54507.213520    14.223     0.006
        54507.225719    14.257     0.006
        54507.238045    14.294     0.006
        54507.250297    14.329     0.006
        54507.262490    14.362     0.006
        54522.279514    14.181     0.006
        54522.291239    14.207     0.007
        54522.303018    14.234     0.007
        54522.314726    14.266     0.007
        54522.326435    14.325     0.007
        54529.219238    14.263     0.006
        54529.253239    14.334     0.006
        54529.264610    14.433     0.006
        54536.176381    14.256     0.009
        54536.187340    14.357     0.007
        54536.198296    14.385     0.007
        54536.209397    14.463     0.007
        54553.239437    14.463     0.007
        54553.251348    14.436     0.007
        54553.275170    14.257     0.007
        54553.287019    14.203     0.009
        54562.187589    14.276     0.006
        54562.199028    14.264     0.006
        54562.210655    14.234     0.006
        54562.222160    14.258     0.006
        54562.233613    14.309     0.007
        54581.141696    14.277     0.020
        54581.151368    14.179     0.020
        54581.161365    14.151     0.020
        54581.171070    14.117     0.018
        54581.180732    14.130     0.020
        54584.147431    14.371     0.009
        54584.158027    14.304     0.009
        54584.168690    14.256     0.007
        54584.179383    14.223     0.007
        54584.190073    14.179     0.007
        54591.145016    14.193     0.007
        54591.155528    14.196     0.007
        54591.166049    14.224     0.009
        54591.176413    14.277     0.009
        54591.186654    14.322     0.009
        54594.154960    14.074     0.020
        54594.173981    14.114     0.021
        54594.193054    14.195     0.026
