        52610.389724    16.454     0.083
        52610.404851    16.651     0.100
        52610.420021    16.551     0.059
        52610.435192    16.652     0.167
        52610.450309    16.756     0.216
        52614.440814    16.735     0.118
        52614.456209    16.679     0.107
        52614.471641    16.614     0.091
        52614.487067    16.687     0.070
        52614.502215    16.628     0.065
        52619.384461    17.015     0.089
        52619.399709    17.035     0.094
        52619.414942    17.064     0.102
        52619.430384    17.008     0.093
        52619.445691    17.048     0.102
        52639.305317    16.796     0.065
        52639.320053    16.808     0.067
        52639.334805    16.830     0.100
        52639.349508    16.862     0.068
        52639.364221    16.845     0.070
        52644.311973    16.512     0.046
        52644.327755    16.506     0.046
        52644.343108    16.563     0.050
        52644.358663    16.621     0.052
        52644.374592    16.610     0.052
        52648.255315    16.586     0.061
        52648.270050    16.516     0.055
        52648.284694    16.433     0.054
        52648.299941    16.411     0.052
        52648.314642    16.406     0.054
        52671.313516    16.429     0.048
        52671.328699    16.436     0.048
        52671.343857    16.492     0.050
        52671.359075    16.503     0.052
        52671.374379    16.514     0.054
        52674.252981    16.522     0.055
        52674.268317    16.611     0.065
        52674.283557    16.656     0.072
        52674.299031    16.683     0.065
        52674.314500    16.690     0.061
        52677.246539    16.725     0.067
        52677.260999    16.860     0.068
        52677.275483    16.834     0.068
        52677.289878    16.819     0.070
        52677.304379    16.843     0.072
        52697.274954    16.584     0.076
        52704.239030    16.644     0.052
        52704.252346    16.662     0.055
        52704.265678    16.760     0.061
        52704.279017    16.791     0.065
        52704.292321    16.760     0.063
        52706.180602    16.941     0.089
        52706.194249    16.943     0.089
        52706.207535    16.961     0.091
        52706.221159    16.986     0.089
        52706.234288    16.977     0.087
        52707.172796    16.807     0.072
        52707.185953    16.789     0.068
        52707.199005    16.856     0.070
        52707.212152    16.862     0.070
        52707.225217    16.853     0.068
        52708.169100    16.492     0.061
        52708.169220    16.583     0.065
        52708.182190    16.592     0.065
        52708.182312    16.582     0.063
        52708.195542    16.557     0.063
        52708.195665    16.659     0.068
        52708.208452    16.580     0.063
        52708.208578    16.658     0.067
        52708.221474    16.629     0.063
        52708.221597    16.775     0.072
        52724.182171    16.601     0.055
        52724.193812    16.577     0.055
        52724.205465    16.427     0.048
        52724.217124    16.361     0.046
        52724.228987    16.429     0.050
        52728.172398    16.985     0.081
        52728.184797    16.845     0.074
        52728.196693    16.642     0.059
        52728.208553    16.629     0.059
        52728.220495    16.531     0.055
        52731.179024    16.512     0.096
        52731.191125    16.570     0.233
        52731.227395    16.653     0.281
        52753.133541    16.673     0.065
        52753.145424    16.697     0.067
        52753.157316    16.739     0.072
        52753.169206    16.759     0.076
        52753.181104    16.750     0.078
        52760.142123    16.837     0.076
        52760.153932    16.804     0.076
        52760.165718    16.781     0.076
        52760.177599    16.794     0.078
        52760.189445    16.878     0.083
        52934.449897    16.873     0.120
        52934.461770    16.839     0.117
        52934.473738    16.865     0.116
        52934.485716    16.954     0.119
        52934.497698    16.929     0.114
        52937.448482    16.897     0.085
        52937.461314    16.871     0.067
        52937.473303    16.894     0.065
        52937.486019    16.980     0.070
        52937.498438    16.966     0.070
        52945.442157    17.060     0.116
        52945.454308    16.990     0.114
        52945.466427    17.086     0.116
        52945.478631    16.925     0.101
        52945.490816    17.032     0.112
        52963.456630    16.498     0.043
        52963.469581    16.432     0.041
        52963.482019    16.391     0.041
        52963.494512    16.334     0.037
        52963.507132    16.388     0.041
        52967.379836    16.999     0.087
        52967.392366    17.033     0.089
        52967.404819    17.104     0.096
        52967.417328    17.106     0.091
        52967.429832    17.038     0.083
        52991.352281    16.810     0.054
        52991.365336    16.815     0.055
        52991.378297    16.839     0.059
        52991.391262    16.903     0.078
        52991.404298    16.872     0.065
        52996.336693    16.515     0.041
        52996.350036    16.513     0.041
        52996.363147    16.548     0.043
        52996.375976    16.555     0.043
        52996.389110    16.584     0.041
        53001.338629    17.023     0.055
        53001.351756    16.975     0.054
        53001.364973    16.933     0.052
        53001.378307    16.827     0.046
        53001.391265    16.593     0.041
        53024.279674    16.882     0.130
        53024.292555    16.979     0.054
        53024.305386    16.939     0.048
        53034.279232    16.510     0.055
        53034.291856    16.489     0.054
        53034.304510    16.607     0.059
        53034.317044    16.594     0.059
        53034.329417    16.646     0.063
        53050.219885    17.045     0.068
        53050.231649    17.044     0.068
        53050.243416    17.015     0.067
        53050.255123    16.996     0.065
        53050.266804    16.886     0.059
        53078.224859    16.862     0.078
        53078.235512    16.913     0.072
        53078.246290    16.871     0.146
        53078.256980    16.831     0.122
        53078.267641    16.897     0.072
        53084.224150    16.611     0.039
        53084.234845    16.550     0.037
        53084.245848    16.449     0.033
        53084.256852    16.422     0.033
        53084.267800    16.346     0.031
        53086.238314    16.924     0.177
        53086.249616    16.752     0.177
        53086.261064    17.075     0.163
        53086.273007    16.940     0.109
        53086.284098    16.920     0.087
        53109.183704    16.758     0.068
        53109.194404    16.782     0.070
        53109.205106    16.788     0.072
        53109.215795    16.765     0.072
        53109.226585    16.828     0.078
        53115.192353    16.938     0.067
        53115.203521    17.013     0.072
        53115.214855    17.004     0.076
        53115.225945    17.037     0.078
        53115.237037    16.868     0.072
        53117.191015    16.756     0.056
        53117.201997    16.812     0.059
        53117.212605    16.715     0.056
        53117.223589    16.748     0.059
        53117.241010    16.808     0.066
        53137.151510    16.645     0.076
        53137.161075    16.532     0.068
        53137.170605    16.459     0.067
        53137.180145    16.345     0.068
        53137.189647    16.372     0.070
        53288.433631    16.455     0.086
        53288.444484    16.411     0.079
        53288.455213    16.448     0.079
        53288.466161    16.441     0.078
        53288.476917    16.459     0.074
        53293.431134    16.951     0.119
        53293.442048    16.948     0.114
        53293.452942    16.939     0.111
        53293.463900    17.005     0.114
        53293.474854    16.963     0.107
        53299.442789    16.631     0.089
        53299.454460    16.612     0.102
        53299.466135    16.638     0.122
        53299.477877    16.722     0.265
        53299.489555    16.791     0.170
        53328.374334    16.956     0.130
        53328.398686    16.857     0.102
        53328.423048    16.923     0.185
        53331.446586    16.918     0.106
        53331.459019    16.908     0.104
        53331.483971    16.887     0.104
        53331.500114    16.903     0.107
        53348.333990    16.696     0.172
        53348.346830    16.466     0.078
        53348.359125    16.604     0.094
        53348.371427    16.630     0.089
        53348.383723    16.617     0.083
        53354.322195    16.861     0.080
        53354.335538    16.945     0.083
        53354.348885    16.904     0.078
        53354.367458    16.903     0.078
        53354.380868    16.911     0.076
        53377.337450    16.871     0.067
        53377.350780    16.926     0.070
        53377.364088    16.955     0.074
        53377.377428    16.965     0.076
        53377.390773    16.894     0.072
        53378.343404    16.744     0.059
        53378.356902    16.751     0.074
        53378.370300    16.770     0.072
        53378.383669    16.758     0.087
        53378.397035    16.812     0.065
        53379.353052    16.475     0.096
        53381.348343    16.918     0.074
        53381.362858    16.855     0.080
        53381.376217    16.981     0.172
        53381.390159    17.070     0.179
        53381.404804    16.900     0.080
        53382.365996    16.678     0.091
        53382.395474    16.739     0.068
        53382.409884    16.817     0.080
        53382.424285    16.835     0.083
        53386.346643    16.660     0.057
        53386.359651    16.594     0.054
        53386.372676    16.639     0.057
        53386.386187    16.723     0.061
        53386.399212    16.783     0.065
        53389.347770    16.910     0.093
        53389.361040    16.900     0.089
        53389.374532    16.992     0.096
        53389.388277    16.909     0.087
        53389.402940    17.014     0.091
        53390.269388    16.451     0.067
        53390.282145    16.502     0.067
        53390.294905    16.492     0.065
        53390.308658    16.602     0.072
        53390.321440    16.573     0.072
        53404.299552    16.801     0.054
        53404.316684    16.896     0.061
        53404.329210    16.839     0.057
        53404.341663    16.836     0.057
        53404.354710    16.881     0.061
        53415.289540    16.939     0.074
        53415.301781    16.876     0.074
        53415.314530    17.028     0.087
        53415.326763    16.906     0.078
        53415.339194    16.887     0.076
        53433.231318    16.994     0.074
        53433.243261    17.008     0.076
        53433.256984    17.025     0.076
        53433.268446    17.180     0.087
        53433.280886    17.131     0.083
        53443.324136    16.728     0.065
        53443.334805    16.728     0.065
        53443.345497    16.724     0.067
        53443.356145    16.735     0.074
        53443.366809    16.896     0.141
        53473.178170    16.571     0.068
        53473.187787    16.583     0.070
        53473.197573    16.654     0.074
        53473.207338    16.641     0.076
        53473.217012    16.636     0.076
        53500.138414    16.417     0.061
        53500.149586    16.456     0.063
        53500.159720    16.530     0.070
        53500.169831    16.507     0.068
        53500.179838    16.533     0.072
        53651.425404    16.481     0.087
        53651.436311    16.532     0.089
        53651.447201    16.550     0.087
        53651.458082    16.584     0.085
        53651.468983    16.587     0.085
        53656.424481    17.299     0.178
        53656.435645    17.059     0.139
        53656.446688    17.319     0.176
        53656.457741    17.277     0.165
        53656.468796    17.233     0.152
        53673.442699    16.810     0.089
        53673.455494    16.835     0.089
        53673.467626    16.797     0.085
        53673.479792    16.920     0.094
        53673.492540    16.820     0.085
        53676.445923    16.944     0.124
        53676.458049    16.945     0.105
        53676.470051    16.917     0.109
        53676.482039    16.966     0.104
        53676.493989    17.057     0.122
        53682.459833    16.468     0.067
        53682.472408    16.543     0.070
        53682.484809    16.617     0.074
        53682.497496    16.602     0.072
        53703.393721    16.911     0.078
        53703.406604    16.799     0.070
        53703.421037    16.878     0.078
        53703.434197    16.901     0.078
        53703.447449    16.986     0.080
        53706.405003    16.985     0.076
        53706.418874    16.990     0.081
        53706.431673    17.000     0.105
        53706.444597    16.867     0.313
        53706.457864    17.090     0.100
        53709.376257    17.043     0.087
        53709.388959    16.956     0.083
        53709.401693    16.840     0.076
        53709.414364    16.625     0.063
        53709.427327    16.595     0.061
        53714.388182    16.982     0.083
        53714.401147    16.998     0.083
        53714.414106    17.083     0.087
        53714.426906    17.058     0.083
        53714.439657    16.996     0.080
        53733.331773    16.809     0.074
        53733.344921    16.890     0.080
        53733.357747    16.887     0.080
        53733.370402    16.908     0.080
        53733.383068    16.952     0.081
        53740.338893    16.929     0.078
        53740.351849    16.912     0.072
        53740.364669    16.984     0.078
        53740.377438    17.029     0.083
        53740.390284    17.086     0.087
        53762.276048    17.178     0.172
        53762.289072    17.255     0.135
        53762.302050    16.974     0.122
        53762.315334    16.837     0.115
        53762.328733    16.721     0.080
        53771.224684    16.717     0.139
        53771.237394    16.817     0.126
        53771.250054    16.738     0.154
        53771.262701    16.820     0.142
        53771.275347    16.835     0.087
        53786.227042    16.951     0.096
        53786.238973    16.921     0.067
        53786.250912    16.843     0.059
        53786.263019    16.891     0.063
        53786.274967    16.888     0.063
        53788.349771    16.588     0.055
        53788.361952    16.675     0.063
        53788.386087    16.670     0.078
        53788.398292    16.725     0.074
        53794.292836    16.881     0.085
        53794.304690    16.887     0.098
        53794.316476    16.871     0.072
        53794.328582    17.226     0.385
        53813.248791    16.876     0.105
        53813.259878    16.934     0.115
        53813.271097    16.963     0.122
        53813.282161    16.833     0.111
        53813.293654    16.864     0.120
        53817.280245    16.851     0.085
        53817.291083    16.863     0.093
        53817.301926    16.967     0.107
        53817.312814    16.922     0.107
        53817.323901    16.937     0.113
        53818.224623    16.494     0.067
        53818.235172    16.535     0.067
        53818.245714    16.587     0.070
        53818.256276    16.596     0.074
        53818.266881    16.715     0.080
        53823.197466    16.962     0.091
        53823.209486    16.981     0.091
        53823.222689    16.984     0.093
        53823.234574    17.128     0.104
        53823.246746    17.007     0.093
        53825.225267    16.726     0.076
        53825.235639    16.705     0.074
        53825.246020    16.823     0.080
        53825.256404    16.775     0.080
        53825.266788    16.845     0.087
        53829.175265    16.484     0.096
        53829.186055    16.507     0.120
        53829.196191    16.492     0.093
        53829.206328    16.546     0.111
        53829.216505    16.419     0.118
        53844.180385    16.658     0.083
        53844.190629    16.669     0.083
        53844.200901    16.724     0.091
        53844.211169    16.676     0.091
        53844.221453    16.760     0.100
        53848.184411    16.687     0.096
        53848.195020    16.630     0.091
        53848.205692    16.614     0.093
        53848.216360    16.593     0.093
        53848.227005    16.647     0.102
        53849.190819    16.549     0.070
        53849.201610    16.543     0.070
        53849.212495    16.415     0.065
        53849.223421    16.373     0.065
        53849.234533    16.423     0.068
        53852.146335    16.491     0.068
        53852.156805    16.528     0.072
        53852.167315    16.523     0.074
        53852.177853    16.586     0.081
        53852.188586    16.569     0.083
        53853.136855    17.006     0.158
        53853.150422    17.303     0.208
        53853.161596    17.154     0.190
        53853.172450    17.258     0.195
        53853.183327    17.017     0.153
        53855.147144    16.731     0.091
        53855.157451    16.728     0.091
        53855.167709    16.804     0.100
        53855.178644    16.794     0.102
        53855.188983    16.821     0.104
        53858.141817    16.709     0.126
        54027.449941    16.994     0.124
        54027.461662    16.980     0.124
        54027.475783    16.792     0.134
        54027.487935    16.679     0.089
        54027.499460    16.558     0.083
        54029.432247    16.854     0.107
        54029.445045    16.820     0.101
        54029.457614    16.757     0.091
        54029.469467    16.908     0.102
        54029.481401    16.871     0.096
        54037.434440    16.644     0.076
        54037.447249    16.701     0.079
        54037.459222    16.762     0.084
        54037.471297    16.803     0.086
        54037.483930    16.840     0.086
        54042.450912    16.670     0.158
        54042.463386    16.548     0.112
        54042.475877    16.407     0.086
        54042.488453    16.364     0.086
        54054.362206    16.891     0.085
        54054.373607    16.932     0.089
        54054.384980    17.059     0.100
        54054.396362    16.922     0.087
        54054.407742    16.938     0.089
        54055.378964    16.980     0.109
        54055.391973    16.905     0.092
        54055.404618    16.995     0.097
        54055.412390    16.914     0.074
        54055.417642    16.963     0.094
        54055.424062    16.855     0.070
        54055.430196    16.940     0.094
        54055.435730    16.940     0.080
        54055.447397    16.915     0.078
        54055.459070    16.903     0.074
        54058.376235    16.973     0.083
        54058.388460    16.926     0.078
        54058.400720    17.011     0.083
        54058.412971    16.939     0.080
        54058.425201    16.930     0.076
        54061.376995    17.056     0.091
        54061.389913    17.021     0.081
        54061.402355    16.801     0.067
        54061.414794    16.667     0.057
        54061.427250    16.601     0.055
        54066.392778    16.957     0.078
        54066.404971    16.903     0.087
        54067.390484    16.740     0.074
        54067.403297    16.785     0.078
        54067.416169    16.855     0.081
        54067.429493    16.835     0.074
        54067.442335    16.825     0.074
        54070.382965    16.886     0.087
        54070.395911    16.956     0.091
        54070.409142    16.944     0.081
        54070.422204    16.969     0.074
        54070.435156    17.046     0.078
        54084.331962    17.065     0.135
        54084.344982    17.028     0.132
        54084.358144    17.238     0.158
        54084.371307    17.163     0.142
        54084.384520    17.094     0.130
        54084.393088    16.921     0.081
        54084.411099    16.574     0.061
        54084.428225    16.561     0.057
        54084.444842    16.459     0.076
        54084.461020    16.417     0.065
        54087.395945    16.474     0.057
        54087.408955    16.574     0.118
        54087.421966    16.656     0.111
        54087.434978    16.678     0.137
        54087.447993    16.647     0.059
        54098.310724    16.252     0.154
        54098.322551    16.534     0.065
        54098.334160    16.582     0.065
        54098.345813    16.633     0.067
        54098.357575    16.584     0.059
        54110.326690    16.477     0.084
        54110.339301    16.456     0.084
        54110.351862    16.350     0.071
        54110.364448    16.540     0.084
        54110.377091    16.529     0.084
        54121.271644    16.417     0.057
        54121.276861    16.454     0.058
        54121.283867    16.399     0.044
        54121.289380    16.449     0.061
        54121.296094    16.476     0.048
        54121.302600    16.463     0.059
        54121.308340    16.462     0.048
        54121.315477    16.452     0.056
        54121.320688    16.533     0.050
        54121.328068    16.498     0.058
        54124.268772    16.639     0.046
        54124.281126    16.664     0.046
        54124.293392    16.695     0.046
        54124.305652    16.675     0.048
        54124.317925    16.763     0.054
        54149.273161    16.912     0.084
        54149.284957    16.981     0.087
        54149.296786    17.071     0.092
        54149.308562    17.013     0.089
        54149.320351    16.981     0.089
        54175.217950    17.020     0.074
        54175.228478    17.090     0.078
        54175.239124    16.983     0.072
        54175.249688    17.104     0.080
        54175.260331    17.029     0.076
        54206.175661    16.967     0.107
        54206.184842    16.926     0.102
        54206.194062    16.977     0.107
        54206.203252    16.996     0.111
        54206.212965    16.938     0.109
        54207.175818    16.794     0.080
        54207.184973    16.854     0.085
        54207.194120    16.823     0.081
        54207.203609    16.849     0.087
        54207.212781    16.875     0.089
        54210.176282    16.812     0.074
        54210.185191    16.909     0.081
        54210.194099    16.919     0.083
        54210.202985    16.941     0.083
        54210.211863    16.885     0.080
        54388.429677    16.756     0.072
        54388.441034    16.881     0.076
        54388.452349    16.806     0.068
        54388.463724    16.845     0.068
        54388.475017    16.882     0.068
        54396.436135    17.044     0.085
        54396.447886    17.000     0.078
        54396.459543    17.047     0.078
        54396.471194    17.028     0.076
        54396.482858    17.021     0.072
        54411.447292    16.821     0.059
        54411.459830    16.837     0.061
        54411.472194    16.885     0.065
        54411.484557    16.881     0.065
        54411.496911    16.950     0.068
        54422.409937    16.850     0.050
        54422.422594    16.871     0.052
        54422.435126    16.854     0.052
        54422.447673    16.897     0.052
        54422.460228    16.891     0.050
        54424.331536    16.689     0.068
        54424.344117    16.573     0.055
        54424.356705    16.525     0.050
        54424.369304    16.491     0.043
        54424.381872    16.446     0.037
        54447.331624    16.703     0.043
        54447.344526    16.578     0.039
        54447.357427    16.577     0.037
        54447.370327    16.439     0.031
        54447.383219    16.375     0.031
        54454.264825    16.458     0.057
        54454.277929    16.369     0.050
        54454.291018    16.421     0.050
        54454.304103    16.442     0.050
        54454.317192    16.421     0.046
        54465.461448    16.932     0.061
        54465.474350    16.937     0.063
        54465.487263    16.951     0.065
        54465.500170    16.958     0.067
        54465.513083    16.926     0.065
        54475.327315    16.919     0.050
        54475.340059    16.842     0.048
        54475.352788    16.909     0.050
        54475.365590    16.887     0.050
        54475.378319    16.932     0.057
        54495.337543    16.779     0.061
        54495.350002    16.797     0.063
        54495.362615    16.842     0.067
        54495.375074    16.826     0.067
        54495.388655    16.782     0.065
        54508.233613    16.989     0.048
        54508.245771    17.010     0.050
        54508.258008    16.983     0.052
        54508.270526    17.005     0.078
        54508.282813    16.875     0.070
        54524.275344    16.940     0.067
        54524.286797    17.015     0.081
        54524.298234    17.030     0.093
        54524.309645    16.933     0.093
        54524.321086    17.110     0.076
        54537.163036    16.465     0.037
        54537.174096    16.466     0.041
        54537.185034    16.465     0.061
        54537.195959    16.518     0.033
        54537.206917    16.512     0.033
        54555.186518    16.891     0.052
        54555.198190    16.815     0.050
        54555.209844    16.809     0.050
        54555.221533    16.865     0.054
        54555.233287    16.873     0.055
        54564.185802    16.436     0.037
        54564.197175    16.486     0.037
        54564.208460    16.537     0.037
        54564.219913    16.527     0.039
        54564.231196    16.560     0.043
        54574.181610    16.801     0.135
        54574.192249    16.891     0.148
        54574.202768    16.920     0.161
        54574.213388    16.839     0.152
        54574.223934    16.822     0.150
        54582.143425    16.743     0.072
        54582.153946    16.825     0.078
        54582.164816    16.865     0.080
        54582.175301    16.801     0.078
        54582.185804    16.797     0.083
        54586.143569    16.664     0.067
        54586.153700    16.591     0.072
        54586.174057    16.821     0.115
        54586.184218    16.759     0.068
        54594.151639    16.565     0.067
        54594.193182    16.698     0.100
