        52620.398897    15.797     0.074
        52620.414747    15.764     0.035
        52620.430555    15.780     0.037
        52620.445671    15.810     0.030
        52636.366798    16.241     0.059
        52636.381380    16.150     0.049
        52636.395783    15.990     0.043
        52636.410384    15.928     0.041
        52636.424943    15.784     0.036
        52638.365173    15.839     0.030
        52638.379949    15.746     0.028
        52638.394743    15.774     0.030
        52638.409531    15.776     0.031
        52653.312505    15.812     0.048
        52653.327560    15.907     0.045
        52653.342420    16.054     0.051
        52653.357290    16.265     0.059
        52653.372217    16.297     0.059
        52660.348031    16.098     0.084
        52680.240553    16.148     0.045
        52680.257094    16.074     0.041
        52680.273111    15.979     0.041
        52680.289131    15.841     0.038
        52680.304891    15.800     0.035
        52684.297921    16.078     0.078
        52684.313219    15.928     0.066
        52684.328072    15.885     0.068
        52684.343172    15.857     0.068
        52693.279377    15.785     0.024
        52693.295704    15.858     0.026
        52693.311363    15.967     0.030
        52693.326870    16.124     0.035
        52712.178667    15.795     0.065
        52721.183449    16.122     0.033
        52721.196242    16.237     0.039
        52721.209080    16.108     0.031
        52721.234613    15.856     0.026
        52750.135492    15.947     0.057
        52750.146092    16.031     0.039
        52750.156695    16.094     0.035
        52750.167315    16.197     0.041
        52750.177923    16.153     0.041
        52771.150167    15.785     0.059
        52771.161622    15.882     0.064
        52771.173059    16.025     0.076
        52771.184639    16.117     0.083
        52771.196318    16.372     0.106
        52781.155336    15.738     0.041
        52781.166638    15.767     0.043
        52781.177429    15.816     0.045
        52781.188323    15.858     0.048
        52781.199474    15.940     0.053
        52927.433147    15.940     0.078
        52927.444878    16.000     0.078
        52927.456601    15.973     0.074
        52927.468241    16.180     0.087
        52927.479830    16.203     0.087
        52948.392897    15.948     0.046
        52948.404970    15.864     0.041
        52948.417100    15.812     0.037
        52948.429203    15.845     0.035
        52948.441272    15.840     0.033
        52978.352425    15.876     0.045
        52978.372552    15.814     0.040
        52978.387518    15.849     0.043
        52978.400820    15.845     0.040
        52978.416053    15.955     0.043
        52988.306996    15.934     0.040
        52988.318492    16.102     0.045
        52988.330463    16.259     0.049
        52988.341923    16.206     0.046
        52988.354157    16.064     0.041
        53008.344407    15.927     0.081
        53008.372462    16.109     0.051
        53008.386352    16.153     0.054
        53038.302529    15.843     0.050
        53038.315496    16.024     0.052
        53038.331378    16.212     0.063
        53038.346678    16.197     0.076
        53045.263970    15.926     0.037
        53045.275592    15.992     0.041
        53045.287075    16.184     0.050
        53045.298618    16.249     0.054
        53045.311000    16.202     0.052
        53065.223215    16.190     0.045
        53065.235163    16.068     0.040
        53065.247116    15.927     0.035
        53065.259007    15.820     0.031
        53065.270917    15.799     0.031
        53094.176794    16.134     0.058
        53094.186484    16.200     0.063
        53094.196263    16.128     0.058
        53094.205966    16.001     0.045
        53094.215818    15.908     0.041
        53108.192990    15.763     0.030
        53108.204186    15.773     0.030
        53108.215473    15.822     0.031
        53108.226817    15.907     0.033
        53108.238063    16.017     0.039
        53122.145522    15.832     0.065
        53122.156179    15.843     0.052
        53122.166813    16.006     0.055
        53122.177234    16.005     0.096
        53122.187655    16.209     0.087
        53125.148571    15.775     0.081
        53125.158576    15.815     0.081
        53125.169293    15.680     0.089
        53125.179590    15.745     0.098
        53125.189956    15.754     0.111
        53134.151598    16.147     0.050
        53134.161070    16.353     0.065
        53134.170549    16.304     0.057
        53134.180033    16.172     0.052
        53134.189518    15.986     0.044
        53153.161551    15.819     0.041
        53153.170561    15.819     0.041
        53153.179526    15.806     0.041
        53153.188708    15.828     0.043
        53153.197742    15.826     0.044
        53155.163312    15.832     0.085
        53155.172155    15.990     0.100
        53155.180949    16.024     0.105
        53155.189749    16.150     0.118
        53155.198606    16.202     0.128
        53263.414239    16.300     0.058
        53263.426498    16.281     0.053
        53263.439046    16.011     0.040
        53263.451068    15.933     0.038
        53263.463379    15.859     0.035
        53290.434953    16.339     0.071
        53290.446069    16.154     0.058
        53290.457271    16.075     0.053
        53290.468453    15.934     0.046
        53303.433685    15.846     0.048
        53303.445545    15.797     0.041
        53303.457412    15.826     0.039
        53303.469276    15.888     0.067
        53303.481234    15.874     0.068
        53312.379130    15.779     0.061
        53312.391233    15.839     0.065
        53312.403276    15.879     0.063
        53312.415330    15.979     0.070
        53312.427374    16.182     0.081
        53319.402066    16.297     0.050
        53319.414159    16.289     0.050
        53319.426246    16.115     0.043
        53319.438357    15.923     0.037
        53319.450446    15.868     0.033
        53330.419191    16.286     0.054
        53330.434175    16.001     0.043
        53330.448406    15.922     0.041
        53340.366822    15.694     0.061
        53340.379146    15.729     0.063
        53340.391475    15.729     0.063
        53340.403810    15.870     0.070
        53340.416145    15.920     0.076
        53356.402645    15.864     0.031
        53356.416281    15.951     0.033
        53356.429896    16.080     0.036
        53356.444412    16.317     0.048
        53356.458607    16.342     0.049
        53358.337211    15.795     0.028
        53358.352322    15.854     0.030
        53358.365269    15.938     0.031
        53358.378617    16.043     0.033
        53358.391877    16.251     0.043
        53360.350983    16.327     0.054
        53360.364834    16.212     0.048
        53360.378279    16.016     0.041
        53360.392768    15.936     0.035
        53360.409907    15.786     0.033
        53362.363585    15.689     0.087
        53362.378767    15.654     0.068
        53362.395683    15.766     0.055
        53390.276188    15.943     0.044
        53390.288940    16.058     0.048
        53390.302604    16.106     0.050
        53390.315475    15.937     0.043
        53390.328884    15.909     0.043
        53429.221442    15.775     0.030
        53429.232748    15.772     0.031
        53429.244084    15.794     0.031
        53429.255376    15.829     0.035
        53429.266678    15.868     0.035
        53441.169313    15.917     0.028
        53441.180541    15.865     0.026
        53441.191770    15.824     0.024
        53441.202999    15.771     0.024
        53441.214227    15.769     0.024
        53461.223835    16.030     0.039
        53461.234265    15.911     0.035
        53461.245156    15.851     0.035
        53461.255541    15.795     0.033
        53461.265957    15.817     0.033
        53489.147702    15.853     0.033
        53489.158052    15.897     0.039
        53489.168282    16.044     0.043
        53489.188678    16.335     0.154
        53635.423783    16.004     0.094
        53635.434220    16.218     0.115
        53635.444645    16.138     0.113
        53635.455078    16.094     0.102
        53635.465507    15.897     0.091
        53687.382426    16.285     0.068
        53687.394831    16.223     0.065
        53687.407534    16.109     0.055
        53687.420002    15.948     0.046
        53687.432690    15.897     0.043
        53696.393648    15.776     0.043
        53696.406755    15.913     0.054
        53696.446225    16.128     0.087
        53725.337879    15.856     0.043
        53725.364095    15.875     0.039
        53725.377183    15.895     0.039
        53725.390241    16.094     0.046
        53755.279621    15.806     0.035
        53755.292326    15.783     0.035
        53755.305065    15.828     0.037
        53755.318006    15.898     0.039
        53755.330618    16.073     0.044
        53775.288980    16.030     0.059
        53775.301504    15.839     0.050
        53775.314344    15.841     0.050
        53775.323376    15.744     0.048
        53775.327660    15.784     0.046
        53775.337322    15.827     0.048
        53775.341169    15.800     0.048
        53775.351330    15.878     0.069
        53775.379427    15.911     0.079
        53833.191957    15.990     0.092
        53858.146126    16.362     0.081
        53858.156633    16.172     0.102
        53858.177606    15.897     0.107
        53864.165320    15.872     0.087
        53864.174985    15.809     0.083
        53864.184747    15.670     0.073
        53876.151686    15.831     0.054
        53876.162513    15.819     0.056
        53876.173551    15.821     0.053
        53876.184627    15.779     0.054
        54021.431241    15.938     0.081
        54021.443649    15.913     0.079
        54021.455494    15.841     0.073
        54021.467741    15.911     0.076
        54021.480120    16.003     0.083
        54050.374443    16.082     0.054
        54050.386628    15.959     0.050
        54050.398820    15.897     0.052
        54050.411031    15.854     0.050
        54050.423478    15.861     0.050
        54079.306205    16.130     0.065
        54079.318176    16.259     0.074
        54079.330073    16.234     0.070
        54079.341964    16.113     0.063
        54079.353871    15.882     0.050
        54108.320937    15.952     0.043
        54108.333649    15.834     0.039
        54108.346346    15.787     0.037
        54108.359058    15.814     0.037
        54108.371761    15.738     0.033
        54126.267490    16.075     0.048
        54126.279429    15.962     0.045
        54139.268994    15.796     0.030
        54139.280785    15.720     0.031
        54139.292236    15.854     0.051
        54139.303682    15.878     0.043
        54139.316918    15.909     0.048
        54167.230784    15.987     0.094
        54167.241931    15.896     0.046
        54167.253148    15.859     0.046
        54167.264236    15.862     0.049
        54167.275429    15.840     0.058
        54406.422863    15.750     0.043
        54406.435606    15.771     0.045
        54406.449803    15.867     0.048
        54406.462224    15.927     0.053
        54406.473878    16.048     0.056
        54418.437529    15.931     0.033
        54418.449584    16.048     0.036
        54418.461975    16.164     0.040
        54418.473999    16.152     0.040
        54418.486098    16.038     0.035
        54436.383435    15.867     0.036
        54436.395804    15.872     0.036
        54436.409405    16.019     0.043
        54436.421802    16.199     0.049
        54436.434150    16.414     0.058
        54465.324770    15.776     0.041
        54465.349638    15.794     0.041
        54465.362033    15.843     0.045
        54465.374630    15.936     0.046
        54484.269160    15.835     0.053
        54484.281957    15.811     0.051
        54484.294910    15.857     0.051
        54484.307100    15.889     0.053
        54484.319397    15.986     0.058
        54496.341478    16.132     0.048
        54496.353533    16.002     0.041
        54496.368593    15.870     0.040
        54496.380755    15.865     0.038
        54496.392674    15.780     0.036
        54524.222545    15.972     0.048
        54524.233923    15.886     0.035
        54524.245418    15.797     0.038
        54524.257052    15.823     0.049
        54524.268700    15.842     0.038
        54539.208417    16.089     0.056
        54539.219260    16.167     0.058
        54539.229807    16.255     0.063
        54539.240358    16.120     0.059
        54539.251205    15.982     0.051
        54571.185372    15.738     0.066
        54571.196580    15.716     0.063
        54571.207504    15.785     0.068
        54571.218436    15.903     0.076
        54571.229361    15.876     0.071
        54587.147958    16.218     0.081
        54587.158126    16.165     0.079
        54587.168237    16.008     0.071
        54587.180014    15.897     0.066
        54587.191210    15.936     0.073
