        52619.461456    15.722     0.035
        52619.476431    15.723     0.035
        52619.491843    15.745     0.035
        52619.506831    15.726     0.035
        52640.419994    15.772     0.024
        52640.435453    15.766     0.024
        52640.451142    15.732     0.022
        52640.466158    15.752     0.024
        52640.480996    15.778     0.024
        52646.382883    15.765     0.028
        52646.397682    15.781     0.030
        52646.412129    15.763     0.030
        52646.426663    15.788     0.030
        52646.441213    15.802     0.031
        52647.379695    15.749     0.033
        52647.394189    15.721     0.033
        52647.409072    15.748     0.035
        52647.423833    15.692     0.033
        52647.438591    15.703     0.035
        52666.316423    15.726     0.028
        52666.331464    15.916     0.033
        52666.346529    16.243     0.043
        52666.361699    16.260     0.045
        52666.376422    15.978     0.035
        52672.347430    15.753     0.028
        52672.361325    15.803     0.028
        52672.375288    15.743     0.028
        52673.240781    15.753     0.033
        52673.255607    15.734     0.030
        52673.270481    15.724     0.030
        52673.285845    15.722     0.030
        52698.263949    15.732     0.058
        52698.264549    15.759     0.064
        52698.281801    15.760     0.043
        52698.282393    15.747     0.031
        52698.299648    15.711     0.028
        52698.300236    15.812     0.031
        52698.314012    15.756     0.030
        52698.314602    15.813     0.033
        52704.283551    15.703     0.030
        52704.283666    15.857     0.033
        52704.296643    15.709     0.030
        52704.296758    15.831     0.031
        52704.323021    15.736     0.033
        52704.323136    15.775     0.033
        52704.336148    15.736     0.035
        52705.235084    15.776     0.024
        52705.248277    15.784     0.024
        52705.263245    15.764     0.024
        52705.276274    15.754     0.024
        52705.289407    15.763     0.024
        52725.285883    15.741     0.041
        52725.297545    15.750     0.028
        52729.175711    16.271     0.041
        52729.187631    15.985     0.031
        52729.199139    15.804     0.028
        52729.210820    15.756     0.026
        52729.222278    15.785     0.026
        52734.192360    15.754     0.026
        52734.204858    15.733     0.026
        52734.218037    15.768     0.026
        52734.230287    15.751     0.028
        52734.243454    15.752     0.028
        52754.144346    15.764     0.028
        52754.156410    15.772     0.028
        52754.168470    15.754     0.028
        52754.180573    15.766     0.030
        52754.192753    15.824     0.031
        52758.144746    15.741     0.033
        52758.157023    15.739     0.033
        52758.169255    15.748     0.033
        52758.181395    15.747     0.033
        52758.193461    15.696     0.031
        52936.485036    15.774     0.028
        52936.497164    15.777     0.026
        52940.459031    15.750     0.063
        52940.470995    15.675     0.074
        52944.435881    15.757     0.037
        52944.447956    15.783     0.037
        52944.459897    15.794     0.035
        52944.471822    15.758     0.033
        52944.483812    15.755     0.033
        52973.393377    15.912     0.030
        52973.406315    16.146     0.037
        52973.419505    16.276     0.041
        52973.432289    16.161     0.037
        52973.445293    15.911     0.030
        52993.330950    15.783     0.037
        52993.344065    15.797     0.026
        52993.357323    15.809     0.022
        52993.370434    15.796     0.026
        52993.383896    15.773     0.026
        52994.397950    15.665     0.030
        52994.410785    15.736     0.020
        52994.423413    15.743     0.025
        52994.437397    15.736     0.021
        52994.450004    15.711     0.026
        52996.330700    15.713     0.020
        52996.343392    15.744     0.020
        52996.355941    15.746     0.020
        52996.368507    15.732     0.020
        52996.381322    15.751     0.020
        53025.287833    15.735     0.018
        53025.299279    15.752     0.018
        53025.311468    15.715     0.018
        53025.323058    15.750     0.023
        53025.334558    15.768     0.021
        53028.380219    16.102     0.021
        53028.417728    15.751     0.018
        53032.266926    15.818     0.024
        53032.279400    15.747     0.022
        53032.291992    15.755     0.022
        53032.305842    15.789     0.022
        53032.318319    15.797     0.022
        53033.268824    15.742     0.028
        53033.275025    15.702     0.030
        53033.280941    15.751     0.028
        53033.287527    15.690     0.030
        53033.293129    15.747     0.028
        53033.300234    15.709     0.030
        53033.305216    15.760     0.028
        53033.312723    15.712     0.030
        53033.317386    15.741     0.028
        53033.325175    15.708     0.028
        53052.270258    15.780     0.022
        53052.282009    15.759     0.022
        53052.293851    15.753     0.022
        53052.305689    15.740     0.022
        53052.317604    15.758     0.022
        53057.347488    15.727     0.081
        53079.221934    15.711     0.030
        53079.232981    15.708     0.030
        53079.244067    15.733     0.028
        53079.255003    15.737     0.028
        53079.265959    15.754     0.028
        53082.233565    15.733     0.018
        53082.245225    15.701     0.018
        53082.256842    15.724     0.018
        53082.270295    15.730     0.018
        53082.281646    15.726     0.018
        53084.235869    15.799     0.020
        53084.248331    15.726     0.018
        53084.259708    15.739     0.018
        53084.271036    15.760     0.018
        53084.282841    15.737     0.018
        53091.227976    15.762     0.023
        53091.237641    15.766     0.030
        53091.260279    15.716     0.021
        53091.270079    15.758     0.021
        53110.184210    15.668     0.033
        53110.195227    15.698     0.035
        53110.206285    15.637     0.033
        53110.217158    15.680     0.035
        53110.228064    15.709     0.038
        53115.197025    15.761     0.021
        53115.207772    15.722     0.021
        53115.219026    15.756     0.023
        53115.229835    15.724     0.025
        53115.240726    15.764     0.025
        53138.151415    15.719     0.035
        53138.161249    15.762     0.036
        53138.171019    15.784     0.038
        53138.181319    15.652     0.033
        53138.190999    15.801     0.036
        53141.167978    15.747     0.031
        53141.178396    15.763     0.031
        53141.187423    15.743     0.031
        53141.196398    15.770     0.031
        53141.205415    15.722     0.033
        53287.428643    15.834     0.079
        53287.439567    15.993     0.087
        53287.450459    16.201     0.102
        53287.461645    16.403     0.120
        53287.472555    16.495     0.127
        53292.427561    15.734     0.051
        53292.437167    15.783     0.049
        53292.446806    15.716     0.043
        53292.457453    15.719     0.043
        53292.467058    15.721     0.043
        53316.457393    15.772     0.064
        53316.469388    15.895     0.109
        53327.382269    15.763     0.038
        53327.395325    15.759     0.045
        53327.407821    15.732     0.040
        53327.420061    15.730     0.043
        53327.432524    15.682     0.040
        53352.443071    15.718     0.035
        53352.458179    15.703     0.036
        53352.487581    15.666     0.036
        53353.411980    15.733     0.033
        53353.426041    15.731     0.031
        53353.440163    15.735     0.033
        53353.454337    15.722     0.031
        53353.468484    15.713     0.033
        53357.435627    15.756     0.024
        53357.448822    15.778     0.026
        53357.462195    15.751     0.026
        53357.477350    15.749     0.028
        53357.492410    15.753     0.028
        53383.342659    15.766     0.026
        53383.356806    15.810     0.026
        53383.369889    15.795     0.026
        53383.382788    15.893     0.030
        53383.396467    16.092     0.035
        53403.295727    15.713     0.021
        53403.309289    15.738     0.023
        53403.322542    15.754     0.025
        53403.349665    15.740     0.041
        53410.414465    15.749     0.022
        53410.426963    15.889     0.026
        53410.439358    16.038     0.031
        53410.451726    16.147     0.035
        53410.464708    16.065     0.035
        53438.348934    15.927     0.033
        53438.361098    16.083     0.039
        53438.372644    16.136     0.043
        53438.384264    15.982     0.039
        53438.395839    15.909     0.039
        53445.294488    15.784     0.026
        53445.306781    15.743     0.026
        53445.318122    15.860     0.028
        53445.329356    15.943     0.031
        53445.340495    16.121     0.037
        53502.141329    15.749     0.035
        53502.152119    15.733     0.035
        53502.162367    15.712     0.035
        53502.172898    15.791     0.037
        53502.183731    15.738     0.039
        53671.443362    15.842     0.068
        53671.455417    15.803     0.050
        53671.467451    15.865     0.061
        53671.479514    15.891     0.074
        53671.491642    15.828     0.055
        53674.464061    15.798     0.035
        53674.476203    15.788     0.033
        53674.488471    15.802     0.033
        53674.500605    15.812     0.033
        53679.447253    15.767     0.031
        53679.459589    15.776     0.031
        53679.471727    15.758     0.030
        53679.483906    15.769     0.031
        53679.496745    15.760     0.031
        53704.446580    16.208     0.041
        53704.459028    15.964     0.033
        53704.471529    15.795     0.028
        53704.484039    15.787     0.028
        53704.496775    15.790     0.028
        53707.447189    15.796     0.030
        53707.459858    15.761     0.028
        53707.485240    15.795     0.035
        53707.497794    15.753     0.030
        53712.392893    15.787     0.035
        53712.405731    15.774     0.033
        53712.423693    15.817     0.033
        53712.437270    15.737     0.030
        53712.450983    15.775     0.031
        53734.404571    15.752     0.028
        53734.417565    15.769     0.028
        53734.430423    15.748     0.028
        53734.443377    15.786     0.030
        53734.456593    15.782     0.030
        53738.343573    15.768     0.030
        53738.357851    15.763     0.028
        53738.371508    15.752     0.030
        53738.384561    15.761     0.030
        53738.397693    15.775     0.028
        53747.353670    15.797     0.076
        53747.366508    15.715     0.068
        53747.379567    15.921     0.104
        53747.392332    15.884     0.098
        53758.337484    15.773     0.024
        53758.350020    15.776     0.026
        53758.362542    15.758     0.026
        53758.375233    15.782     0.028
        53758.387777    15.780     0.030
        53769.320013    15.777     0.026
        53769.333218    15.730     0.024
        53769.346714    15.732     0.024
        53769.360708    15.749     0.024
        53769.374550    15.750     0.024
        53787.410389    15.840     0.080
        53787.422265    15.763     0.044
        53787.434202    15.784     0.037
        53787.446235    15.779     0.039
        53789.235098    15.732     0.026
        53789.247578    15.680     0.030
        53789.260041    15.740     0.045
        53789.272593    15.702     0.038
        53789.284954    15.720     0.040
        53789.287330    15.791     0.041
        53789.299275    15.721     0.039
        53789.311193    15.758     0.044
        53789.335298    15.720     0.076
        53792.285572    15.764     0.026
        53792.297503    15.785     0.028
        53792.309414    15.775     0.030
        53792.321311    15.752     0.026
        53792.333260    15.762     0.030
        53802.278333    15.863     0.057
        53802.289709    15.919     0.057
        53816.352640    15.764     0.037
        53816.363700    15.706     0.039
        53816.374803    15.748     0.044
        53821.232346    15.773     0.043
        53821.242970    15.805     0.037
        53821.259268    15.803     0.031
        53821.269995    15.760     0.031
        53821.283715    15.783     0.031
        53824.235153    15.773     0.031
        53824.247636    15.746     0.030
        53824.259740    15.785     0.028
        53824.270557    15.799     0.030
        53824.282025    15.776     0.041
        53828.231837    15.784     0.046
        53828.253287    15.811     0.074
        53828.277261    15.902     0.104
        53845.140927    15.775     0.035
        53845.151608    15.753     0.035
        53845.162311    15.755     0.037
        53845.173036    15.770     0.037
        53845.183751    15.765     0.039
        53846.190925    15.752     0.043
        53846.201578    15.754     0.044
        53846.212254    15.758     0.046
        53846.222988    15.775     0.046
        53846.233713    15.731     0.046
        53851.140958    15.697     0.038
        53851.151569    15.755     0.045
        53851.162134    15.690     0.048
        53851.172597    15.740     0.040
        53851.183032    15.724     0.043
        53851.190595    15.788     0.037
        53851.200624    15.790     0.039
        53851.210876    15.764     0.039
        53851.221133    15.760     0.039
        53851.231015    15.747     0.041
        53854.193984    15.769     0.050
        53854.204879    15.903     0.168
        53854.230061    15.715     0.041
        53854.243943    15.747     0.044
        54030.427555    15.696     0.046
        54030.441830    15.738     0.046
        54030.455926    15.789     0.045
        54030.471973    15.770     0.041
        54030.484447    15.767     0.040
        54034.440769    15.783     0.056
        54034.452974    15.723     0.041
        54035.434769    15.758     0.041
        54035.447030    15.739     0.040
        54035.459563    15.812     0.040
        54035.471704    15.758     0.038
        54035.483408    15.776     0.036
        54040.426762    15.695     0.045
        54040.440949    15.694     0.045
        54040.453248    15.718     0.043
        54040.465622    15.661     0.041
        54040.477671    15.688     0.040
        54053.423079    15.862     0.061
        54053.446650    15.775     0.039
        54053.458587    15.795     0.039
        54053.470441    15.762     0.043
        54056.424446    15.779     0.028
        54056.436705    15.790     0.028
        54056.448959    15.812     0.028
        54056.461397    15.788     0.026
        54056.473645    15.777     0.026
        54058.383704    15.786     0.040
        54058.396063    15.708     0.035
        54058.408519    15.806     0.038
        54058.422548    15.745     0.036
        54058.435626    15.737     0.035
        54059.431303    15.792     0.028
        54059.443801    15.833     0.028
        54059.456113    15.955     0.031
        54059.468432    16.125     0.035
        54059.481870    16.179     0.037
        54064.380635    15.773     0.038
        54064.393185    15.730     0.036
        54064.405848    15.750     0.035
        54064.418582    15.744     0.033
        54064.431531    15.779     0.035
        54067.392984    15.756     0.024
        54067.405948    15.790     0.024
        54067.418917    15.782     0.024
        54067.432020    15.784     0.022
        54067.445153    15.788     0.022
        54082.370089    15.768     0.061
        54082.382595    15.880     0.066
        54082.390443    15.762     0.030
        54082.394960    15.822     0.063
        54082.403333    15.806     0.030
        54082.407410    15.831     0.063
        54082.416236    15.756     0.030
        54082.419873    15.806     0.061
        54082.429456    15.783     0.028
        54082.442358    15.810     0.028
        54085.400946    15.786     0.026
        54085.414084    15.802     0.052
        54085.427840    15.792     0.028
        54085.441484    15.787     0.033
        54085.454964    15.800     0.028
        54112.397761    15.743     0.038
        54112.410319    15.743     0.038
        54112.422866    15.739     0.040
        54114.366251    15.753     0.041
        54144.270337    15.716     0.026
        54144.282518    15.742     0.028
        54144.294551    15.710     0.030
        54144.306545    15.725     0.030
        54144.318469    15.704     0.030
        54153.225667    15.740     0.030
        54153.237357    15.743     0.030
        54153.249204    15.716     0.028
        54153.261327    15.746     0.028
        54153.271160    15.779     0.024
        54153.273208    15.749     0.028
        54153.282659    15.786     0.024
        54153.294153    15.771     0.026
        54153.305661    15.766     0.026
        54153.317213    15.754     0.024
        54174.230423    15.796     0.026
        54174.251456    15.771     0.024
        54174.262032    15.743     0.024
        54177.231052    16.283     0.043
        54177.242583    16.295     0.041
        54177.277582    15.764     0.087
        54180.246174    15.794     0.026
        54180.257084    15.802     0.024
        54180.267578    15.812     0.024
        54180.277990    15.762     0.024
        54201.190741    15.760     0.046
        54201.200262    15.785     0.048
        54201.209485    15.719     0.045
        54201.218714    15.749     0.045
        54201.228021    15.717     0.045
        54205.218083    15.790     0.030
        54205.227303    15.756     0.028
        54205.236479    15.778     0.030
        54205.245767    15.750     0.030
        54205.254972    15.780     0.030
        54208.177405    15.824     0.028
        54208.186307    15.789     0.028
        54208.195238    15.775     0.028
        54208.204262    15.782     0.028
        54208.213438    15.771     0.030
        54212.185148    15.768     0.037
        54212.194008    15.742     0.035
        54212.203138    15.760     0.039
        54212.212029    15.781     0.039
        54212.220933    15.796     0.041
        54403.429188    15.789     0.035
        54416.434769    15.793     0.022
        54416.447532    15.816     0.022
        54416.459856    15.784     0.022
        54416.472167    15.781     0.022
        54416.484512    15.835     0.022
        54438.443037    15.779     0.017
        54438.456315    15.771     0.018
        54438.469653    15.774     0.018
        54438.483085    15.759     0.018
        54438.496346    15.755     0.018
        54480.456310    15.821     0.059
        54480.468610    15.771     0.058
        54480.480901    15.832     0.059
        54480.493512    15.822     0.063
        54480.505834    15.772     0.068
        54481.211263    15.791     0.031
        54481.224875    15.796     0.031
        54481.238071    15.780     0.030
        54481.251070    15.760     0.028
        54481.264011    15.791     0.028
        54498.279690    15.956     0.020
        54498.292088    15.811     0.018
        54498.304503    15.800     0.018
        54498.316874    15.791     0.018
        54498.329395    15.801     0.018
        54506.273142    15.772     0.018
        54506.285451    15.801     0.018
        54506.297639    15.790     0.018
        54506.310094    15.796     0.018
        54506.322325    15.803     0.018
        54522.330788    15.773     0.024
        54522.342697    15.789     0.024
        54522.354643    15.789     0.024
        54522.366625    15.783     0.026
        54522.378429    15.772     0.028
        54527.272179    15.827     0.078
        54527.283599    15.779     0.024
        54527.295007    15.771     0.030
        54527.306398    15.771     0.018
        54527.317806    15.783     0.018
        54535.222513    15.751     0.017
        54535.233692    15.776     0.017
        54535.244861    15.786     0.017
        54535.256403    15.771     0.017
        54535.267568    15.758     0.017
        54553.242772    15.834     0.022
        54553.254696    15.802     0.022
        54553.266630    15.780     0.022
        54553.278512    15.730     0.030
        54553.290368    15.793     0.030
        54561.190531    15.791     0.037
        54561.201971    15.742     0.022
        54561.213425    15.727     0.026
        54561.224921    15.763     0.018
        54561.236544    15.750     0.020
        54581.143887    16.081     0.039
        54581.154597    15.928     0.035
        54581.165261    15.776     0.031
        54581.175958    15.785     0.031
        54581.186795    15.741     0.030
        54584.193535    15.778     0.028
        54584.204415    15.728     0.026
        54584.215306    15.748     0.026
        54584.226207    15.731     0.028
        54584.237104    15.756     0.030
        54591.147883    15.738     0.026
        54591.158498    15.741     0.026
        54591.168878    15.718     0.028
        54591.179223    15.779     0.028
        54591.189436    15.732     0.028
        54592.139679    15.770     0.049
        54592.149575    15.757     0.048
        54592.159373    15.774     0.056
        54592.169156    15.820     0.053
        54592.178685    15.771     0.053
