        52640.380646    16.313     0.043
        52640.395715    16.192     0.040
        52640.410728    16.176     0.040
        52640.426160    16.214     0.041
        52646.383376    16.500     0.057
        52646.398178    16.408     0.055
        52646.412622    16.363     0.052
        52646.427158    16.310     0.050
        52646.441709    16.259     0.050
        52648.325488    16.316     0.056
        52648.340734    16.440     0.061
        52648.356024    16.336     0.094
        52648.386704    16.368     0.056
        52667.315415    16.324     0.045
        52667.330105    16.306     0.045
        52667.344780    16.387     0.048
        52667.359457    16.436     0.051
        52667.374181    16.486     0.054
        52672.319006    16.369     0.055
        52672.332851    16.525     0.054
        52672.346998    16.433     0.057
        52672.360971    16.477     0.052
        52672.374931    16.353     0.050
        52700.287807    16.409     0.056
        52700.303474    16.326     0.053
        52700.318550    16.285     0.049
        52700.334349    16.178     0.048
        52700.349541    16.221     0.049
        52705.231881    16.366     0.048
        52705.232364    16.381     0.046
        52705.244827    16.440     0.051
        52705.245315    16.422     0.048
        52705.257782    16.406     0.049
        52705.258271    16.380     0.046
        52705.270823    16.375     0.048
        52705.271311    16.314     0.045
        52705.283782    16.364     0.049
        52705.284269    16.462     0.051
        52707.241151    16.357     0.046
        52707.254471    16.318     0.044
        52707.267729    16.244     0.041
        52707.280984    16.246     0.041
        52707.294278    16.199     0.039
        52725.286370    16.313     0.067
        52725.298032    16.245     0.055
        52729.176190    16.132     0.039
        52729.188099    16.183     0.041
        52729.199605    16.219     0.043
        52729.211286    16.251     0.043
        52729.222745    16.289     0.044
        52734.192845    16.196     0.041
        52734.205342    16.262     0.043
        52734.218522    16.306     0.046
        52734.230774    16.445     0.055
        52734.243941    16.448     0.055
        52738.178363    16.495     0.078
        52738.189778    16.408     0.074
        52738.201308    16.396     0.074
        52738.212730    16.339     0.072
        52738.224197    16.246     0.067
        52755.142005    16.154     0.043
        52755.154033    16.141     0.043
        52755.166174    16.122     0.043
        52755.178262    16.213     0.046
        52755.190323    16.226     0.050
        52760.142794    16.188     0.051
        52760.142966    16.170     0.051
        52760.155612    16.251     0.054
        52760.155722    16.194     0.049
        52760.167631    16.180     0.053
        52760.167741    16.188     0.051
        52760.179664    16.289     0.059
        52760.179774    16.238     0.054
        52760.191712    16.301     0.061
        52760.191821    16.233     0.054
        52765.141930    16.163     0.069
        52765.177743    16.365     0.073
        52765.189719    16.489     0.076
        52938.422649    16.234     0.054
        52938.434684    16.290     0.054
        52938.446660    16.358     0.054
        52938.458641    16.316     0.053
        52938.470541    16.291     0.049
        52973.376901    16.218     0.046
        52973.387982    16.114     0.041
        52973.399055    16.132     0.041
        52973.410147    16.124     0.041
        52973.421340    16.116     0.040
        53053.283496    16.208     0.055
        53053.297179    16.229     0.044
        53053.309821    16.257     0.061
        53053.323991    16.369     0.104
        53053.335725    16.326     0.043
        53079.245864    16.178     0.037
        53079.256554    16.170     0.037
        53079.267196    16.229     0.037
        53079.278003    16.249     0.039
        53079.288706    16.292     0.041
        53110.139064    16.249     0.052
        53110.149927    16.253     0.052
        53110.160741    16.244     0.050
        53110.171635    16.182     0.050
        53110.182500    16.188     0.050
        53138.150673    16.214     0.050
        53138.160612    16.200     0.050
        53138.170478    16.250     0.054
        53138.180281    16.335     0.057
        53138.190128    16.370     0.061
        53144.165291    16.109     0.048
        53144.174684    16.124     0.054
        53144.184073    16.295     0.093
        53144.203175    16.104     0.115
        53287.429025    16.314     0.109
        53287.439950    16.406     0.112
        53287.450842    16.416     0.102
        53287.462028    16.459     0.102
        53287.472938    16.504     0.101
        53292.427906    16.543     0.104
        53296.438968    16.204     0.066
        53296.461663    16.255     0.066
        53296.472949    16.261     0.061
        53296.485123    16.343     0.064
        53315.457639    16.089     0.068
        53315.469543    16.217     0.076
        53327.381950    16.252     0.063
        53327.395006    16.316     0.087
        53327.407502    16.243     0.058
        53327.419740    16.324     0.084
        53327.432206    16.340     0.069
        53346.379891    16.192     0.048
        53346.392167    16.182     0.046
        53346.404550    16.239     0.051
        53346.417284    16.216     0.046
        53346.429503    16.278     0.049
        53347.435661    16.272     0.051
        53347.449486    16.238     0.045
        53347.463494    16.230     0.051
        53347.477235    16.208     0.045
        53351.418523    16.202     0.051
        53351.432815    16.288     0.059
        53351.447249    16.303     0.058
        53351.462174    16.453     0.071
        53351.476735    16.570     0.078
        53352.443526    16.193     0.054
        53352.458623    16.229     0.058
        53352.473351    16.190     0.056
        53352.488037    16.289     0.066
        53352.502836    16.326     0.069
        53353.411645    16.348     0.056
        53353.425705    16.375     0.061
        53353.439828    16.408     0.064
        53353.454003    16.386     0.061
        53353.468132    16.305     0.059
        53466.220120    16.397     0.061
        53466.229537    16.349     0.059
        53466.238890    16.285     0.055
        53466.248250    16.276     0.059
        53466.257663    16.231     0.054
        53468.221378    16.372     0.098
        53711.466930    16.295     0.043
        53711.479922    16.397     0.046
        53711.492754    16.398     0.046
        53711.505754    16.428     0.050
        53711.518752    16.406     0.048
        53737.348191    16.284     0.043
        53737.361439    16.242     0.041
        53737.374729    16.242     0.041
        53737.388051    16.222     0.041
        53737.401338    16.267     0.041
        53747.354119    16.292     0.130
        53747.366957    16.354     0.131
        53790.235380    16.140     0.040
        53790.247224    16.227     0.043
        53790.259120    16.287     0.046
        53790.270910    16.329     0.046
        53790.282605    16.363     0.048
        53799.228011    16.328     0.046
        53799.240059    16.298     0.045
        53799.252229    16.261     0.043
        53799.264181    16.226     0.038
        53799.275866    16.242     0.036
        53818.226795    16.520     0.059
        53818.237918    16.459     0.056
        53818.249009    16.441     0.056
        53818.260137    16.456     0.058
        53818.271402    16.318     0.054
        53845.136078    16.280     0.053
        53845.147386    16.281     0.054
        53845.158704    16.202     0.053
        53845.170054    16.261     0.054
        53845.181420    16.224     0.056
        53851.141348    16.316     0.078
        53851.151958    16.383     0.086
        53851.162525    16.333     0.087
        53851.172987    16.379     0.071
        53851.183424    16.195     0.063
        54040.441391    16.329     0.073
        54040.453699    16.287     0.068
        54040.466088    16.235     0.061
        54040.478113    16.240     0.059
        54059.387386    16.265     0.058
        54059.401125    16.346     0.061
        54059.413891    16.456     0.064
        54059.426985    16.452     0.064
        54059.439551    16.430     0.059
        54082.369748    16.269     0.092
        54082.382257    16.113     0.087
        54082.394621    16.152     0.081
        54082.407072    16.219     0.086
        54082.419539    16.116     0.076
        54112.385504    16.399     0.084
        54112.398223    16.368     0.059
        54112.410779    16.423     0.068
        54112.423328    16.422     0.068
        54152.228186    16.258     0.033
        54152.240593    16.335     0.035
        54152.252914    16.402     0.035
        54152.265425    16.424     0.037
        54152.277932    16.479     0.039
        54173.212725    16.244     0.045
        54173.223413    16.371     0.048
        54173.234295    16.359     0.048
        54173.245107    16.449     0.053
        54173.255980    16.439     0.053
        54185.208274    16.269     0.112
        54201.191134    16.422     0.076
        54201.200655    16.434     0.079
        54201.209879    16.451     0.076
        54201.219108    16.331     0.068
        54201.228412    16.326     0.071
        54415.440227    16.151     0.028
        54415.452958    16.147     0.028
        54415.465375    16.155     0.028
        54415.477780    16.192     0.030
        54415.490153    16.238     0.030
        54448.383478    16.241     0.051
        54448.396908    16.436     0.073
        54448.409562    16.372     0.053
        54448.422084    16.417     0.053
        54448.434560    16.471     0.053
        54480.271770    16.497     0.037
        54480.284760    16.476     0.033
        54480.297766    16.427     0.031
        54480.310754    16.357     0.030
        54480.323761    16.354     0.031
        54497.332226    16.421     0.065
        54497.344812    16.436     0.035
        54497.357372    16.449     0.033
        54497.369903    16.434     0.048
        54497.382459    16.423     0.046
        54505.283073    16.219     0.026
        54505.295445    16.232     0.026
        54505.307758    16.251     0.026
        54505.320081    16.300     0.028
        54505.332813    16.357     0.030
        54521.353111    16.362     0.068
        54521.376498    16.441     0.059
        54521.388214    16.286     0.055
        54526.278577    16.178     0.028
        54526.290080    16.203     0.028
        54526.301602    16.269     0.030
        54526.313114    16.258     0.030
        54526.324782    16.340     0.033
        54534.293524    16.221     0.026
        54534.304475    16.260     0.026
        54534.315409    16.315     0.028
        54535.329323    16.178     0.040
        54535.340313    16.214     0.043
        54535.351397    16.226     0.045
        54535.363387    16.261     0.048
        54535.374671    16.323     0.054
        54540.113223    16.182     0.048
        54540.124126    16.187     0.048
        54540.135003    16.162     0.046
        54540.156829    16.178     0.044
        54552.245832    16.250     0.031
        54552.257933    16.253     0.031
        54552.270017    16.323     0.035
        54552.282028    16.352     0.041
        54552.294045    16.459     0.048
        54580.191823    16.188     0.066
        54583.194618    16.158     0.046
        54583.205268    16.172     0.050
        54590.194909    16.460     0.054
        54590.205236    16.497     0.068
        54590.215564    16.446     0.059
        54590.225926    16.438     0.061
        54590.236279    16.360     0.059
