        52619.446089    14.967     0.018
        52619.461067    15.049     0.020
        52619.476041    15.179     0.021
        52619.491452    15.282     0.023
        52619.506437    15.334     0.025
        52640.380904    15.530     0.023
        52640.395970    15.491     0.026
        52640.410982    15.651     0.026
        52640.426414    15.665     0.026
        52640.442089    15.696     0.026
        52646.383253    15.941     0.035
        52646.398054    15.976     0.037
        52646.412497    15.974     0.039
        52646.427034    15.918     0.035
        52646.441583    15.987     0.041
        52647.380070    15.970     0.040
        52647.394561    15.943     0.040
        52647.409445    15.980     0.041
        52647.424280    15.978     0.043
        52647.438964    16.027     0.046
        52667.315664    16.027     0.036
        52667.330355    15.977     0.035
        52667.345029    16.048     0.036
        52667.359707    16.066     0.038
        52667.374432    16.132     0.041
        52672.319123    16.071     0.043
        52672.332968    16.143     0.039
        52672.347115    16.062     0.041
        52672.361088    15.967     0.033
        52672.375049    15.706     0.028
        52673.225629    16.076     0.045
        52673.240397    16.028     0.041
        52673.255223    16.041     0.040
        52673.270011    16.100     0.041
        52673.285459    16.079     0.040
        52705.232243    16.008     0.036
        52705.232956    15.901     0.038
        52705.235596    16.010     0.031
        52705.245193    16.037     0.036
        52705.245910    15.842     0.038
        52705.248792    15.993     0.031
        52705.258149    16.008     0.035
        52705.258867    15.788     0.040
        52705.263759    16.013     0.031
        52705.271189    16.067     0.036
        52705.271907    15.969     0.040
        52705.276793    16.032     0.031
        52705.284148    16.064     0.038
        52705.284864    15.776     0.038
        52705.289922    16.023     0.033
        52707.242071    16.055     0.035
        52707.255391    16.040     0.033
        52707.268629    16.098     0.035
        52707.281910    16.061     0.035
        52707.295195    16.080     0.035
        52725.286247    16.215     0.067
        52725.297910    16.127     0.054
        52729.176310    16.040     0.035
        52729.188216    16.044     0.037
        52729.199721    15.900     0.031
        52729.211404    15.749     0.028
        52729.222863    15.554     0.022
        52734.192961    15.567     0.022
        52734.205458    15.604     0.024
        52734.218639    15.660     0.026
        52734.230891    15.675     0.028
        52734.244057    15.695     0.030
        52738.179167    15.781     0.041
        52738.190584    15.832     0.044
        52738.202116    15.886     0.046
        52738.213540    15.845     0.046
        52738.225008    15.901     0.048
        52755.142238    15.607     0.026
        52755.154270    15.664     0.028
        52755.166410    15.688     0.030
        52755.178500    15.765     0.031
        52755.190562    15.782     0.033
        52760.143100    16.034     0.045
        52760.155841    16.020     0.045
        52760.167859    16.126     0.049
        52760.179892    16.069     0.048
        52760.191941    16.052     0.048
        52765.142046    15.926     0.051
        52765.189836    15.954     0.048
        52938.422904    15.739     0.036
        52938.434939    15.812     0.038
        52938.446913    15.784     0.033
        52938.470794    15.853     0.033
        52944.436359    16.033     0.054
        52944.448362    16.012     0.048
        52944.460303    15.987     0.046
        52944.472227    15.985     0.044
        52944.484335    16.092     0.048
        52973.393783    15.706     0.028
        52973.406821    15.748     0.028
        52973.419910    15.748     0.028
        52973.432695    15.803     0.028
        52973.445699    15.876     0.030
        52995.329384    15.855     0.021
        52995.341942    15.794     0.021
        52995.354443    15.871     0.023
        52995.366884    15.879     0.023
        52995.379386    16.012     0.023
        53027.396012    15.882     0.020
        53027.408961    15.915     0.023
        53027.421970    15.905     0.021
        53027.434783    15.950     0.025
        53027.447563    15.986     0.026
        53029.337555    15.906     0.031
        53029.350001    15.880     0.073
        53033.275494    15.960     0.038
        53033.287998    15.957     0.038
        53033.300705    16.020     0.038
        53033.325650    16.087     0.038
        53053.283385    15.996     0.050
        53053.297067    16.024     0.035
        53053.309709    16.057     0.052
        53053.323879    16.072     0.067
        53053.335614    16.027     0.031
        53058.286017    15.227     0.012
        53058.298995    15.228     0.012
        53058.311152    15.311     0.013
        53058.323206    15.378     0.013
        53058.335757    15.429     0.013
        53061.283103    15.594     0.015
        53061.295080    15.602     0.015
        53061.319213    15.704     0.018
        53061.331203    15.718     0.018
        53079.245764    15.304     0.017
        53079.256453    15.371     0.018
        53079.267096    15.413     0.018
        53079.277903    15.469     0.020
        53079.288606    15.524     0.020
        53083.249338    15.768     0.018
        53083.260711    15.794     0.020
        53083.272221    15.841     0.020
        53083.283759    15.856     0.023
        53085.276567    15.982     0.023
        53085.288720    15.998     0.026
        53085.299957    15.996     0.038
        53085.311299    16.017     0.041
        53085.322656    16.070     0.033
        53110.138970    15.985     0.039
        53110.149833    15.992     0.039
        53110.160647    16.072     0.043
        53110.171542    16.040     0.041
        53110.182406    16.042     0.043
        53114.206054    15.234     0.015
        53114.216979    15.307     0.016
        53114.238569    15.456     0.018
        53116.209071    15.622     0.053
        53116.219921    15.718     0.078
        53116.230605    15.655     0.053
        53138.150762    15.720     0.031
        53138.160700    15.818     0.035
        53138.170567    15.787     0.035
        53138.180370    15.804     0.035
        53138.190216    15.841     0.037
        53142.155722    15.885     0.035
        53142.168005    15.889     0.035
        53142.178272    16.130     0.084
        53142.187930    16.000     0.040
        53142.197881    16.150     0.104
        53144.165114    16.108     0.054
        53144.174529    16.118     0.050
        53144.183919    16.068     0.059
        53144.203021    16.151     0.118
        53287.428930    15.877     0.079
        53287.439854    16.003     0.086
        53287.450747    15.970     0.076
        53287.461933    15.999     0.074
        53287.472843    16.008     0.073
        53292.427820    16.093     0.074
        53292.437427    16.007     0.066
        53292.447066    16.110     0.068
        53292.457713    16.057     0.059
        53292.467317    16.038     0.058
        53315.457829    15.332     0.038
        53315.469733    15.381     0.038
        53316.457197    15.481     0.051
        53327.382056    16.070     0.054
        53327.395111    16.045     0.071
        53327.407608    15.997     0.046
        53327.419846    16.062     0.053
        53327.432311    15.960     0.051
        53346.379800    16.004     0.040
        53346.392077    16.029     0.043
        53346.404459    15.985     0.041
        53346.417194    15.977     0.041
        53346.429412    15.963     0.036
        53347.449605    15.288     0.020
        53351.418736    15.468     0.028
        53351.433028    15.507     0.028
        53351.447493    15.609     0.031
        53351.462403    15.615     0.033
        53351.476965    15.650     0.036
        53352.443417    15.655     0.035
        53352.458512    15.720     0.036
        53352.473239    15.758     0.040
        53352.502725    15.714     0.040
        53353.411756    15.667     0.030
        53353.425816    15.682     0.031
        53353.439938    15.769     0.036
        53353.454113    15.724     0.031
        53353.468259    15.759     0.035
        53357.435999    15.941     0.031
        53357.449204    15.947     0.031
        53357.462569    16.020     0.035
        53357.477722    16.020     0.037
        53357.492783    15.990     0.035
        53383.343175    16.023     0.033
        53383.357322    16.001     0.033
        53383.370407    15.920     0.033
        53383.383304    15.744     0.028
        53383.396983    15.527     0.024
        53403.296225    16.079     0.030
        53403.309787    15.971     0.028
        53403.323039    15.769     0.025
        53403.350163    15.354     0.021
        53466.220015    15.711     0.031
        53466.229432    15.783     0.035
        53466.238784    15.790     0.035
        53466.248145    15.850     0.039
        53466.257558    15.877     0.039
        53468.221279    15.887     0.061
        53679.447899    15.254     0.022
        53679.460148    15.322     0.022
        53679.472289    15.363     0.022
        53679.484465    15.474     0.026
        53679.497303    15.503     0.026
        53704.446981    15.888     0.033
        53704.459430    15.903     0.033
        53704.471929    15.943     0.035
        53704.484440    15.997     0.037
        53704.497175    15.975     0.035
        53707.447595    16.022     0.039
        53707.460313    16.018     0.037
        53707.473000    16.019     0.041
        53707.485645    16.080     0.046
        53707.498199    16.082     0.041
        53711.467056    15.362     0.020
        53711.480047    15.258     0.018
        53711.492879    15.218     0.018
        53711.505881    15.225     0.018
        53711.518877    15.281     0.020
        53734.405172    15.369     0.020
        53734.418123    15.428     0.022
        53734.430976    15.502     0.024
        53734.444046    15.533     0.026
        53734.457143    15.590     0.026
        53737.348337    15.492     0.022
        53737.361585    15.528     0.022
        53737.374874    15.605     0.024
        53737.388196    15.616     0.024
        53737.401484    15.671     0.024
        53758.338006    15.823     0.028
        53758.350543    15.882     0.030
        53758.363065    15.858     0.031
        53758.375754    15.836     0.031
        53758.388299    15.928     0.037
        53787.410931    15.533     0.068
        53787.422815    15.599     0.041
        53787.434763    15.558     0.035
        53787.446799    15.694     0.043
        53789.287734    15.026     0.024
        53789.299679    15.120     0.024
        53789.311597    15.195     0.033
        53790.235524    15.184     0.018
        53790.247368    15.035     0.016
        53790.259264    15.069     0.016
        53790.271052    15.121     0.016
        53790.282748    15.246     0.020
        53792.285968    15.575     0.024
        53792.297898    15.623     0.026
        53792.309809    15.636     0.028
        53792.321705    15.710     0.028
        53792.333654    15.772     0.035
        53799.227869    15.948     0.035
        53799.239917    15.958     0.036
        53799.252087    16.000     0.036
        53799.264039    16.046     0.035
        53799.275726    16.023     0.033
        53802.278843    15.826     0.055
        53802.290222    15.979     0.061
        53816.353192    16.059     0.052
        53816.364256    16.091     0.061
        53816.375364    16.068     0.067
        53816.386629    16.065     0.080
        53818.227068    16.096     0.043
        53818.238190    16.023     0.040
        53818.249286    16.007     0.040
        53818.260414    16.038     0.041
        53818.271676    16.042     0.043
        53821.232852    16.034     0.050
        53821.243479    16.104     0.052
        53821.259776    16.122     0.046
        53821.270505    16.032     0.043
        53821.284226    15.874     0.037
        53824.235657    15.460     0.024
        53824.248164    15.243     0.020
        53824.260259    15.090     0.018
        53824.271079    15.114     0.018
        53824.282543    15.192     0.026
        53828.232340    15.505     0.033
        53828.242729    15.640     0.044
        53828.253787    15.673     0.085
        53828.277759    15.642     0.061
        53845.136819    15.440     0.026
        53845.148126    15.272     0.023
        53845.159444    15.196     0.023
        53845.170811    15.190     0.023
        53845.182161    15.220     0.025
        53846.191263    15.421     0.035
        53846.201915    15.450     0.037
        53846.212592    15.500     0.039
        53846.223323    15.544     0.041
        53846.234051    15.591     0.043
        53851.141249    15.833     0.049
        53851.151861    15.865     0.048
        53851.162427    15.774     0.054
        53851.172889    15.860     0.046
        53851.183325    15.865     0.049
        53851.190924    15.858     0.044
        53851.200957    15.983     0.050
        53851.211207    15.905     0.046
        53851.221462    16.019     0.054
        53851.231347    16.004     0.055
        53854.205364    16.107     0.178
        53854.219659    15.958     0.054
        53854.230555    15.996     0.057
        53854.244441    15.977     0.061
        54030.428010    15.515     0.041
        54030.442203    15.641     0.045
        54030.456299    15.622     0.040
        54030.472347    15.707     0.040
        54030.484822    15.780     0.041
        54035.435152    15.905     0.049
        54035.447412    15.951     0.049
        54035.459946    15.966     0.048
        54035.472087    15.973     0.046
        54035.483792    15.988     0.046
        54036.424613    15.828     0.048
        54036.438530    16.011     0.053
        54036.451676    16.006     0.056
        54036.463975    16.014     0.046
        54036.476077    16.018     0.046
        54040.427092    15.971     0.063
        54040.441281    16.074     0.066
        54040.453585    16.027     0.061
        54040.465977    15.905     0.053
        54040.478002    15.712     0.043
        54053.423602    16.021     0.080
        54053.447168    16.007     0.054
        54053.459107    15.999     0.050
        54053.470960    15.880     0.048
        54056.424968    16.003     0.037
        54056.437227    15.965     0.035
        54056.449478    15.976     0.035
        54056.461918    16.004     0.037
        54056.474166    16.008     0.035
        54059.401268    16.109     0.053
        54059.414032    16.096     0.051
        54059.427126    16.007     0.046
        54059.431706    16.015     0.037
        54059.439695    15.997     0.045
        54059.444204    15.852     0.030
        54059.456515    15.680     0.026
        54059.468835    15.426     0.020
        54059.482273    15.180     0.017
        54064.387498    15.153     0.018
        54064.400415    15.215     0.018
        54064.413316    15.353     0.020
        54064.426225    15.398     0.022
        54064.439315    15.474     0.022
        54082.369861    15.414     0.046
        54082.382367    15.523     0.054
        54082.390862    15.286     0.024
        54082.394731    15.554     0.053
        54082.403752    15.351     0.024
        54082.407182    15.578     0.053
        54082.416655    15.388     0.026
        54082.419648    15.633     0.054
        54082.429876    15.457     0.026
        54082.442777    15.584     0.026
        54085.401391    15.733     0.028
        54085.414528    15.809     0.052
        54085.428285    15.824     0.033
        54085.441927    15.883     0.035
        54085.455408    15.877     0.031
        54112.398109    16.192     0.056
        54112.410663    16.158     0.056
        54112.423212    16.143     0.058
        54114.353654    16.173     0.049
        54114.366659    15.963     0.054
        54152.228478    16.027     0.030
        54152.240885    16.054     0.030
        54152.253204    16.016     0.030
        54152.265825    15.925     0.028
        54152.278224    15.739     0.024
        54153.271665    15.354     0.018
        54153.283164    15.168     0.017
        54153.294660    15.064     0.015
        54153.306166    15.105     0.015
        54153.317720    15.187     0.017
        54173.212591    15.247     0.018
        54173.223279    15.202     0.018
        54173.234161    15.208     0.018
        54173.244973    15.269     0.020
        54173.255846    15.334     0.020
        54174.230896    15.336     0.017
        54174.241394    15.364     0.018
        54174.251931    15.399     0.018
        54174.262505    15.482     0.020
        54177.231413    15.711     0.026
        54177.242943    15.725     0.031
        54180.246748    15.924     0.030
        54180.257626    15.916     0.030
        54180.268048    15.894     0.030
        54180.278519    15.945     0.030
        54185.177894    16.630     0.167
        54185.188123    16.358     0.139
        54185.198389    16.990     0.248
        54185.208537    16.894     0.208
        54185.219110    16.916     0.216
        54201.191036    16.023     0.059
        54201.200556    16.081     0.066
        54201.209781    16.050     0.061
        54201.219009    16.147     0.064
        54201.228314    16.110     0.064
        54205.218437    16.167     0.043
        54205.227654    16.112     0.043
        54205.236828    16.113     0.043
        54205.246113    16.059     0.043
        54205.255319    15.965     0.039
        54208.177750    15.949     0.035
        54208.186652    15.786     0.030
        54208.195580    15.528     0.024
        54208.204604    15.320     0.020
        54208.213782    15.098     0.018
        54212.185614    15.423     0.030
        54212.194477    15.454     0.030
        54212.203606    15.514     0.033
        54212.212498    15.567     0.035
        54212.221400    15.548     0.035
        54416.435246    15.867     0.028
        54416.448009    15.862     0.028
        54416.460333    15.921     0.028
        54416.472645    15.929     0.028
        54416.484989    15.855     0.028
        54438.443605    15.888     0.022
        54438.456882    15.952     0.024
        54438.470218    15.978     0.024
        54438.483651    16.002     0.024
        54438.496911    16.006     0.026
        54448.436479    15.709     0.031
        54448.449020    15.766     0.033
        54448.461288    15.777     0.033
        54448.474347    15.834     0.035
        54448.486713    15.861     0.036
        54481.211941    15.678     0.041
        54481.225555    15.781     0.041
        54481.238750    15.788     0.039
        54481.251751    15.832     0.037
        54481.264689    15.807     0.037
        54498.280298    15.985     0.024
        54498.292698    15.952     0.024
        54498.305109    15.930     0.024
        54498.317478    15.697     0.020
        54498.330006    15.490     0.017
        54506.273665    15.661     0.018
        54506.285976    15.671     0.018
        54506.298163    15.697     0.020
        54506.310618    15.740     0.020
        54506.322851    15.755     0.022
        54521.341167    15.501     0.057
        54521.353466    15.908     0.041
        54521.365144    15.692     0.039
        54521.376853    15.712     0.031
        54521.388570    15.685     0.033
        54527.306987    15.865     0.024
        54527.318398    15.947     0.022
        54535.223033    16.068     0.026
        54535.234215    16.049     0.026
        54535.245382    16.034     0.026
        54535.256926    15.928     0.022
        54535.268091    15.759     0.020
        54540.124290    15.664     0.033
        54540.135168    15.447     0.026
        54552.245672    15.853     0.024
        54552.257771    15.616     0.018
        54552.269858    15.442     0.017
        54552.281868    15.273     0.017
        54552.293885    15.183     0.017
        54561.237131    15.836     0.035
        54561.248612    15.778     0.020
        54561.260063    15.800     0.024
        54561.271540    15.879     0.037
        54561.283009    15.861     0.039
        54580.142371    15.732     0.045
        54580.152614    15.738     0.043
        54580.163072    15.808     0.046
        54580.181100    15.803     0.048
        54580.192066    15.805     0.046
        54583.194751    15.932     0.037
        54583.205402    15.914     0.041
        54583.216006    16.090     0.050
        54590.195046    15.595     0.026
        54590.205371    15.415     0.028
        54590.215699    15.242     0.022
        54590.226063    15.095     0.020
        54590.236416    15.139     0.020
        54591.142945    16.079     0.074
        54591.152707    15.931     0.066
        54591.162281    15.837     0.063
        54591.172212    15.561     0.051
        54591.181789    15.365     0.045
