        52610.442379    15.964     0.107
        52614.443767    15.376     0.041
        52614.459181    15.460     0.044
        52614.474583    15.621     0.048
        52614.489998    15.553     0.026
        52614.505152    15.654     0.028
        52619.450036    15.031     0.017
        52619.465514    15.122     0.018
        52619.480951    15.209     0.020
        52619.496488    15.244     0.020
        52619.512018    15.310     0.022
        52639.395315    15.877     0.035
        52639.410486    15.892     0.035
        52639.425693    15.992     0.036
        52639.440660    15.954     0.035
        52639.456693    15.790     0.031
        52644.379427    15.600     0.022
        52644.404359    15.646     0.022
        52644.437562    15.708     0.024
        52644.452582    15.712     0.024
        52644.467499    15.703     0.024
        52648.258427    14.918     0.015
        52648.273159    15.011     0.015
        52648.288307    15.079     0.017
        52648.303098    15.146     0.017
        52648.317753    15.170     0.018
        52666.311754    15.113     0.013
        52666.327120    15.154     0.015
        52666.342469    15.244     0.015
        52666.357945    15.297     0.017
        52666.373462    15.338     0.017
        52671.316805    15.769     0.026
        52671.331914    15.822     0.028
        52671.347076    15.880     0.030
        52671.362302    15.851     0.030
        52671.377607    15.760     0.028
        52674.315715    15.738     0.026
        52674.320553    15.781     0.030
        52674.332354    15.783     0.028
        52674.337129    15.792     0.030
        52674.347435    15.776     0.026
        52674.351307    15.769     0.028
        52674.361710    15.782     0.028
        52674.365597    15.786     0.030
        52674.375770    15.797     0.028
        52674.379714    15.800     0.030
        52676.278803    15.608     0.031
        52676.294055    15.701     0.033
        52676.310524    15.785     0.036
        52676.326515    15.785     0.036
        52676.342692    15.855     0.040
        52697.270476    15.368     0.026
        52704.241496    15.766     0.026
        52704.254805    15.737     0.026
        52704.268134    15.744     0.026
        52704.281483    15.785     0.028
        52704.294787    15.839     0.030
        52706.239598    15.723     0.024
        52706.252818    15.742     0.026
        52706.266015    15.732     0.026
        52706.279078    15.741     0.026
        52706.292188    15.732     0.026
        52724.182220    15.740     0.031
        52724.182822    15.719     0.028
        52724.194477    15.743     0.031
        52724.195369    15.707     0.028
        52724.207243    15.774     0.031
        52724.207844    15.732     0.030
        52724.219436    15.765     0.030
        52724.220037    15.740     0.028
        52724.231539    15.779     0.031
        52724.232144    15.730     0.028
        52728.174649    15.426     0.020
        52728.187065    15.451     0.020
        52728.198951    15.449     0.020
        52728.210803    15.487     0.022
        52728.222826    15.509     0.022
        52731.181277    15.052     0.018
        52731.193376    15.102     0.028
        52731.205425    15.183     0.050
        52731.229649    15.308     0.055
        52753.141088    15.799     0.035
        52753.141440    15.843     0.033
        52753.153644    15.843     0.038
        52753.153996    15.821     0.033
        52753.166023    15.823     0.036
        52753.166376    15.825     0.035
        52753.178599    15.808     0.038
        52753.178952    15.778     0.033
        52753.190994    15.792     0.040
        52753.191347    15.778     0.035
        52760.144007    15.510     0.022
        52760.155813    15.537     0.024
        52760.167600    15.560     0.024
        52760.179484    15.595     0.026
        52760.191326    15.611     0.026
        52941.449500    15.594     0.022
        52941.461864    15.606     0.022
        52941.474347    15.642     0.022
        52941.486609    15.636     0.024
        52941.498484    15.658     0.024
        52945.435066    15.326     0.026
        52945.447018    15.284     0.022
        52945.459015    15.364     0.024
        52945.470961    15.437     0.026
        52945.482880    15.391     0.024
        52963.459480    15.308     0.017
        52963.472386    15.370     0.017
        52963.484826    15.387     0.018
        52963.497317    15.427     0.018
        52963.510089    15.418     0.018
        52967.382174    15.716     0.030
        52967.394611    15.766     0.030
        52967.407066    15.818     0.031
        52967.419575    15.797     0.030
        52967.432079    15.707     0.026
        52974.397218    15.690     0.023
        52974.408762    15.690     0.026
        52974.423823    15.734     0.025
        52974.436248    15.722     0.025
        52974.448446    15.762     0.026
        52992.413649    15.680     0.021
        52992.426756    15.691     0.021
        52992.439447    15.724     0.021
        52992.452160    15.753     0.021
        52992.464843    15.744     0.021
        52995.344717    15.215     0.013
        52995.357790    15.279     0.013
        52995.370944    15.270     0.013
        52995.383990    15.347     0.013
        52995.397060    15.308     0.013
        53000.353005    15.819     0.020
        53000.366420    15.788     0.020
        53000.380147    15.740     0.020
        53000.393270    15.411     0.015
        53000.406435    15.103     0.011
        53026.296486    15.448     0.013
        53026.309376    15.394     0.013
        53026.322385    15.452     0.013
        53026.335146    15.496     0.015
        53026.348171    15.544     0.015
        53028.304932    15.238     0.010
        53028.317264    15.334     0.012
        53028.329712    15.349     0.012
        53028.342571    15.384     0.012
        53028.355492    15.419     0.012
        53029.343872    15.322     0.024
        53029.356365    15.409     0.067
        53029.369089    15.321     0.061
        53029.372620    15.362     0.050
        53034.276623    15.761     0.031
        53034.289192    15.750     0.030
        53034.301931    15.732     0.030
        53034.314529    15.770     0.030
        53034.327218    15.884     0.035
        53051.272906    15.772     0.022
        53051.284634    15.759     0.022
        53051.296273    15.752     0.022
        53051.307948    15.809     0.022
        53051.319645    15.828     0.024
        53058.271890    15.485     0.013
        53058.285721    15.548     0.015
        53058.297327    15.548     0.015
        53058.311266    15.539     0.015
        53058.325535    15.685     0.017
        53078.263112    15.281     0.021
        53078.274372    15.333     0.020
        53078.285355    15.374     0.020
        53078.296493    15.394     0.021
        53078.307402    15.400     0.021
        53083.229495    15.790     0.018
        53083.240382    15.797     0.020
        53083.251221    15.849     0.018
        53083.261989    15.828     0.018
        53083.272702    15.804     0.018
        53086.234155    15.812     0.052
        53086.245231    15.862     0.093
        53086.256733    15.836     0.050
        53086.267931    15.780     0.039
        53086.279288    15.787     0.031
        53092.228321    15.540     0.024
        53092.238669    15.535     0.022
        53092.249381    15.537     0.024
        53092.259785    15.587     0.024
        53092.270076    15.578     0.024
        53109.183416    15.386     0.023
        53109.204160    15.462     0.025
        53109.214617    15.478     0.025
        53109.224868    15.470     0.025
        53114.192823    15.268     0.013
        53114.203938    15.053     0.011
        53114.215204    14.888     0.011
        53114.226268    14.963     0.011
        53114.237332    15.042     0.013
        53117.193892    15.726     0.020
        53117.204764    15.747     0.022
        53117.215635    15.757     0.022
        53117.226339    15.801     0.024
        53117.237314    15.849     0.026
        53137.172840    15.779     0.038
        53137.194687    15.786     0.043
        53142.157202    15.442     0.020
        53142.167587    15.483     0.020
        53142.177853    15.524     0.022
        53142.188274    15.531     0.022
        53142.198241    15.534     0.026
        53146.161288    14.968     0.018
        53146.170483    15.043     0.015
        53146.179662    15.119     0.015
        53146.188948    15.175     0.017
        53146.198129    15.202     0.017
        53297.420307    15.787     0.046
        53297.432147    15.824     0.045
        53297.445783    15.834     0.043
        53297.458762    15.824     0.040
        53297.471203    15.761     0.038
        53299.445665    15.551     0.037
        53299.457338    15.676     0.067
        53299.480757    15.763     0.070
        53299.492432    15.797     0.048
        53328.376652    15.425     0.044
        53328.413182    14.940     0.018
        53328.425371    14.966     0.033
        53348.387627    15.740     0.031
        53348.401089    15.758     0.031
        53348.414381    15.801     0.031
        53348.427259    15.815     0.033
        53348.440594    15.766     0.031
        53354.324481    15.500     0.024
        53354.337824    15.522     0.024
        53354.351166    15.534     0.024
        53354.369742    15.627     0.026
        53354.383150    15.649     0.026
        53357.448559    15.630     0.025
        53357.463044    15.678     0.026
        53357.477590    15.730     0.028
        53357.492133    15.733     0.028
        53357.506692    15.744     0.028
        53377.339869    15.017     0.013
        53377.353200    15.075     0.015
        53377.366509    15.153     0.015
        53377.379850    15.216     0.017
        53377.393231    15.256     0.017
        53382.428100    15.503     0.026
        53382.457714    14.809     0.068
        53382.472450    14.936     0.015
        53382.487116    14.991     0.017
        53387.345214    15.664     0.026
        53387.359852    15.722     0.030
        53387.373405    15.702     0.028
        53387.386863    15.728     0.030
        53387.399845    15.691     0.028
        53389.350566    15.505     0.026
        53389.363839    15.567     0.028
        53389.377199    15.618     0.026
        53389.391469    15.637     0.028
        53389.406739    15.667     0.026
        53404.301922    15.620     0.018
        53404.319139    15.698     0.020
        53404.331597    15.648     0.022
        53404.344008    15.722     0.022
        53404.357605    15.728     0.024
        53415.291890    15.715     0.026
        53415.304124    15.703     0.026
        53415.316876    15.725     0.028
        53415.329119    15.730     0.028
        53415.341543    15.768     0.028
        53433.288679    15.755     0.024
        53433.303333    15.736     0.024
        53433.317572    15.733     0.024
        53433.333936    15.735     0.026
        53433.347092    15.783     0.028
        53501.141532    15.707     0.035
        53501.152880    15.703     0.037
        53501.163626    15.718     0.037
        53501.174635    15.728     0.039
        53501.185363    15.753     0.041
        53672.459179    15.323     0.028
        53672.472429    15.373     0.028
        53672.486849    15.421     0.030
        53672.500421    15.478     0.030
        53675.445274    14.960     0.017
        53675.457469    14.981     0.017
        53675.469480    15.052     0.017
        53675.482402    15.137     0.018
        53675.494752    15.188     0.020
        53681.461987    15.799     0.037
        53681.477519    15.672     0.050
        53681.490944    15.786     0.031
        53681.504532    15.696     0.028
        53706.460516    15.465     0.024
        53706.473504    15.495     0.037
        53706.498716    15.516     0.054
        53706.511502    15.586     0.020
        53709.391469    15.154     0.017
        53709.404205    14.946     0.015
        53709.416921    14.946     0.015
        53709.429863    14.986     0.015
        53713.402521    15.675     0.052
        53713.415309    15.707     0.044
        53713.428439    15.738     0.050
        53713.441612    15.768     0.043
        53713.454552    15.832     0.048
        53733.385745    15.730     0.028
        53733.398415    15.751     0.028
        53733.411241    15.754     0.030
        53733.423918    15.749     0.030
        53733.436692    15.748     0.030
        53739.350419    15.245     0.022
        53739.363740    15.348     0.031
        53760.333868    15.765     0.043
        53770.224880    15.205     0.018
        53770.238008    15.280     0.020
        53770.251057    15.309     0.018
        53770.264113    15.334     0.018
        53770.277147    15.400     0.018
        53788.401553    15.634     0.031
        53788.413452    15.685     0.033
        53788.425367    15.674     0.046
        53788.437557    15.720     0.072
        53791.301632    15.015     0.017
        53791.313483    15.052     0.017
        53791.325247    15.114     0.018
        53791.337086    15.240     0.018
        53791.348873    15.264     0.020
        53794.283366    15.787     0.072
        53794.295710    16.026     0.046
        53794.307570    15.919     0.041
        53794.319351    15.767     0.028
        53794.331470    15.474     0.063
        53813.251474    15.734     0.037
        53813.262573    15.804     0.041
        53813.273787    15.826     0.043
        53813.284856    15.761     0.043
        53813.296344    15.743     0.043
        53817.284239    15.733     0.037
        53817.295081    15.740     0.035
        53817.305929    15.757     0.037
        53817.316990    15.749     0.039
        53817.327937    15.721     0.039
        53818.226931    15.533     0.028
        53818.237481    15.578     0.028
        53818.248026    15.613     0.030
        53818.258610    15.596     0.030
        53818.269199    15.651     0.031
        53823.200256    14.901     0.015
        53823.212634    14.993     0.017
        53823.224975    15.031     0.017
        53823.236848    15.088     0.017
        53823.249031    15.182     0.018
        53825.227490    15.391     0.024
        53825.237861    15.193     0.018
        53825.248238    14.986     0.017
        53825.258621    14.920     0.017
        53825.269015    14.953     0.017
        53829.177634    15.798     0.050
        53829.188420    15.853     0.054
        53829.198563    15.763     0.041
        53829.208720    15.798     0.052
        53829.218881    15.840     0.057
        53844.184214    15.756     0.043
        53844.195650    15.786     0.043
        53844.206761    15.828     0.045
        53844.217965    15.854     0.046
        53844.229254    15.876     0.049
        53848.186678    15.705     0.041
        53848.197294    15.789     0.044
        53848.207961    15.782     0.043
        53848.218634    15.750     0.043
        53848.229284    15.764     0.044
        53849.193051    15.689     0.031
        53849.203834    15.732     0.033
        53849.214735    15.712     0.035
        53849.225665    15.722     0.035
        53849.236782    15.800     0.039
        53852.193273    15.513     0.031
        53852.205296    15.487     0.031
        53852.216770    15.555     0.035
        53852.228201    15.614     0.037
        53852.240138    15.622     0.039
        53853.139715    15.253     0.031
        53853.152628    15.292     0.033
        53853.163722    15.348     0.035
        53853.174559    15.412     0.049
        53853.185446    15.409     0.033
        53855.191493    15.237     0.024
        53855.202237    15.238     0.024
        53855.212913    15.319     0.028
        53855.223607    15.346     0.028
        53855.234267    15.330     0.030
        53858.143927    15.848     0.059
        54027.452328    15.866     0.049
        54027.464047    15.794     0.046
        54027.478161    15.800     0.049
        54027.490489    15.748     0.043
        54027.501842    15.760     0.045
        54037.436877    15.114     0.021
        54037.449692    15.209     0.021
        54037.461653    15.243     0.021
        54037.473928    15.291     0.023
        54037.486362    15.361     0.023
        54042.453400    15.780     0.069
        54042.465952    15.927     0.064
        54042.478500    15.868     0.058
        54042.491027    15.800     0.053
        54054.410561    15.001     0.018
        54054.422350    15.061     0.018
        54054.433837    15.133     0.018
        54054.445410    15.184     0.018
        54054.456905    15.252     0.020
        54055.414840    14.940     0.015
        54055.426511    15.020     0.015
        54055.438178    15.059     0.017
        54055.449844    15.093     0.017
        54055.461521    15.149     0.017
        54056.382638    15.930     0.048
        54056.396639    15.772     0.038
        54056.411267    15.340     0.025
        54056.424054    15.013     0.018
        54056.436614    14.870     0.016
        54058.428654    15.843     0.030
        54058.441176    15.829     0.030
        54058.453692    15.744     0.026
        54058.466221    15.453     0.020
        54058.478722    15.126     0.015
        54061.379489    15.782     0.028
        54061.392409    15.781     0.030
        54061.404854    15.794     0.028
        54061.417291    15.780     0.028
        54061.429752    15.796     0.028
        54066.388148    15.529     0.048
        54066.395343    15.582     0.030
        54066.401446    15.675     0.036
        54066.407536    15.594     0.024
        54066.420176    15.490     0.046
        54066.440122    15.633     0.031
        54068.391112    15.395     0.017
        54068.404156    15.408     0.017
        54068.417207    15.451     0.018
        54068.430267    15.487     0.018
        54068.443321    15.529     0.018
        54084.387543    15.503     0.031
        54084.395911    15.504     0.024
        54084.400737    15.526     0.035
        54084.413874    15.530     0.033
        54084.415678    15.551     0.024
        54084.426748    15.580     0.033
        54084.432402    15.605     0.026
        54084.439785    15.603     0.035
        54084.449428    15.614     0.030
        54084.465339    15.673     0.028
        54087.398494    15.240     0.024
        54087.411502    15.268     0.043
        54087.424517    15.317     0.026
        54087.437530    15.362     0.031
        54087.450545    15.404     0.024
        54098.313042    15.518     0.030
        54098.324865    15.546     0.028
        54098.336475    15.564     0.028
        54098.348128    15.576     0.028
        54098.359891    15.673     0.028
        54110.329268    15.766     0.045
        54110.341836    15.765     0.054
        54110.354395    15.760     0.045
        54110.366984    15.782     0.045
        54110.379956    15.759     0.043
        54121.274100    15.511     0.030
        54121.286321    15.175     0.017
        54121.298554    14.923     0.015
        54121.310800    14.890     0.015
        54121.323142    14.920     0.015
        54121.330559    14.987     0.015
        54121.343114    15.048     0.016
        54121.355580    15.132     0.016
        54121.368078    15.174     0.018
        54121.380704    15.252     0.020
        54124.271507    15.789     0.024
        54124.283860    15.735     0.024
        54124.296127    15.772     0.022
        54124.308386    15.790     0.024
        54124.320665    15.849     0.026
        54149.275979    15.544     0.025
        54149.287781    15.554     0.025
        54149.299614    15.588     0.025
        54149.311406    15.580     0.025
        54149.323180    15.649     0.026
        54154.272918    14.939     0.015
        54154.284456    15.008     0.015
        54154.296307    15.046     0.016
        54154.307884    15.155     0.018
        54154.319376    15.198     0.018
        54169.220259    15.035     0.016
        54169.231295    15.074     0.016
        54169.242277    15.131     0.018
        54169.253254    15.211     0.021
        54169.264263    15.267     0.021
        54175.220253    15.707     0.022
        54175.230806    15.763     0.024
        54175.241446    15.758     0.024
        54175.252085    15.736     0.024
        54175.262649    15.730     0.024
        54205.177043    15.917     0.041
        54205.186340    15.838     0.040
        54205.195768    15.763     0.038
        54205.205219    15.488     0.030
        54205.214564    15.206     0.023
        54207.177894    15.748     0.030
        54207.187054    15.723     0.030
        54207.196227    15.739     0.028
        54207.205700    15.760     0.031
        54207.214863    15.798     0.030
        54210.178302    15.778     0.026
        54210.187198    15.767     0.026
        54210.196114    15.756     0.026
        54210.205002    15.772     0.026
        54210.213890    15.776     0.028
        54393.431028    15.705     0.043
        54393.443096    15.776     0.046
        54393.456188    15.785     0.045
        54393.468770    15.733     0.041
        54393.480447    15.757     0.041
        54410.436490    15.795     0.050
        54410.448831    15.778     0.054
        54410.461021    15.836     0.070
        54410.473230    15.853     0.104
        54410.485512    15.780     0.031
        54422.412731    15.711     0.020
        54422.425375    15.753     0.020
        54422.437915    15.809     0.020
        54422.450457    15.713     0.020
        54422.463017    15.657     0.020
        54424.385631    15.757     0.020
        54424.398214    15.735     0.020
        54424.410799    15.740     0.020
        54424.423375    15.750     0.020
        54424.435964    15.745     0.018
        54440.408190    15.772     0.018
        54440.421107    15.764     0.017
        54440.434186    15.783     0.017
        54440.447261    15.841     0.018
        54440.460186    15.860     0.018
        54444.385385    15.643     0.018
        54444.398416    15.703     0.020
        54444.411411    15.781     0.078
        54454.268997    15.736     0.035
        54454.282098    15.753     0.033
        54454.295180    15.753     0.030
        54454.308269    15.747     0.030
        54454.321357    15.744     0.028
        54464.459829    15.709     0.022
        54464.472887    15.737     0.022
        54474.332049    15.827     0.117
        54474.345017    15.630     0.111
        54474.358173    15.785     0.068
        54474.371147    15.792     0.037
        54474.384124    15.759     0.030
        54483.201596    15.975     0.059
        54483.214496    15.890     0.052
        54483.227533    15.706     0.041
        54483.240481    15.341     0.028
        54483.253416    15.048     0.022
        54508.236331    15.742     0.017
        54508.248486    15.740     0.017
        54508.260725    15.736     0.018
        54508.273240    15.770     0.026
        54508.285528    15.782     0.028
        54523.330673    15.799     0.020
        54523.342472    15.853     0.022
        54523.354175    15.861     0.022
        54523.365891    15.843     0.024
        54523.377597    15.814     0.024
        54537.165678    15.790     0.026
        54537.176741    15.789     0.022
        54537.187676    15.782     0.024
        54537.198623    15.778     0.017
        54537.209567    15.762     0.017
        54554.240492    15.813     0.020
        54554.252389    15.816     0.020
        54554.264336    15.837     0.020
        54554.276457    15.751     0.018
        54554.288373    15.413     0.015
        54564.188292    15.305     0.013
        54564.199643    15.318     0.015
        54564.211105    15.356     0.015
        54564.222385    15.385     0.015
        54564.233771    15.419     0.017
        54581.144712    15.123     0.040
        54581.154489    15.151     0.041
        54581.164409    15.164     0.043
        54581.183772    15.311     0.045
        54585.190189    15.186     0.039
        54585.231427    14.904     0.020
        54592.143803    15.689     0.024
        54592.154230    15.674     0.026
        54592.164645    15.698     0.026
        54592.175079    15.718     0.026
        54592.185508    15.711     0.028
        54594.157970    15.482     0.049
        54594.196121    15.569     0.054
