        52649.363392    14.879     0.016
        52649.451682    14.696     0.011
        52649.471510    14.778     0.013
        52649.486889    14.775     0.013
        52649.501636    14.766     0.013
        52649.515748    14.694     0.013
        52664.275932    15.442     0.023
        52664.293359    15.296     0.020
        52664.310305    15.133     0.018
        52664.327315    15.200     0.020
        52664.343698    15.378     0.025
        52672.318436    14.261     0.012
        52672.333566    14.270     0.010
        52672.348253    14.446     0.012
        52672.362980    14.191     0.010
        52672.378122    14.397     0.012
        52696.273450    14.713     0.013
        52696.286927    14.719     0.013
        52696.300412    14.791     0.013
        52696.313887    14.845     0.015
        52696.327368    14.855     0.015
        52710.182193    14.461     0.013
        52710.182911    14.780     0.020
        52710.195582    14.441     0.013
        52710.209390    14.596     0.015
        52710.210110    14.707     0.018
        52710.222702    14.595     0.015
        52710.236795    14.541     0.015
        52723.178548    14.679     0.013
        52723.191365    14.594     0.013
        52723.203517    14.533     0.015
        52723.215732    14.550     0.016
        52723.227809    14.535     0.013
        52734.194382    14.845     0.015
        52734.206244    14.845     0.015
        52734.218528    14.931     0.020
        52734.243025    14.689     0.015
        52752.136007    14.319     0.012
        52752.146609    14.265     0.012
        52752.157210    14.307     0.012
        52752.167821    14.311     0.012
        52752.178582    14.296     0.012
        52935.440902    14.141     0.013
        52935.452338    14.149     0.013
        52935.463781    14.162     0.013
        52935.475597    14.046     0.012
        52935.487097    13.967     0.010
        52976.391654    14.676     0.009
        52976.404641    14.666     0.007
        52976.418009    14.722     0.009
        52976.431003    14.717     0.009
        52976.444228    14.729     0.009
        52990.394579    14.643     0.010
        52990.407059    14.615     0.010
        52990.419675    14.592     0.010
        52990.432692    14.527     0.010
        52990.445157    14.596     0.012
        53002.349013    14.625     0.007
        53002.362628    14.583     0.007
        53002.376113    14.562     0.007
        53002.389622    14.615     0.007
        53002.403515    14.687     0.007
        53006.328484    14.697     0.011
        53006.340588    14.630     0.011
        53006.353429    14.596     0.011
        53006.365525    14.591     0.009
        53006.377623    14.545     0.011
        53023.276696    14.634     0.008
        53023.289194    14.632     0.008
        53023.301517    14.613     0.008
        53023.314459    14.529     0.007
        53023.327465    14.511     0.007
        53035.289978    14.694     0.013
        53037.324345    14.632     0.012
        53049.273142    14.622     0.007
        53049.285479    14.607     0.007
        53049.297274    14.578     0.007
        53049.309079    14.533     0.007
        53049.320919    14.488     0.007
        53089.224879    14.635     0.007
        53089.235392    14.703     0.007
        53089.246185    14.699     0.009
        53089.257035    14.697     0.007
        53089.267507    14.709     0.009
        53107.183938    14.634     0.012
        53107.194351    14.578     0.010
        53107.204782    14.545     0.012
        53107.215316    14.662     0.012
        53107.225799    14.671     0.012
        53127.158477    14.652     0.023
        53127.167721    14.655     0.025
        53127.176930    14.734     0.026
        53127.186280    14.784     0.028
        53136.152958    14.517     0.013
        53136.161737    14.531     0.013
        53136.170560    14.487     0.013
        53136.179343    14.450     0.013
        53136.188209    14.510     0.013
        53149.168613    14.774     0.016
        53149.177417    14.783     0.018
        53149.186001    14.672     0.016
        53286.431000    14.524     0.017
        53286.441984    14.610     0.018
        53286.452941    14.565     0.017
        53286.463889    14.581     0.017
        53286.474857    14.527     0.015
        53294.456247    14.633     0.012
        53294.467686    14.629     0.012
        53294.479210    14.568     0.010
        53294.490615    14.595     0.012
        53302.437248    14.530     0.013
        53302.449142    14.602     0.015
        53302.461044    14.650     0.015
        53302.472961    14.704     0.015
        53302.484879    14.709     0.015
        53313.428015    14.584     0.018
        53313.439943    14.686     0.018
        53313.451870    14.779     0.020
        53313.463790    14.734     0.018
        53313.475716    14.672     0.018
        53328.420611    14.637     0.013
        53328.446521    14.719     0.018
        53331.391425    14.601     0.015
        53331.404310    14.658     0.015
        53331.416992    14.678     0.015
        53331.429351    14.705     0.015
        53331.441708    14.696     0.018
        53341.405997    14.795     0.030
        53341.418001    14.743     0.028
        53341.430010    14.763     0.028
        53341.442483    14.764     0.026
        53341.454500    14.659     0.026
        53349.401591    14.694     0.015
        53349.414982    14.749     0.016
        53349.428879    14.718     0.016
        53349.442588    14.618     0.015
        53349.456205    14.596     0.015
        53355.416826    14.587     0.010
        53355.430132    14.555     0.010
        53355.443306    14.669     0.012
        53355.470477    14.683     0.012
        53387.488922    14.915     0.015
        53387.517634    14.717     0.013
        53387.531710    14.789     0.015
        53401.314110    14.634     0.013
        53401.326620    14.623     0.013
        53401.364253    14.514     0.013
        53474.195207    14.714     0.015
        53474.204810    14.756     0.015
        53474.215065    14.813     0.015
        53474.224795    14.747     0.015
        53474.234428    14.691     0.015
        53684.382774    15.410     0.026
        53684.395102    15.786     0.041
        53684.407819    15.884     0.037
        53684.420258    15.778     0.037
        53684.432662    15.583     0.030
        53701.442379    14.540     0.017
        53728.338066    14.692     0.013
        53728.351150    14.646     0.015
        53728.364244    14.620     0.017
        53728.378015    14.621     0.017
        53728.391334    14.696     0.015
        53742.351397    14.746     0.009
        53742.364321    14.919     0.011
        53742.377315    14.910     0.011
        53742.390357    14.867     0.011
        53742.403165    14.738     0.009
        53772.225594    15.173     0.018
        53772.238425    15.482     0.024
        53772.251276    15.635     0.028
        53772.264030    15.498     0.024
        53772.277982    15.304     0.020
        53812.253856    15.802     0.041
        53812.264931    15.724     0.039
        53812.275998    15.341     0.028
        53812.287073    15.078     0.022
        53812.298159    15.283     0.026
        53824.258446    16.059     0.036
        53824.270692    16.145     0.038
        53824.282410    16.111     0.051
        53824.293843    15.757     0.048
        53824.305383    15.608     0.058
        53843.193248    14.579     0.013
        53843.193438    14.578     0.013
        53843.204867    14.560     0.013
        53843.216184    14.552     0.013
        53843.227512    14.513     0.013
        53843.239424    14.448     0.013
        53855.154533    15.428     0.028
        53855.164655    15.457     0.030
        53855.184991    15.177     0.023
        53878.156742    14.553     0.020
        53878.169245    14.689     0.023
        53878.204399    14.558     0.021
        53878.221194    14.439     0.021
        54025.433157    15.042     0.023
        54025.445721    15.204     0.028
        54025.458133    15.207     0.028
        54025.470248    15.156     0.025
        54025.482294    14.939     0.020
        54053.385275    14.521     0.013
        54053.398349    14.535     0.015
        54053.412806    14.553     0.018
        54053.438645    14.512     0.018
        54070.391013    14.662     0.015
        54070.403930    14.654     0.015
        54070.416805    14.646     0.013
        54070.429919    14.806     0.013
        54070.442833    14.809     0.013
        54086.329885    14.754     0.031
        54086.343460    14.550     0.016
        54086.357014    14.646     0.015
        54109.316476    14.620     0.018
        54109.328345    14.514     0.021
        54109.340144    14.538     0.020
        54109.351896    14.524     0.020
        54109.363717    14.607     0.020
        54169.220042    15.714     0.020
        54169.231001    15.438     0.015
        54169.241970    15.323     0.015
        54169.252920    15.453     0.017
        54169.264047    15.874     0.022
        54200.177873    14.710     0.011
        54200.189481    14.684     0.009
        54200.199475    14.589     0.009
        54200.209225    14.573     0.009
        54200.219044    14.556     0.009
        54209.172516    15.057     0.021
        54209.181343    15.087     0.025
        54209.190036    15.107     0.021
        54209.199411    15.211     0.028
        54209.208223    15.345     0.031
        54217.164498    14.364     0.020
        54217.181513    14.448     0.022
        54396.446297    14.628     0.018
        54396.459903    14.593     0.018
        54453.328853    15.646     0.020
        54453.342101    15.355     0.015
        54453.355203    15.247     0.013
        54453.368257    15.497     0.015
        54453.381301    15.678     0.017
        54477.330451    14.448     0.007
        54477.343364    14.465     0.007
        54477.356163    14.441     0.007
        54477.368971    14.445     0.007
        54477.381772    14.448     0.007
        54509.266198    14.364     0.013
        54509.278258    14.409     0.013
        54509.290077    14.401     0.013
        54509.301890    14.473     0.013
        54509.313655    14.411     0.013
        54536.214748    15.285     0.023
        54536.226709    15.251     0.023
        54536.237606    15.291     0.023
        54536.248682    15.279     0.023
        54536.259601    15.211     0.021
        54583.188254    15.289     0.033
        54583.198326    15.248     0.033
        54583.208811    15.444     0.056
