        52613.379335    16.067     0.044
        52613.394659    15.951     0.037
        52613.409988    15.726     0.030
        52613.425569    15.479     0.024
        52613.440851    15.277     0.020
        52618.447586    15.490     0.037
        52618.462966    15.512     0.039
        52618.478206    15.565     0.043
        52618.493715    15.612     0.044
        52618.509224    15.642     0.041
        52639.396804    15.679     0.028
        52639.411764    15.709     0.030
        52639.426974    15.735     0.028
        52639.441938    15.715     0.026
        52639.457973    15.817     0.030
        52643.373779    15.940     0.033
        52643.388049    15.932     0.033
        52643.402224    15.945     0.035
        52643.416502    15.979     0.037
        52643.430629    16.028     0.037
        52647.388718    15.658     0.028
        52647.403697    15.731     0.030
        52647.418023    15.762     0.031
        52647.432515    15.780     0.033
        52647.446885    15.781     0.033
        52666.312667    15.450     0.020
        52666.328038    15.530     0.022
        52666.343382    15.568     0.022
        52666.358856    15.613     0.022
        52666.374380    15.610     0.022
        52673.294521    15.887     0.031
        52673.309910    15.930     0.031
        52673.325189    15.945     0.031
        52673.340362    15.960     0.033
        52673.355686    15.935     0.033
        52678.308112    15.921     0.048
        52678.322212    16.003     0.052
        52678.336127    15.969     0.037
        52678.350191    15.912     0.037
        52678.364315    15.894     0.037
        52698.238253    15.511     0.022
        52698.265226    15.532     0.091
        52698.278995    15.614     0.026
        52698.293226    15.613     0.022
        52703.245815    15.688     0.026
        52703.259298    15.741     0.044
        52703.273220    15.747     0.037
        52703.286740    15.793     0.028
        52703.300035    15.797     0.035
        52704.300828    15.220     0.017
        52704.314211    15.286     0.018
        52704.327610    15.337     0.018
        52704.341136    15.408     0.020
        52704.354621    15.435     0.020
        52725.265294    15.549     0.068
        52725.277722    15.618     0.033
        52725.290240    15.654     0.040
        52725.302712    15.597     0.028
        52730.181433    15.588     0.026
        52730.193058    15.589     0.024
        52730.205319    15.599     0.024
        52730.216853    15.668     0.026
        52730.228503    15.644     0.026
        52733.191423    15.450     0.022
        52733.203545    15.452     0.022
        52733.215698    15.473     0.024
        52733.227969    15.529     0.024
        52733.240110    15.577     0.024
        52754.158718    15.650     0.031
        52754.159063    15.591     0.028
        52754.171337    15.669     0.031
        52754.183690    15.707     0.033
        52754.196197    15.714     0.035
        52754.208824    15.763     0.036
        52758.146439    15.919     0.031
        52758.158434    15.930     0.031
        52758.170470    15.968     0.033
        52758.182670    15.968     0.033
        52758.194691    16.003     0.033
        52940.455381    15.969     0.068
        52940.468107    15.985     0.087
        52940.481124    15.941     0.131
        52940.493873    15.994     0.109
        52944.448636    15.684     0.040
        52944.461190    15.748     0.041
        52944.473894    15.758     0.040
        52944.486201    15.773     0.041
        52944.498557    15.803     0.041
        52964.456804    15.616     0.022
        52964.469791    15.415     0.018
        52964.483145    15.275     0.017
        52964.498512    15.190     0.015
        52966.404096    15.396     0.022
        52966.416788    15.453     0.022
        52966.429582    15.491     0.024
        52966.442234    15.531     0.024
        52966.454965    15.545     0.024
        52974.397884    15.454     0.020
        52974.410971    15.527     0.028
        52974.423903    15.524     0.022
        52974.436921    15.579     0.022
        52974.449762    15.584     0.022
        52993.403251    15.408     0.016
        52993.415694    15.464     0.016
        52993.428159    15.519     0.016
        52993.440536    15.531     0.016
        52994.409360    15.910     0.026
        52994.422554    15.903     0.024
        52994.435618    15.944     0.026
        52994.448864    15.966     0.031
        52994.462007    15.993     0.028
        52997.435701    15.984     0.072
        52997.448819    16.059     0.115
        53025.312383    15.412     0.015
        53025.325749    15.460     0.017
        53025.338751    15.519     0.033
        53025.351748    15.536     0.017
        53028.338187    15.281     0.013
        53028.350929    15.334     0.013
        53028.363527    15.377     0.013
        53028.376016    15.436     0.015
        53028.388504    15.465     0.013
        53034.277039    15.981     0.040
        53034.289612    15.962     0.038
        53034.302348    15.932     0.036
        53034.314948    15.928     0.035
        53034.327635    15.954     0.036
        53052.271916    15.222     0.015
        53052.283684    15.278     0.017
        53052.295533    15.311     0.017
        53052.307535    15.367     0.017
        53052.319270    15.388     0.018
        53057.321935    15.630     0.098
        53057.345042    15.725     0.048
        53057.356508    15.838     0.150
        53061.273959    15.939     0.022
        53061.285247    15.957     0.022
        53061.296469    15.931     0.022
        53061.307627    15.942     0.022
        53061.318790    15.926     0.022
        53079.223475    15.490     0.023
        53079.234557    15.322     0.018
        53079.245612    15.222     0.016
        53079.256543    15.171     0.016
        53079.267502    15.204     0.016
        53082.231282    16.040     0.024
        53082.242286    16.025     0.024
        53082.253545    16.006     0.022
        53082.264632    15.952     0.022
        53082.276010    15.785     0.020
        53085.274417    15.969     0.094
        53085.285321    15.953     0.107
        53085.296168    16.045     0.113
        53091.229368    15.900     0.026
        53091.250353    15.926     0.026
        53091.260930    15.927     0.024
        53091.271634    15.934     0.024
        53110.185669    15.795     0.036
        53110.196493    15.819     0.036
        53110.207545    15.848     0.038
        53110.218503    15.840     0.038
        53110.229322    15.869     0.041
        53116.201808    15.581     0.033
        53116.212942    15.641     0.052
        53116.224075    15.700     0.094
        53116.235459    15.685     0.072
        53116.246693    15.623     0.072
        53117.134634    15.929     0.024
        53117.145327    15.920     0.024
        53117.146169    16.004     0.022
        53117.156067    15.842     0.022
        53117.156908    15.936     0.022
        53117.166875    15.892     0.024
        53117.167715    15.951     0.022
        53117.177960    15.899     0.024
        53138.152915    15.402     0.025
        53138.162540    15.232     0.023
        53138.172289    15.213     0.021
        53138.182587    15.221     0.021
        53138.192268    15.230     0.021
        53141.162192    16.014     0.039
        53141.171625    16.006     0.037
        53141.181290    15.986     0.037
        53141.190913    15.902     0.035
        53141.200566    15.730     0.030
        53144.164099    16.063     0.112
        53144.173002    15.898     0.041
        53144.181852    15.902     0.045
        53144.190771    15.944     0.064
        53144.199557    15.979     0.058
        53292.406647    15.649     0.061
        53292.425780    15.753     0.055
        53292.435340    15.737     0.055
        53292.444908    15.777     0.050
        53297.412923    15.883     0.065
        53297.422673    15.878     0.063
        53297.432418    15.873     0.057
        53297.442163    15.871     0.057
        53297.451900    15.945     0.057
        53327.375376    15.666     0.043
        53327.387790    15.656     0.041
        53327.400168    15.704     0.044
        53327.412557    15.709     0.039
        53327.424988    15.779     0.043
        53347.466933    15.216     0.018
        53347.483402    15.308     0.020
        53347.497857    15.352     0.022
        53347.516550    15.406     0.022
        53353.392096    15.970     0.039
        53353.405027    15.983     0.041
        53353.417967    15.941     0.041
        53353.430911    15.973     0.041
        53353.443898    15.942     0.039
        53357.449173    15.692     0.025
        53357.463675    15.729     0.028
        53357.478220    15.719     0.028
        53357.492763    15.735     0.030
        53357.507316    15.783     0.031
        53376.412473    15.569     0.024
        53376.426908    15.565     0.024
        53376.440881    15.629     0.024
        53376.454559    15.634     0.026
        53376.468125    15.688     0.026
        53381.354453    15.610     0.026
        53381.367765    15.678     0.028
        53381.381724    15.669     0.057
        53381.395385    15.681     0.026
        53381.409716    15.711     0.043
        53403.289519    15.177     0.015
        53403.302300    15.188     0.017
        53403.315112    15.245     0.017
        53403.327859    15.286     0.018
        53410.285837    15.759     0.061
        53410.299284    15.829     0.039
        53410.312291    15.820     0.031
        53410.325649    15.874     0.031
        53410.339251    15.879     0.026
        53432.281703    15.566     0.052
        53432.296109    15.663     0.072
        53432.308689    15.720     0.109
        53432.335974    15.714     0.055
        53437.231460    15.689     0.024
        53437.243047    15.723     0.026
        53437.255524    15.754     0.026
        53437.267123    15.755     0.026
        53437.278598    15.777     0.026
        53440.236490    15.554     0.022
        53440.248198    15.626     0.024
        53440.259805    15.614     0.022
        53440.275021    15.637     0.024
        53440.287708    15.674     0.026
        53443.225630    15.331     0.031
        53443.259667    15.443     0.046
        53445.348006    15.907     0.035
        53445.359350    15.892     0.037
        53445.371017    15.944     0.039
        53445.383539    15.933     0.039
        53445.395305    15.927     0.039
        53446.165650    16.044     0.039
        53446.176252    16.020     0.037
        53446.186839    15.975     0.037
        53446.197447    15.875     0.033
        53446.208041    15.657     0.026
        53464.238727    15.695     0.030
        53464.249152    15.710     0.028
        53464.260009    15.700     0.028
        53464.270571    15.728     0.031
        53464.281000    15.758     0.033
        53495.151744    15.910     0.039
        53495.161894    15.929     0.041
        53495.172064    15.929     0.041
        53495.182237    15.951     0.044
        53495.192371    15.948     0.059
        53501.141937    15.792     0.039
        53501.153283    15.813     0.039
        53501.164171    15.899     0.044
        53501.175047    15.860     0.044
        53501.185781    15.906     0.046
        53672.459821    15.964     0.052
        53672.487491    16.042     0.054
        53672.501060    16.025     0.052
        53675.445915    15.838     0.039
        53675.458111    15.841     0.039
        53675.470121    15.914     0.039
        53675.483081    15.911     0.041
        53675.495389    15.928     0.041
        53680.450986    15.943     0.039
        53680.463474    15.943     0.037
        53680.475838    15.934     0.037
        53680.488150    15.916     0.035
        53680.500484    15.930     0.037
        53705.450503    15.723     0.031
        53705.463431    15.739     0.030
        53705.476156    15.790     0.031
        53705.488869    15.810     0.031
        53705.501496    15.812     0.031
        53708.395973    15.474     0.022
        53708.409122    15.542     0.024
        53708.422398    15.580     0.024
        53708.435289    15.574     0.024
        53708.448169    15.609     0.026
        53712.394761    15.918     0.044
        53712.407862    15.958     0.043
        53712.425583    15.947     0.043
        53712.439165    15.940     0.041
        53712.452995    15.897     0.039
        53732.411938    15.666     0.039
        53732.424707    15.722     0.043
        53732.437484    15.725     0.039
        53732.450258    15.788     0.043
        53732.462930    15.788     0.043
        53735.415825    15.528     0.028
        53735.454888    15.663     0.039
        53738.399917    15.270     0.020
        53738.413032    15.310     0.020
        53738.426070    15.385     0.024
        53738.439059    15.407     0.024
        53738.452257    15.436     0.026
        53759.344014    15.536     0.024
        53759.356801    15.553     0.026
        53759.369605    15.576     0.026
        53759.382281    15.610     0.028
        53759.394972    15.630     0.028
        53762.348006    15.328     0.018
        53762.360704    15.373     0.018
        53762.373572    15.441     0.020
        53762.386499    15.438     0.020
        53762.399621    15.507     0.022
        53769.321635    15.816     0.028
        53769.334889    15.880     0.028
        53769.348356    15.869     0.028
        53769.362345    15.922     0.030
        53769.376293    15.911     0.028
        53771.281785    15.935     0.072
        53771.294494    15.958     0.039
        53771.308422    15.948     0.043
        53771.321266    15.880     0.052
        53771.334069    15.948     0.057
        53772.283468    15.645     0.028
        53772.296209    15.655     0.028
        53772.309007    15.641     0.028
        53772.321659    15.675     0.030
        53772.334407    15.755     0.031
        53773.284130    16.022     0.043
        53773.297697    15.930     0.039
        53773.310567    15.663     0.031
        53773.323424    15.455     0.026
        53773.336256    15.275     0.024
        53788.289084    15.664     0.038
        53788.301917    15.764     0.033
        53788.314654    15.781     0.033
        53788.327315    15.825     0.025
        53788.339970    15.843     0.026
        53788.402235    15.903     0.043
        53788.414134    15.941     0.043
        53788.426067    15.954     0.043
        53788.438261    15.955     0.050
        53790.282698    15.994     0.039
        53790.294465    15.977     0.039
        53790.306245    15.985     0.039
        53790.317998    15.967     0.039
        53790.329743    15.978     0.037
        53793.286918    15.915     0.163
        53793.298781    15.816     0.111
        53793.310718    15.879     0.098
        53799.278087    15.603     0.026
        53799.289565    15.620     0.028
        53799.301067    15.653     0.028
        53799.312578    15.668     0.030
        53799.324277    15.670     0.031
        53813.257909    15.222     0.021
        53813.293312    15.351     0.026
        53817.284834    15.939     0.041
        53817.295674    15.935     0.043
        53817.306524    15.941     0.046
        53817.317586    15.970     0.048
        53817.328532    15.960     0.048
        53819.233756    15.918     0.041
        53819.244508    15.921     0.039
        53819.255253    15.903     0.039
        53819.266221    15.941     0.041
        53819.277754    15.997     0.063
        53820.252329    15.886     0.089
        53827.241595    15.950     0.039
        53827.252579    15.980     0.041
        53827.263462    15.993     0.041
        53827.274269    16.057     0.044
        53827.284851    16.007     0.043
        53844.184821    15.804     0.046
        53844.196257    15.835     0.048
        53844.207449    15.852     0.048
        53844.229865    15.886     0.051
        53848.187076    15.681     0.039
        53848.197690    15.459     0.033
        53848.208358    15.369     0.030
        53848.219033    15.193     0.026
        53848.229682    15.207     0.028
        53850.217673    15.593     0.031
        53850.228299    15.675     0.035
        53850.238987    15.674     0.068
        53850.249900    15.680     0.035
        53850.261002    15.706     0.037
        53852.146643    15.775     0.038
        53852.156790    15.818     0.043
        53852.166986    15.832     0.043
        53852.177422    15.833     0.045
        53852.187586    15.879     0.046
        53853.187956    15.357     0.028
        53853.198574    15.398     0.028
        53853.209982    15.415     0.030
        53853.220390    15.492     0.031
        53853.230823    15.496     0.033
        54031.435592    15.885     0.049
        54031.447616    15.989     0.053
        54031.471834    15.956     0.046
        54031.483764    15.937     0.045
        54034.454500    15.746     0.054
        54036.446310    16.008     0.054
        54036.459471    15.919     0.048
        54036.471713    15.965     0.048
        54036.483568    15.875     0.043
        54041.430238    15.954     0.058
        54041.443893    15.984     0.056
        54041.456309    16.020     0.056
        54041.468862    16.076     0.056
        54041.481080    15.994     0.051
        54057.387535    15.949     0.053
        54057.413036    16.045     0.051
        54057.452573    15.937     0.035
        54057.465113    15.640     0.028
        54057.477597    15.476     0.024
        54057.490085    15.294     0.020
        54057.502570    15.212     0.018
        54060.428784    15.911     0.033
        54060.442719    15.926     0.033
        54060.455642    15.963     0.035
        54060.468542    15.992     0.037
        54060.481601    15.981     0.037
        54068.391861    15.918     0.028
        54068.404903    15.913     0.028
        54068.417954    15.941     0.030
        54068.431016    15.953     0.028
        54068.444071    15.970     0.028
        54083.391794    15.492     0.035
        54083.403430    15.579     0.033
        54083.404904    15.547     0.046
        54083.416621    15.598     0.028
        54083.417715    15.557     0.041
        54083.429813    15.630     0.028
        54083.430704    15.576     0.040
        54083.443008    15.649     0.030
        54083.443539    15.616     0.040
        54083.456205    15.688     0.039
        54086.361484    15.239     0.018
        54086.374690    15.268     0.018
        54086.387624    15.336     0.018
        54086.400562    15.387     0.018
        54086.413501    15.404     0.018
        54091.367227    15.530     0.024
        54091.379808    15.574     0.024
        54091.392391    15.587     0.024
        54091.405310    15.617     0.024
        54091.417904    15.627     0.026
        54113.327271    15.392     0.021
        54113.379111    15.276     0.021
        54115.348110    15.649     0.031
        54115.361174    15.667     0.033
        54115.374114    15.643     0.031
        54115.386991    15.699     0.033
        54115.399914    15.734     0.035
        54123.332468    15.648     0.031
        54123.344916    15.682     0.033
        54123.357302    15.729     0.033
        54123.369868    15.711     0.033
        54123.382493    15.730     0.035
        54144.305867    15.804     0.028
        54144.316986    15.801     0.030
        54144.328183    15.841     0.030
        54144.339284    15.789     0.030
        54144.350389    15.846     0.033
        54148.280241    15.805     0.038
        54148.292394    15.516     0.030
        54148.304149    15.364     0.025
        54148.315857    15.205     0.023
        54148.327653    15.141     0.023
        54154.270599    15.894     0.031
        54154.273600    15.834     0.038
        54154.282092    15.902     0.031
        54154.285143    15.896     0.041
        54154.293572    15.882     0.030
        54154.296994    15.863     0.038
        54154.305068    15.873     0.030
        54154.308567    15.832     0.036
        54154.316544    15.826     0.030
        54154.320060    15.797     0.036
        54169.220926    15.253     0.020
        54169.231961    15.284     0.020
        54169.242972    15.344     0.021
        54169.253921    15.353     0.023
        54169.264931    15.414     0.025
        54173.217585    15.923     0.024
        54173.228230    15.931     0.024
        54173.238935    15.947     0.026
        54173.249613    15.971     0.026
        54173.260413    15.974     0.026
        54176.222551    15.830     0.026
        54176.233285    15.883     0.028
        54176.244093    15.876     0.028
        54176.254644    15.889     0.028
        54176.265703    15.910     0.030
        54179.235064    15.709     0.022
        54179.246209    15.761     0.024
        54179.257556    15.834     0.026
        54179.280290    15.824     0.026
        54186.292944    15.930     0.024
        54186.304555    15.947     0.026
        54186.315804    15.968     0.026
        54186.327139    15.974     0.026
        54206.216770    15.687     0.026
        54206.225923    15.710     0.028
        54206.234958    15.709     0.026
        54206.244005    15.756     0.028
        54206.253050    15.755     0.028
        54208.170936    15.840     0.041
        54208.179740    15.905     0.043
        54208.188527    15.902     0.043
        54208.197131    15.900     0.043
        54208.205638    15.947     0.045
        54209.175329    15.465     0.024
        54209.184308    15.511     0.020
        54209.193304    15.538     0.039
        54209.202308    15.557     0.026
        54209.211312    15.579     0.031
        54393.443494    15.800     0.048
        54393.457486    15.798     0.048
        54393.469169    15.877     0.049
        54393.480846    15.878     0.049
        54410.436974    15.309     0.031
        54410.449314    15.370     0.041
        54410.461504    15.498     0.063
        54410.485997    15.505     0.026
        54419.449422    15.931     0.024
        54419.462168    15.929     0.024
        54419.474906    15.930     0.024
        54419.487643    15.978     0.024
        54419.500393    15.966     0.026
        54440.408813    15.888     0.020
        54440.421732    15.562     0.015
        54440.434810    15.409     0.013
        54440.447885    15.242     0.013
        54440.460808    15.229     0.011
        54444.386006    15.786     0.022
        54444.399032    15.794     0.035
        54444.438028    15.882     0.063
        54448.385322    15.856     0.022
        54448.398470    15.524     0.017
        54448.411506    15.374     0.017
        54448.424530    15.260     0.011
        54448.437548    15.200     0.011
        54480.460269    15.469     0.040
        54480.472555    15.494     0.041
        54480.485173    15.511     0.041
        54480.497462    15.571     0.046
        54480.509783    15.570     0.049
        54507.270225    15.988     0.024
        54507.282457    15.977     0.026
        54507.294710    15.899     0.022
        54507.307118    15.657     0.018
        54507.319539    15.464     0.015
        54523.331658    15.295     0.013
        54523.343449    15.315     0.015
        54523.355151    15.378     0.015
        54523.366870    15.408     0.017
        54523.378578    15.471     0.018
        54530.275227    15.718     0.044
        54530.286645    15.777     0.026
        54530.298169    15.792     0.022
        54530.309521    15.792     0.020
        54530.320865    15.822     0.033
        54536.214950    15.290     0.013
        54536.226038    15.322     0.013
        54536.236973    15.342     0.013
        54536.247922    15.376     0.013
        54536.258987    15.419     0.015
        54554.241365    15.784     0.020
        54554.253267    15.802     0.020
        54554.265217    15.837     0.020
        54554.277329    15.850     0.020
        54554.289253    15.873     0.022
        54563.190850    15.235     0.013
        54563.202330    15.247     0.013
        54563.213901    15.244     0.013
        54563.225478    15.293     0.015
        54563.236962    15.333     0.015
        54581.145050    15.568     0.054
        54581.154829    15.622     0.056
        54581.164750    15.578     0.056
        54581.174418    15.702     0.061
        54581.184109    15.734     0.063
        54585.190621    15.970     0.118
        54585.221596    16.049     0.135
        54592.144237    15.504     0.020
        54592.154666    15.533     0.024
        54592.165079    15.569     0.024
        54592.175515    15.571     0.024
        54592.185943    15.615     0.026
        54594.186928    15.801     0.081
        54594.196459    15.859     0.078
