        52610.443256    15.602     0.092
        52614.444946    16.148     0.093
        52614.460381    16.045     0.076
        52614.475826    16.146     0.076
        52614.491176    16.080     0.041
        52614.506334    16.029     0.037
        52619.451219    16.042     0.039
        52619.466744    16.000     0.041
        52619.482135    15.950     0.039
        52619.497681    15.814     0.035
        52619.513206    15.777     0.033
        52639.396295    15.789     0.031
        52639.411254    15.802     0.031
        52639.426464    15.818     0.030
        52639.441428    15.879     0.031
        52639.457462    15.915     0.033
        52644.380609    15.902     0.030
        52644.438712    15.997     0.031
        52644.453736    16.004     0.031
        52644.468649    16.045     0.033
        52648.258801    16.037     0.039
        52648.273529    16.017     0.037
        52648.288676    16.093     0.041
        52648.303470    16.080     0.039
        52648.318125    16.027     0.039
        52666.312802    15.720     0.024
        52666.328173    15.735     0.024
        52666.343516    15.751     0.024
        52666.358991    15.747     0.024
        52666.374560    15.808     0.026
        52671.317978    15.806     0.028
        52671.333091    15.838     0.030
        52671.348271    15.902     0.030
        52671.363572    15.929     0.031
        52671.378786    15.975     0.033
        52674.321089    15.734     0.028
        52674.337478    15.771     0.028
        52674.351656    15.826     0.030
        52674.365947    15.843     0.030
        52674.380063    15.873     0.031
        52697.271727    16.110     0.050
        52704.242801    15.754     0.024
        52704.256091    15.716     0.024
        52704.269450    15.724     0.024
        52704.282769    15.717     0.026
        52704.296110    15.711     0.026
        52706.240385    15.756     0.026
        52706.253630    15.810     0.028
        52706.266808    15.796     0.026
        52706.279889    15.829     0.028
        52706.292985    15.860     0.030
        52724.183059    15.916     0.036
        52724.183418    15.940     0.036
        52724.195606    16.020     0.040
        52724.195965    16.010     0.038
        52724.208082    15.980     0.038
        52724.208530    16.040     0.038
        52724.220274    15.983     0.036
        52724.220633    16.061     0.038
        52724.232380    16.049     0.040
        52724.232739    16.007     0.036
        52728.175842    15.718     0.026
        52728.188253    15.740     0.026
        52728.200147    15.726     0.026
        52728.211993    15.672     0.026
        52728.224064    15.678     0.026
        52731.182469    15.892     0.044
        52731.194570    15.757     0.052
        52731.206614    15.811     0.083
        52753.192077    16.011     0.048
        52753.192189    15.994     0.045
        52753.205338    15.977     0.046
        52753.205450    15.886     0.040
        52753.217938    15.862     0.041
        52753.230823    15.787     0.043
        52753.230935    15.821     0.041
        52753.243371    15.741     0.043
        52753.243484    15.764     0.041
        52760.144899    15.725     0.028
        52760.156702    15.715     0.028
        52760.168491    15.683     0.028
        52760.180375    15.738     0.030
        52760.192221    15.722     0.030
        52941.450246    15.769     0.024
        52941.462609    15.769     0.024
        52941.475138    15.794     0.026
        52941.487355    15.799     0.026
        52941.499230    15.879     0.026
        52945.436012    15.965     0.046
        52945.447962    15.899     0.041
        52945.459959    15.850     0.039
        52945.471905    15.782     0.035
        52945.483826    15.736     0.033
        52963.460758    15.767     0.022
        52963.473660    15.814     0.024
        52963.486149    15.807     0.024
        52963.498595    15.913     0.028
        52967.383358    16.022     0.039
        52967.395796    16.086     0.041
        52967.408249    16.066     0.037
        52967.420757    16.061     0.037
        52967.433264    16.058     0.035
        52974.398222    15.682     0.025
        52974.409610    15.716     0.026
        52974.424674    15.740     0.026
        52974.437092    15.715     0.025
        52974.449563    15.749     0.026
        52992.414431    16.000     0.030
        52992.427500    15.954     0.028
        52992.440188    15.939     0.026
        52992.452903    15.970     0.026
        52992.465589    15.989     0.026
        52995.345639    15.730     0.018
        52995.358713    15.773     0.018
        52995.371946    15.815     0.018
        52995.384912    15.821     0.020
        52995.398063    15.875     0.020
        53000.354227    15.879     0.022
        53000.367332    15.930     0.022
        53000.381058    15.913     0.022
        53000.394182    15.934     0.022
        53000.407413    15.958     0.022
        53026.297516    16.010     0.020
        53026.310292    16.007     0.022
        53026.323301    15.979     0.022
        53026.336062    15.959     0.020
        53026.349087    15.886     0.020
        53029.344793    16.079     0.039
        53029.370078    16.108     0.165
        53034.277141    16.049     0.041
        53034.289714    16.085     0.043
        53034.302448    16.041     0.040
        53034.315050    16.022     0.040
        53034.327903    15.984     0.038
        53051.273791    15.960     0.028
        53051.285519    15.963     0.028
        53051.297158    15.983     0.026
        53051.308893    16.004     0.028
        53051.320530    16.011     0.028
        53058.272751    15.851     0.018
        53058.286582    15.821     0.018
        53058.298187    15.771     0.017
        53058.312125    15.694     0.017
        53058.326395    15.708     0.017
        53061.219039    16.054     0.023
        53061.231486    16.044     0.021
        53061.243488    16.036     0.021
        53061.255988    16.065     0.023
        53061.268140    16.060     0.023
        53062.249087    15.906     0.069
        53062.261448    15.901     0.081
        53078.263932    15.947     0.036
        53078.275175    16.020     0.036
        53078.286160    15.970     0.035
        53078.297295    16.063     0.038
        53078.308223    16.035     0.040
        53083.230351    16.030     0.024
        53083.241237    16.001     0.026
        53083.252077    16.065     0.022
        53083.262843    16.025     0.022
        53083.273558    16.057     0.024
        53086.235009    15.948     0.054
        53086.246085    16.099     0.104
        53086.257587    16.022     0.059
        53086.268831    16.042     0.050
        53086.280142    16.064     0.041
        53092.229160    15.734     0.028
        53092.239507    15.774     0.028
        53092.250218    15.813     0.030
        53092.260622    15.772     0.030
        53092.270914    15.797     0.031
        53109.184100    15.828     0.035
        53109.194426    15.783     0.033
        53109.204851    15.768     0.033
        53109.215304    15.729     0.033
        53109.225555    15.695     0.031
        53114.193519    15.673     0.018
        53114.204635    15.632     0.018
        53114.215901    15.612     0.020
        53114.226965    15.688     0.020
        53114.238029    15.684     0.020
        53117.194596    15.655     0.020
        53117.205441    15.592     0.020
        53117.216313    15.658     0.020
        53117.227016    15.667     0.020
        53117.237992    15.704     0.022
        53137.153739    15.936     0.043
        53137.163493    16.002     0.046
        53137.173521    16.047     0.051
        53137.183630    16.107     0.058
        53137.195381    16.063     0.056
        53142.157809    16.086     0.037
        53142.168193    16.033     0.033
        53142.178460    16.029     0.037
        53142.188881    16.094     0.037
        53142.198848    16.053     0.039
        53146.161882    15.739     0.026
        53146.171076    15.770     0.026
        53146.180254    15.745     0.026
        53146.189542    15.817     0.028
        53146.198838    15.808     0.030
        53148.154858    15.923     0.035
        53148.163771    15.914     0.041
        53148.172684    15.958     0.044
        53148.181757    15.990     0.048
        53148.190670    16.024     0.057
        53149.157114    15.690     0.037
        53149.166227    15.688     0.039
        53149.176708    15.730     0.043
        53149.185693    15.706     0.044
        53297.421165    15.924     0.056
        53297.433006    15.852     0.048
        53297.446642    15.929     0.049
        53297.459700    16.014     0.051
        53297.472062    15.956     0.046
        53299.445984    16.091     0.065
        53299.457656    16.049     0.098
        53299.469397    16.123     0.181
        53299.481077    16.078     0.104
        53299.492750    16.006     0.059
        53316.443832    15.874     0.087
        53316.468036    15.862     0.089
        53327.375479    15.757     0.043
        53327.387892    15.758     0.041
        53327.400270    15.797     0.048
        53327.412660    15.849     0.043
        53327.425091    15.851     0.044
        53347.467063    15.701     0.028
        53347.483531    15.710     0.028
        53347.497970    15.703     0.026
        53347.516672    15.764     0.028
        53353.392206    16.053     0.039
        53353.405136    16.014     0.039
        53353.418077    16.039     0.041
        53353.431021    16.008     0.039
        53353.444005    15.932     0.037
        53357.449281    15.931     0.033
        53357.463786    15.943     0.033
        53357.478336    15.940     0.035
        53357.492878    15.981     0.036
        53357.507424    16.036     0.038
        53376.412617    15.804     0.028
        53376.427049    15.867     0.030
        53376.441019    15.919     0.030
        53376.454701    15.947     0.031
        53376.468287    15.945     0.031
        53382.429232    15.686     0.030
        53382.444138    15.715     0.078
        53382.473589    15.803     0.031
        53382.488260    15.805     0.031
        53404.307907    16.065     0.030
        53404.320409    16.070     0.030
        53404.332837    16.009     0.028
        53404.345248    15.962     0.026
        53404.358844    15.857     0.026
        53415.293127    16.100     0.035
        53415.305366    16.064     0.037
        53415.318119    16.091     0.037
        53415.330361    16.080     0.037
        53415.342786    16.035     0.035
        53433.289882    15.731     0.024
        53433.304633    15.696     0.024
        53433.318776    15.727     0.024
        53433.335141    15.715     0.024
        53433.348294    15.748     0.026
        53438.225128    15.718     0.024
        53438.227989    15.723     0.022
        53438.236736    15.713     0.022
        53438.239571    15.697     0.022
        53438.248332    15.684     0.022
        53438.251186    15.693     0.022
        53438.259967    15.710     0.024
        53438.262804    15.701     0.022
        53438.271625    15.694     0.022
        53438.274463    15.692     0.022
        53440.233204    15.800     0.028
        53440.245000    15.815     0.028
        53440.256517    15.871     0.028
        53440.270896    15.917     0.030
        53440.283358    15.906     0.031
        53441.215788    15.838     0.026
        53441.218318    15.830     0.026
        53441.227216    15.785     0.024
        53441.229789    15.840     0.026
        53441.238799    15.765     0.024
        53441.241324    15.764     0.024
        53441.250265    15.706     0.024
        53441.252788    15.737     0.024
        53441.262412    15.698     0.024
        53441.264932    15.709     0.024
        53442.159980    15.917     0.030
        53442.170899    15.921     0.030
        53442.181812    15.950     0.031
        53442.192730    15.953     0.030
        53442.203630    16.000     0.031
        53445.170869    15.827     0.030
        53445.182043    15.861     0.031
        53445.193152    15.857     0.031
        53445.204335    15.913     0.031
        53445.215512    15.930     0.031
        53464.238833    16.049     0.041
        53464.249257    15.959     0.033
        53464.260114    16.032     0.035
        53464.270680    16.060     0.039
        53464.281105    16.012     0.037
        53501.142046    16.065     0.048
        53501.153386    16.022     0.046
        53501.164274    16.083     0.052
        53501.175151    16.030     0.052
        53501.185887    16.074     0.054
        53672.459953    15.995     0.050
        53672.473203    15.984     0.050
        53672.487624    16.067     0.054
        53672.501193    16.096     0.052
        53675.446047    15.907     0.039
        53675.458244    15.961     0.041
        53675.470253    15.954     0.039
        53675.483216    16.039     0.043
        53675.495522    16.043     0.043
        53680.451131    16.033     0.041
        53680.463620    16.001     0.041
        53680.475985    16.050     0.041
        53680.488297    15.992     0.039
        53680.500631    16.004     0.041
        53706.461984    15.725     0.030
        53706.474820    15.683     0.028
        53706.487426    15.739     0.126
        53706.500031    15.895     0.152
        53706.512819    15.742     0.024
        53709.380124    16.093     0.041
        53709.392823    16.012     0.037
        53709.405528    15.971     0.037
        53709.418281    15.899     0.035
        53709.431229    15.835     0.031
        53713.403380    15.895     0.065
        53713.416302    15.929     0.052
        53713.429292    15.921     0.057
        53713.442467    15.957     0.050
        53713.455410    16.027     0.055
        53733.386801    15.759     0.030
        53733.399474    15.707     0.028
        53733.412296    15.704     0.028
        53733.424974    15.684     0.028
        53733.437748    15.704     0.028
        53739.351287    16.102     0.054
        53739.364606    16.067     0.063
        53760.334945    15.877     0.055
        53770.279075    15.697     0.024
        53770.291911    15.696     0.024
        53770.304938    15.700     0.024
        53770.317993    15.707     0.024
        53770.332198    15.711     0.026
        53788.289242    15.952     0.049
        53788.302074    16.010     0.043
        53788.314812    16.004     0.046
        53788.327473    16.021     0.030
        53788.340126    16.062     0.033
        53788.402366    16.102     0.046
        53788.414265    16.005     0.043
        53788.426197    15.966     0.041
        53788.438392    15.878     0.059
        53791.302684    15.905     0.031
        53791.314529    15.927     0.031
        53791.326293    15.958     0.033
        53791.338132    15.976     0.033
        53791.349921    15.976     0.035
        53794.285276    15.831     0.043
        53794.297023    15.875     0.035
        53794.308883    15.856     0.031
        53794.320670    15.861     0.030
        53794.332785    15.880     0.118
        53813.258057    15.791     0.035
        53813.269643    15.781     0.036
        53813.282114    15.771     0.038
        53813.293458    15.808     0.040
        53813.304908    15.847     0.041
        53817.284948    16.086     0.046
        53817.295789    16.057     0.044
        53817.306644    15.980     0.043
        53817.317700    15.921     0.043
        53817.328651    15.811     0.041
        53818.228154    15.791     0.035
        53818.238706    15.800     0.033
        53818.249252    15.796     0.035
        53818.259835    15.884     0.039
        53818.270423    15.879     0.039
        53820.252475    16.121     0.144
        53823.202178    15.869     0.033
        53823.214374    15.867     0.033
        53823.226181    15.926     0.035
        53823.238055    15.937     0.035
        53823.250857    16.021     0.039
        53825.228667    16.074     0.041
        53825.239044    16.072     0.041
        53825.249414    16.064     0.041
        53825.259805    16.080     0.041
        53825.270194    16.010     0.041
        53829.179455    15.678     0.041
        53829.189678    15.676     0.035
        53829.199817    15.707     0.039
        53829.209980    15.725     0.041
        53829.220144    15.729     0.054
        53844.184931    16.031     0.041
        53844.196367    16.064     0.043
        53844.207559    16.044     0.043
        53844.218686    16.056     0.045
        53844.229975    16.133     0.049
        53848.187151    15.685     0.039
        53848.197765    15.741     0.041
        53848.208433    15.673     0.039
        53848.219109    15.726     0.041
        53848.229758    15.773     0.044
        53849.194176    16.094     0.046
        53849.204958    16.014     0.043
        53849.215857    16.003     0.044
        53849.226788    15.941     0.043
        53849.237910    15.870     0.041
        53852.147009    15.971     0.046
        53852.157150    15.961     0.049
        53852.167350    16.036     0.053
        53852.177784    16.028     0.054
        53852.187952    16.019     0.054
        53852.194792    16.129     0.054
        53852.206895    16.120     0.055
        53852.218304    16.138     0.057
        53852.229725    16.148     0.061
        53852.244839    16.050     0.057
        53855.192876    16.038     0.050
        53855.203570    16.087     0.052
        53855.214240    16.107     0.055
        53855.224936    16.088     0.054
        53855.235580    16.047     0.055
        54027.453708    15.762     0.045
        54027.465296    15.729     0.045
        54027.479412    15.710     0.049
        54027.491739    15.691     0.041
        54027.503093    15.732     0.063
        54037.438159    15.748     0.035
        54037.450972    15.840     0.036
        54037.462927    15.823     0.035
        54037.475204    15.836     0.033
        54037.489134    15.851     0.036
        54041.430679    16.052     0.061
        54041.444341    15.958     0.051
        54041.456754    15.935     0.049
        54041.469307    15.859     0.045
        54041.481575    15.801     0.041
        54054.411568    15.744     0.033
        54054.423358    15.714     0.031
        54054.434848    15.682     0.030
        54054.446419    15.657     0.030
        54054.457915    15.676     0.030
        54055.416129    16.064     0.037
        54055.427799    16.067     0.037
        54055.439467    16.026     0.035
        54055.451134    16.080     0.037
        54055.462812    16.039     0.037
        54057.387677    15.986     0.051
        54057.400359    15.969     0.048
        54057.413180    15.890     0.041
        54057.425875    15.815     0.040
        54057.438763    15.781     0.036
        54058.429692    16.055     0.037
        54058.442214    16.046     0.035
        54058.454730    16.025     0.035
        54058.467259    16.046     0.035
        54058.479761    16.064     0.035
        54061.431537    15.948     0.031
        54061.444087    16.037     0.033
        54061.456632    16.025     0.033
        54061.469189    16.010     0.031
        54061.481734    16.074     0.035
        54066.396692    16.140     0.067
        54066.421525    16.104     0.059
        54068.392008    16.064     0.033
        54068.405050    16.007     0.033
        54068.418100    15.987     0.033
        54068.431162    15.870     0.028
        54068.444216    15.846     0.026
        54083.392268    15.761     0.045
        54083.405375    15.745     0.053
        54083.418184    15.808     0.048
        54083.431174    15.895     0.054
        54083.444006    15.896     0.049
        54084.397327    15.831     0.031
        54084.417606    15.778     0.030
        54084.434374    15.729     0.028
        54084.450966    15.709     0.030
        54084.466885    15.688     0.026
        54087.399840    16.020     0.043
        54087.412847    16.016     0.070
        54087.425861    15.886     0.039
        54087.438874    15.848     0.050
        54087.451890    15.863     0.102
        54121.331872    15.705     0.025
        54121.344432    15.726     0.025
        54121.356902    15.774     0.026
        54121.369402    15.770     0.026
        54121.382024    15.770     0.026
        54124.272947    15.888     0.024
        54124.285300    15.831     0.022
        54124.297565    15.809     0.020
        54124.309824    15.774     0.022
        54124.322104    15.730     0.020
        54149.277260    16.014     0.038
        54149.289067    16.043     0.038
        54149.300898    16.010     0.036
        54149.312691    16.013     0.038
        54149.324470    15.932     0.035
        54154.273739    15.960     0.040
        54154.285282    15.853     0.035
        54154.297132    15.810     0.033
        54154.308706    15.761     0.031
        54154.320199    15.758     0.031
        54169.221059    15.693     0.030
        54169.232095    15.722     0.030
        54169.243106    15.705     0.031
        54169.254055    15.788     0.035
        54169.265065    15.792     0.033
        54175.221486    15.771     0.026
        54175.232039    15.739     0.026
        54175.242679    15.719     0.026
        54175.253324    15.720     0.024
        54175.263886    15.730     0.026
        54205.177776    16.011     0.046
        54205.187055    15.923     0.043
        54205.196485    15.926     0.043
        54205.205940    15.877     0.043
        54205.215281    15.839     0.041
        54207.178994    15.738     0.031
        54207.188152    15.744     0.031
        54207.197333    15.730     0.030
        54207.206805    15.751     0.033
        54207.215967    15.731     0.030
        54210.179383    15.749     0.031
        54210.188268    15.738     0.031
        54210.197183    15.702     0.031
        54210.206067    15.740     0.031
        54210.214963    15.690     0.030
        54393.431566    15.766     0.046
        54393.443631    15.854     0.048
        54393.457623    15.886     0.048
        54393.469305    15.893     0.048
        54393.480982    15.875     0.048
        54403.464397    15.857     0.043
        54410.437127    15.678     0.041
        54410.449467    15.696     0.050
        54410.461657    15.714     0.068
        54410.473865    15.758     0.089
        54410.486152    15.708     0.028
        54419.449616    15.987     0.024
        54419.462361    15.944     0.022
        54419.475099    15.904     0.022
        54419.487837    15.832     0.020
        54419.500587    15.792     0.020
        54424.387596    16.031     0.028
        54424.400184    15.971     0.024
        54424.412767    15.923     0.022
        54424.425340    15.846     0.022
        54424.437933    15.771     0.020
        54440.409012    15.741     0.017
        54440.421931    15.724     0.017
        54440.435009    15.716     0.017
        54440.448085    15.720     0.017
        54440.461007    15.714     0.017
        54444.386204    15.938     0.024
        54444.399229    15.994     0.026
        54444.412226    16.249     0.154
        54444.438225    16.075     0.120
        54448.385519    15.760     0.020
        54448.398666    15.741     0.020
        54448.411703    15.726     0.022
        54448.424727    15.709     0.015
        54448.437746    15.711     0.015
        54454.324449    16.094     0.083
        54454.337645    16.057     0.033
        54454.350959    16.073     0.033
        54454.364151    16.046     0.033
        54454.377342    16.027     0.031
        54474.333070    15.813     0.055
        54474.359190    15.874     0.065
        54474.372165    15.868     0.037
        54474.385142    15.789     0.067
        54508.287270    16.056     0.033
        54508.299536    16.080     0.026
        54508.311736    16.072     0.031
        54508.324033    16.052     0.026
        54508.336244    16.034     0.024
        54523.332233    15.767     0.020
        54523.344018    15.799     0.022
        54523.355723    15.807     0.022
        54523.367444    15.849     0.024
        54523.379151    15.897     0.026
        54530.275807    16.003     0.072
        54530.287221    16.058     0.030
        54530.298751    16.055     0.026
        54530.310100    16.064     0.028
        54530.321448    16.065     0.052
        54537.212763    16.023     0.020
        54537.223782    15.967     0.020
        54537.235029    15.923     0.018
        54537.246096    15.846     0.018
        54537.257623    15.786     0.018
        54554.241879    16.027     0.022
        54554.253780    16.074     0.024
        54554.265730    16.081     0.024
        54554.277842    16.068     0.024
        54554.289768    16.043     0.022
        54563.191035    15.723     0.018
        54563.202515    15.713     0.018
        54563.214086    15.734     0.018
        54563.225665    15.767     0.020
        54563.237148    15.791     0.020
        54581.145160    15.960     0.030
        54581.154941    16.085     0.030
        54581.164862    16.019     0.026
        54585.190752    15.758     0.074
        54585.231984    15.743     0.059
        54592.144383    15.888     0.028
        54592.154809    15.902     0.031
        54592.165223    15.923     0.031
        54592.175658    15.969     0.033
        54592.186086    15.986     0.035
