        52639.451212    15.629     0.026
        52639.465995    15.620     0.024
        52639.481348    15.593     0.024
        52639.496005    15.579     0.024
        52639.510945    15.605     0.024
        52650.368702    15.896     0.037
        52650.382810    15.886     0.033
        52650.396986    15.846     0.030
        52650.411130    15.787     0.028
        52650.425261    15.742     0.026
        52665.389525    15.585     0.024
        52665.403929    15.605     0.024
        52665.418211    15.630     0.024
        52665.432623    15.700     0.026
        52665.447089    15.706     0.026
        52677.400369    15.674     0.033
        52677.414654    15.714     0.028
        52677.429041    15.775     0.031
        52677.443371    15.849     0.081
        52680.422448    15.921     0.033
        52680.437338    15.865     0.033
        52680.452224    15.904     0.033
        52680.466968    15.850     0.033
        52680.483073    15.800     0.031
        52697.410793    15.555     0.043
        52706.315655    15.870     0.033
        52706.315770    15.851     0.035
        52706.328962    15.870     0.033
        52706.329077    15.842     0.033
        52706.342556    15.818     0.030
        52706.342671    15.816     0.033
        52706.355901    15.773     0.028
        52706.356016    15.748     0.031
        52706.369081    15.690     0.026
        52706.369197    15.681     0.030
        52712.310317    15.670     0.041
        52712.323956    15.674     0.052
        52712.336934    15.752     0.044
        52712.349904    15.761     0.039
        52712.362819    15.790     0.041
        52724.298994    15.721     0.024
        52724.310557    15.772     0.024
        52724.328864    15.828     0.026
        52724.341525    15.832     0.026
        52724.353390    15.859     0.028
        52753.253604    15.732     0.028
        52753.266269    15.667     0.026
        52753.282817    15.627     0.026
        52753.294933    15.579     0.024
        52753.307864    15.548     0.024
        52770.211621    15.725     0.046
        52770.223553    15.757     0.046
        52770.235702    15.792     0.048
        52770.247760    15.819     0.052
        52770.260109    15.838     0.054
        52787.216464    15.651     0.024
        52787.227218    15.608     0.024
        52787.237822    15.623     0.022
        52787.248417    15.594     0.022
        52787.258994    15.592     0.024
        52811.176397    15.558     0.038
        52811.186317    15.577     0.038
        52811.196423    15.640     0.038
        52811.206721    15.657     0.038
        52811.216676    15.543     0.038
        52825.201207    15.820     0.063
        52991.505555    15.886     0.028
        52991.518810    15.860     0.030
        53024.403416    15.833     0.030
        53024.442242    15.871     0.055
        53024.455027    15.904     0.035
        53034.400710    15.768     0.028
        53034.413054    15.789     0.028
        53034.425635    15.831     0.030
        53034.437948    15.853     0.031
        53034.450257    15.871     0.030
        53050.332467    15.886     0.039
        53050.344155    15.889     0.063
        53050.355840    15.885     0.091
        53050.367450    15.830     0.063
        53050.379065    15.751     0.048
        53065.333987    15.560     0.022
        53065.345626    15.580     0.022
        53065.356971    15.609     0.022
        53065.368296    15.579     0.024
        53065.379787    15.597     0.022
        53078.285729    15.564     0.020
        53078.296492    15.616     0.020
        53078.307240    15.595     0.020
        53078.317979    15.629     0.022
        53078.328642    15.689     0.022
        53093.279290    15.810     0.022
        53093.289744    15.838     0.022
        53093.300029    15.856     0.022
        53093.310323    15.844     0.020
        53093.320642    15.860     0.020
        53109.244971    15.734     0.024
        53109.256085    15.713     0.024
        53109.267221    15.662     0.022
        53109.278305    15.612     0.022
        53109.289352    15.609     0.022
        53122.243144    15.614     0.021
        53122.253495    15.580     0.023
        53122.263765    15.586     0.021
        53122.274025    15.571     0.021
        53122.284327    15.589     0.021
        53137.205648    15.698     0.028
        53137.215237    15.737     0.030
        53137.224790    15.761     0.030
        53153.206527    15.818     0.036
        53153.216022    15.787     0.036
        53153.226145    15.732     0.035
        53153.235183    15.692     0.035
        53153.243670    15.676     0.035
        53165.176058    15.776     0.046
        53165.196021    15.641     0.054
        53165.206035    15.662     0.030
        53178.176224    15.584     0.021
        53178.185652    15.573     0.021
        53178.195688    15.563     0.021
        53178.205121    15.568     0.023
        53178.214574    15.652     0.059
        53341.473821    15.688     0.053
        53341.487620    15.662     0.048
        53341.500627    15.671     0.046
        53341.513160    15.578     0.045
        53341.525700    15.609     0.041
        53443.384054    15.640     0.033
        53443.394704    15.650     0.026
        53443.415959    15.703     0.067
        53443.426583    15.701     0.057
        53473.387826    15.625     0.028
        53473.399781    15.564     0.028
        53473.409597    15.616     0.028
        53473.419474    15.639     0.030
        53473.429088    15.600     0.030
        53500.242349    15.635     0.024
        53500.253087    15.652     0.024
        53500.264459    15.597     0.024
        53500.276229    15.567     0.024
        53500.286448    15.560     0.024
        53528.175750    15.822     0.043
        53528.187431    15.812     0.041
        53528.198554    15.863     0.043
        53528.209248    15.885     0.044
        53528.219728    15.851     0.043
        53539.175117    15.795     0.072
        53539.184638    15.747     0.068
        53539.203685    15.792     0.074
        53539.213200    15.874     0.080
        53550.176683    15.782     0.037
        53550.196453    15.873     0.078
        53550.206341    15.867     0.041
        53550.216223    15.870     0.043
        53714.461104    15.859     0.033
        53714.473904    15.907     0.033
        53714.486909    15.881     0.031
        53714.499597    15.905     0.030
        53714.512503    15.884     0.028
        53740.467919    15.655     0.022
        53740.480810    15.608     0.022
        53740.493763    15.585     0.022
        53740.506475    15.591     0.024
        53740.519335    15.638     0.022
        53786.342903    15.755     0.031
        53786.354842    15.739     0.078
        53786.366783    15.684     0.037
        53786.378822    15.682     0.031
        53812.305327    15.563     0.035
        53812.316981    15.629     0.033
        53843.261793    15.755     0.031
        53843.273159    15.691     0.031
        53843.284777    15.668     0.033
        53843.296180    15.643     0.031
        53843.307668    15.659     0.033
        53854.242157    15.744     0.048
        53854.252229    15.744     0.038
        53854.262183    15.705     0.035
        53882.212707    15.696     0.031
        53882.223198    15.729     0.031
        53882.244576    15.779     0.036
        53882.255100    15.826     0.040
        53886.223691    15.909     0.043
        53886.234558    15.865     0.044
        53886.245456    15.841     0.041
        53886.256363    15.845     0.044
        53886.267272    15.746     0.041
        53903.176358    15.629     0.039
        53903.186394    15.659     0.039
        53903.196639    15.706     0.043
        53903.206890    15.688     0.043
        53903.217056    15.709     0.043
        53931.170239    15.898     0.058
        53931.190855    15.867     0.063
        53931.200975    15.868     0.061
        54067.463568    15.664     0.033
        54067.477265    15.694     0.035
        54067.490388    15.699     0.033
        54067.503290    15.744     0.031
        54067.515911    15.748     0.030
        54085.466890    15.721     0.041
        54085.479820    15.694     0.038
        54085.492800    15.652     0.033
        54085.506004    15.607     0.031
        54085.518909    15.645     0.031
        54123.386224    15.633     0.026
        54123.398578    15.637     0.028
        54123.411089    15.669     0.026
        54123.423399    15.711     0.028
        54123.435923    15.744     0.028
        54156.321360    15.661     0.030
        54156.332363    15.537     0.028
        54156.343443    15.608     0.028
        54156.354595    15.621     0.026
        54156.365764    15.649     0.026
        54206.269210    15.876     0.031
        54206.278591    15.891     0.033
        54206.287975    15.863     0.033
        54206.297275    15.936     0.035
        54206.306631    15.895     0.035
        54529.228494    15.761     0.035
        54529.240259    15.715     0.035
        54529.251361    15.746     0.035
        54529.262431    15.759     0.035
        54562.158149    15.580     0.040
        54562.182944    15.663     0.041
        54574.283448    15.880     0.068
        54582.244246    15.635     0.043
        54582.254405    15.642     0.043
        54582.264555    15.716     0.045
        54582.274723    15.732     0.048
        54582.284887    15.741     0.046
        54613.217646    15.664     0.040
        54613.227970    15.538     0.036
        54613.238258    15.641     0.040
        54613.248617    15.542     0.040
