        52636.448629    16.389     0.066
        52636.464510    16.354     0.061
        52636.479184    16.362     0.061
        52636.494186    16.326     0.058
        52636.508841    16.313     0.054
        52653.454681    15.887     0.036
        52653.469421    15.860     0.033
        52653.484830    15.943     0.036
        52653.499783    16.002     0.040
        52653.515669    16.027     0.038
        52684.425771    16.332     0.074
        52684.440906    16.430     0.081
        52693.383910    16.078     0.046
        52693.397735    16.163     0.051
        52693.411738    16.167     0.051
        52693.425482    16.214     0.053
        52693.439153    16.210     0.054
        52721.299758    16.298     0.053
        52721.312411    16.313     0.054
        52721.325001    16.308     0.054
        52721.337123    16.345     0.056
        52721.349691    16.381     0.059
        52750.244967    16.450     0.059
        52750.256099    16.338     0.069
        52750.267478    16.275     0.076
        52750.267593    16.179     0.097
        52750.278738    16.092     0.092
        52750.289642    15.957     0.048
        52801.212440    15.918     0.117
        52809.176628    15.586     0.044
        52809.186513    15.649     0.031
        52809.216037    15.714     0.033
        52830.168701    16.155     0.083
        52830.178504    16.125     0.083
        52830.188325    16.130     0.085
        52830.198213    16.233     0.094
        52830.208045    16.256     0.093
        52978.446349    16.274     0.069
        52978.464700    16.125     0.048
        52978.482312    16.171     0.053
        52988.418939    16.378     0.086
        52988.436369    16.291     0.081
        53008.421489    16.100     0.056
        53008.449162    16.150     0.054
        53038.451771    15.976     0.063
        53038.477323    16.064     0.067
        53045.329008    16.077     0.061
        53045.340204    16.200     0.067
        53045.351439    16.131     0.061
        53045.362549    16.102     0.059
        53045.373893    16.226     0.067
        53096.278648    16.244     0.083
        53096.289099    16.290     0.087
        53096.299408    16.812     0.192
        53096.309718    16.223     0.089
        53096.320081    16.282     0.096
        53108.300686    16.232     0.041
        53108.311592    16.256     0.043
        53108.322580    16.203     0.039
        53108.333543    16.232     0.041
        53108.344410    16.250     0.043
        53125.255196    16.390     0.107
        53125.265100    16.387     0.105
        53125.275038    16.285     0.094
        53125.284927    16.138     0.083
        53134.243002    16.200     0.052
        53134.252492    16.190     0.046
        53134.261975    16.115     0.044
        53134.271401    16.193     0.046
        53134.280844    16.135     0.046
        53155.221461    16.378     0.107
        53155.230053    16.338     0.098
        53155.238663    16.326     0.094
        53193.176100    16.173     0.057
        53193.186094    16.147     0.055
        53193.196068    16.135     0.052
        53339.456256    15.799     0.069
        53359.423027    16.270     0.052
        53359.436434    16.222     0.050
        53359.452988    16.303     0.054
        53359.465830    16.296     0.048
        53359.479090    16.323     0.048
        53362.505695    15.738     0.031
        53362.520208    15.794     0.035
        53362.534371    15.879     0.054
        53390.404116    16.211     0.057
        53390.417291    16.146     0.054
        53390.433086    16.190     0.048
        53390.446177    16.182     0.046
        53390.459341    16.197     0.044
        53429.330233    16.033     0.050
        53429.341449    15.948     0.046
        53429.352714    15.799     0.041
        53429.363966    15.745     0.039
        53429.375223    15.693     0.037
        53461.287675    16.068     0.043
        53461.298288    16.097     0.043
        53461.309056    16.136     0.043
        53461.319754    16.189     0.046
        53461.329974    16.219     0.048
        53489.246657    16.186     0.065
        53489.257000    16.270     0.055
        53489.267123    16.266     0.054
        53489.292256    16.282     0.096
        53535.175918    16.118     0.059
        53535.185861    16.134     0.059
        53535.195784    16.175     0.059
        53535.205712    16.172     0.059
        53535.215636    16.196     0.061
        53725.464967    15.948     0.044
        53725.477963    16.001     0.046
        53725.491216    15.992     0.044
        53725.504768    15.965     0.044
        53725.517747    16.034     0.046
        53755.401856    15.862     0.044
        53755.414628    15.880     0.044
        53755.427553    15.928     0.046
        53755.440696    15.901     0.044
        53755.453428    15.876     0.044
        53775.517498    15.767     0.058
        53803.345037    15.942     0.054
        53803.357007    16.012     0.054
        53803.381056    16.094     0.056
        53803.393090    16.036     0.053
        53807.373527    15.932     0.066
        53858.256132    16.094     0.064
        53906.187572    16.251     0.068
        53906.197133    16.163     0.064
        53906.206648    16.227     0.071
        53906.216178    16.240     0.087
        53934.164687    15.952     0.054
        53934.175125    15.827     0.054
        53934.185654    15.736     0.045
        53934.206698    15.661     0.040
        54079.420196    16.236     0.091
        54079.432060    16.183     0.085
        54079.443892    16.255     0.087
        54079.455809    16.326     0.089
        54079.467643    16.356     0.091
        54108.390670    15.971     0.055
        54108.403533    15.863     0.050
        54108.416158    15.711     0.043
        54108.428985    15.689     0.041
        54108.441612    15.722     0.043
        54139.333257    16.307     0.065
        54139.345017    16.313     0.068
        54139.356799    16.248     0.076
        54139.368485    16.279     0.083
        54139.380256    16.212     0.081
        54167.352353    15.861     0.043
        54167.363545    15.972     0.044
        54167.374738    16.010     0.044
        54464.445160    15.737     0.040
        54464.457929    15.748     0.038
        54464.470477    15.756     0.038
        54464.483014    15.882     0.041
        54464.495551    15.834     0.041
        54484.393806    16.242     0.074
        54484.405917    16.267     0.073
        54484.430522    16.199     0.064
        54484.442811    16.207     0.063
        54495.402922    16.221     0.049
        54495.415001    16.211     0.049
        54495.426961    16.236     0.051
        54495.438925    16.286     0.054
        54495.450937    16.281     0.053
        54523.334576    15.988     0.036
        54523.346099    16.004     0.038
        54523.357621    15.996     0.036
        54523.369135    15.988     0.038
        54523.381259    16.085     0.041
        54540.326805    16.311     0.051
        54540.337777    16.282     0.048
        54540.348861    16.295     0.048
        54540.359806    16.349     0.049
        54540.370823    16.280     0.045
        54554.304004    16.388     0.053
        54554.315897    16.438     0.056
        54554.327768    16.358     0.051
        54554.339770    16.164     0.043
        54554.351635    16.004     0.040
        54587.248050    15.969     0.071
        54587.279292    15.658     0.054
        54587.289495    15.702     0.058
        54620.214579    15.955     0.058
        54620.224759    15.841     0.053
        54620.235053    15.962     0.058
        54620.245205    15.863     0.054
        54620.255339    15.953     0.061
