        52639.480776    17.031     0.094
        52639.495703    17.110     0.099
        52639.511700    16.731     0.073
        52639.526892    16.535     0.058
        52650.466661    16.941     0.081
        52650.481819    17.006     0.087
        52650.496490    17.102     0.091
        52650.511338    16.774     0.068
        52666.396213    16.869     0.078
        52666.411455    16.910     0.076
        52666.426543    16.951     0.081
        52666.441824    16.855     0.072
        52666.456440    17.040     0.087
        52706.364247    17.044     0.080
        52706.377132    17.122     0.085
        52706.390096    17.077     0.083
        52706.403215    17.025     0.083
        52706.416240    17.078     0.091
        52711.313798    16.894     0.091
        52711.327906    16.885     0.089
        52711.342394    16.982     0.093
        52711.356443    16.965     0.089
        52711.370488    17.017     0.094
        52724.307237    16.581     0.054
        52724.319843    16.436     0.049
        52724.332070    16.358     0.046
        52724.344813    16.349     0.045
        52724.356922    16.361     0.046
        52739.247666    17.070     0.102
        52739.259072    17.001     0.093
        52739.270476    17.034     0.096
        52739.281957    16.933     0.091
        52739.293358    17.059     0.100
        52753.259634    17.007     0.096
        52753.272747    17.116     0.106
        52753.285808    17.173     0.117
        52753.299833    17.142     0.116
        52753.312426    17.184     0.112
        52769.212940    17.155     0.150
        52769.224574    16.962     0.126
        52769.236271    16.715     0.102
        52769.248219    16.352     0.076
        52769.260676    16.155     0.065
        52797.174858    16.535     0.091
        52797.184790    16.518     0.098
        52797.194743    16.435     0.096
        52797.204789    16.743     0.126
        52797.214773    16.603     0.117
        52811.175667    16.609     0.087
        52811.185573    16.646     0.089
        52811.195542    16.617     0.087
        52811.205390    16.746     0.094
        52811.215269    16.734     0.094
        52825.201036    17.404     0.233
        52825.210983    17.317     0.192
        53006.393145    16.794     0.099
        53034.394420    16.440     0.056
        53034.406261    16.272     0.048
        53034.418087    16.245     0.046
        53034.430021    16.353     0.051
        53034.442038    16.423     0.053
        53051.338425    16.977     0.070
        53051.350657    17.027     0.076
        53051.362256    17.018     0.076
        53051.373984    16.946     0.072
        53051.385613    17.015     0.072
        53064.285058    16.696     0.063
        53064.297104    16.637     0.058
        53064.309476    16.749     0.059
        53064.321808    16.698     0.069
        53064.334016    16.786     0.059
        53078.324645    16.896     0.081
        53078.335609    16.954     0.084
        53078.346512    16.959     0.084
        53082.336821    16.974     0.057
        53082.348399    16.996     0.061
        53082.359531    17.060     0.065
        53082.370626    17.087     0.068
        53082.387970    17.127     0.070
        53093.276685    16.320     0.036
        53093.286562    16.340     0.036
        53109.240567    16.813     0.076
        53109.254986    16.742     0.073
        53109.266891    16.791     0.073
        53109.277627    16.726     0.073
        53109.296421    16.732     0.071
        53121.249038    16.692     0.054
        53121.259701    16.669     0.054
        53121.270477    16.753     0.054
        53121.281131    16.759     0.055
        53121.291803    16.759     0.063
        53137.209589    16.888     0.091
        53137.219216    17.000     0.099
        53137.229648    16.995     0.094
        53137.239464    16.956     0.089
        53137.249083    16.986     0.094
        53150.207789    16.293     0.083
        53165.176223    16.957     0.203
        53165.196042    16.999     0.157
        53165.221975    16.967     0.109
        53165.231816    16.967     0.112
        53177.177144    17.234     0.107
        53177.187070    17.048     0.093
        53437.413449    17.170     0.093
        53437.424759    17.037     0.085
        53437.436057    16.951     0.078
        53437.452768    16.599     0.059
        53437.464066    16.433     0.050
        53449.281798    17.204     0.167
        53449.292265    17.092     0.126
        53449.303220    17.002     0.128
        53449.313719    17.058     0.117
        53501.246611    16.971     0.098
        53501.261482    17.125     0.111
        53501.276657    17.020     0.102
        53501.288831    17.206     0.120
        53501.299023    17.237     0.130
        53529.166501    16.957     0.109
        53529.176900    17.090     0.128
        53529.187212    17.003     0.115
        53529.197782    16.822     0.091
        53529.208118    16.592     0.076
        53540.195580    16.409     0.172
        53739.476593    16.669     0.063
        53739.490206    16.679     0.061
        53739.503121    16.703     0.061
        53739.516031    16.684     0.059
        53739.529144    16.813     0.061
        53770.415293    16.551     0.061
        53770.428101    16.559     0.059
        53770.442394    16.534     0.055
        53770.459786    16.573     0.055
        53770.474005    16.658     0.061
        53787.409489    16.439     0.112
        53787.422384    16.283     0.046
        53789.398498    16.503     0.052
        53789.410540    16.622     0.061
        53789.422599    16.593     0.059
        53789.424412    16.605     0.091
        53789.434624    16.691     0.083
        53789.446660    16.587     0.089
        53789.462199    16.367     0.125
        53813.361122    16.316     0.080
        53813.372153    16.361     0.083
        53813.383152    16.399     0.085
        53813.394173    16.413     0.091
        53813.405204    16.400     0.091
        53844.246087    16.885     0.076
        53844.257188    17.127     0.092
        53844.268124    17.095     0.087
        53844.279100    17.260     0.097
        53844.290366    17.074     0.081
        53853.244844    16.245     0.063
        53853.255229    16.323     0.064
        53853.265518    16.365     0.068
        53853.275832    16.390     0.069
        53853.286287    16.412     0.071
        53883.214183    16.812     0.089
        53887.224796    16.905     0.137
        53887.235427    17.043     0.152
        53887.246083    17.091     0.165
        53887.256797    17.033     0.152
        53887.267508    17.306     0.189
        53902.175469    16.736     0.114
        53902.209672    16.849     0.130
        53915.174779    16.877     0.139
        53915.184645    16.959     0.158
        53915.196016    16.785     0.132
        54084.473069    16.865     0.140
        54084.485926    17.031     0.149
        54084.498851    16.995     0.135
        54084.511671    17.077     0.170
        54098.425718    16.885     0.085
        54098.437830    16.872     0.080
        54098.453010    16.914     0.085
        54098.466374    16.983     0.085
        54098.478589    16.946     0.083
        54121.390896    16.967     0.072
        54121.403108    17.125     0.087
        54121.415307    17.063     0.085
        54121.427507    17.064     0.091
        54121.439695    17.155     0.094
        54154.338707    17.146     0.104
        54154.350120    17.184     0.109
        54154.361536    17.079     0.097
        54154.372996    17.122     0.104
        54154.384501    16.681     0.069
        54169.326972    17.175     0.144
        54169.337933    17.486     0.191
        54169.348880    17.459     0.181
        54169.359761    17.905     0.287
        54169.370657    17.345     0.168
        54205.268503    16.834     0.087
        54205.277786    16.863     0.084
        54205.287052    16.984     0.094
        54205.296899    16.923     0.094
        54205.306645    16.940     0.094
        54560.247262    16.766     0.043
        54560.258852    16.769     0.043
        54560.270419    16.796     0.043
        54560.282025    16.823     0.044
        54560.293890    16.852     0.044
        54589.248527    16.567     0.046
        54589.258933    16.643     0.048
        54589.269464    16.635     0.050
        54589.279951    16.619     0.048
        54589.290440    16.618     0.048
        54594.249459    16.407     0.097
        54594.268432    16.399     0.101
        54594.278472    16.573     0.119
        54594.288305    16.509     0.111
        54612.207487    17.027     0.130
        54612.216078    17.025     0.127
        54612.225573    16.948     0.134
        54612.234093    17.236     0.160
        54612.242612    16.972     0.134
        54621.209132    17.094     0.083
        54621.219231    17.018     0.080
        54621.229371    17.024     0.085
        54621.239490    17.058     0.089
        54621.249594    17.054     0.091
