        52650.467463    16.591     0.059
        52650.482451    16.596     0.058
        52650.497170    16.541     0.053
        52650.511953    16.625     0.056
        52666.397248    16.322     0.044
        52666.412493    16.394     0.044
        52666.427582    16.379     0.046
        52666.442862    16.392     0.044
        52666.457424    16.437     0.048
        52697.410350    16.689     0.109
        52697.441365    16.630     0.117
        52706.365307    16.673     0.052
        52706.378183    16.670     0.052
        52706.391154    16.653     0.052
        52706.404278    16.599     0.052
        52706.417301    16.689     0.057
        52711.314937    16.175     0.046
        52711.329003    16.279     0.048
        52711.343487    16.272     0.044
        52711.357616    16.293     0.046
        52711.371604    16.326     0.046
        52724.307114    16.434     0.040
        52724.307474    16.453     0.049
        52724.319721    16.265     0.038
        52724.320080    16.501     0.053
        52724.332306    16.416     0.049
        52724.344690    16.070     0.035
        52724.345049    16.298     0.046
        52724.356799    16.079     0.033
        52739.248489    16.266     0.048
        52739.259895    16.220     0.044
        52739.271296    16.366     0.050
        52739.282775    16.309     0.048
        52739.294178    16.389     0.052
        52753.259866    16.736     0.078
        52753.272978    16.742     0.079
        52753.286039    16.738     0.081
        52753.300065    16.865     0.091
        52753.312658    16.659     0.076
        52769.213167    16.637     0.094
        52769.224807    16.655     0.096
        52769.236504    16.573     0.087
        52769.248451    16.607     0.094
        52769.260912    16.612     0.102
        52820.173597    16.531     0.068
        52820.203299    16.602     0.081
        52820.213192    16.576     0.083
        52825.191822    16.060     0.076
        52825.201754    16.218     0.072
        52825.211703    16.189     0.067
        53006.394201    16.684     0.094
        53006.406538    16.788     0.092
        53006.418867    16.698     0.081
        53006.431217    16.710     0.081
        53006.444735    16.680     0.083
        53034.394628    16.651     0.066
        53034.406469    16.554     0.061
        53034.418296    16.497     0.059
        53034.430231    16.393     0.056
        53034.442246    16.377     0.053
        53051.338865    16.512     0.046
        53051.351099    16.511     0.043
        53051.362697    16.542     0.046
        53051.374425    16.614     0.050
        53051.386054    16.555     0.044
        53064.285970    16.510     0.051
        53064.298020    16.513     0.048
        53064.310391    16.538     0.048
        53064.322723    16.566     0.051
        53064.334930    16.545     0.046
        53078.325063    16.429     0.051
        53078.336028    16.276     0.045
        53078.346932    16.232     0.043
        53093.277355    16.238     0.035
        53093.287230    16.280     0.035
        53093.297281    16.271     0.035
        53093.308361    16.289     0.035
        53093.318280    16.348     0.036
        53109.241160    16.275     0.046
        53109.255577    16.319     0.048
        53109.267483    16.321     0.046
        53109.278213    16.371     0.049
        53121.247237    16.534     0.045
        53121.257948    16.513     0.043
        53121.268804    16.518     0.043
        53121.279466    16.575     0.045
        53121.290084    16.598     0.049
        53137.250331    16.559     0.061
        53137.260382    16.632     0.066
        53137.270180    16.569     0.063
        53137.280129    16.531     0.068
        53137.289849    16.619     0.073
        53150.208348    16.460     0.081
        53150.229294    16.438     0.122
        53150.237913    16.603     0.135
        53165.176560    16.633     0.122
        53165.196381    16.585     0.094
        53165.222312    16.700     0.083
        53165.232153    16.613     0.076
        53177.176986    16.695     0.059
        53177.187133    16.673     0.059
        53177.217004    16.808     0.078
        53437.414144    16.594     0.054
        53437.425448    16.643     0.055
        53437.436748    16.590     0.054
        53437.453459    16.622     0.059
        53437.464758    16.643     0.055
        53501.246808    16.353     0.054
        53501.261679    16.350     0.054
        53501.276853    16.410     0.057
        53501.289027    16.446     0.059
        53501.299220    16.514     0.065
        53529.167015    16.411     0.063
        53529.177416    16.411     0.065
        53529.187722    16.494     0.070
        53529.198301    16.462     0.065
        53529.208635    16.532     0.068
        53540.186361    17.027     0.302
        53540.196154    17.174     0.324
        53540.205857    16.722     0.226
        53540.215558    16.579     0.191
        53739.477310    16.296     0.041
        53739.490942    16.153     0.035
        53739.503841    16.120     0.033
        53739.516748    16.131     0.031
        53739.529864    16.147     0.031
        53770.416555    16.336     0.044
        53770.429366    16.364     0.046
        53770.443740    16.316     0.044
        53770.461123    16.403     0.048
        53770.475273    16.405     0.046
        53788.360850    16.626     0.058
        53788.386108    16.633     0.069
        53788.398770    16.666     0.051
        53788.411433    16.637     0.051
        53813.382039    16.871     0.112
        53813.393458    17.056     0.137
        53813.404869    16.960     0.125
        53813.416591    16.833     0.109
        53820.317361    16.362     0.152
        53820.340568    16.224     0.330
        53844.246321    16.660     0.069
        53844.257422    16.634     0.068
        53844.268357    16.762     0.074
        53844.279332    16.678     0.068
        53844.290598    16.772     0.073
        53852.246086    16.341     0.063
        53852.256247    16.386     0.064
        53852.266441    16.463     0.069
        53852.276577    16.370     0.063
        53852.286761    16.486     0.071
        53881.217839    16.148     0.052
        53881.228876    16.171     0.050
        53881.239928    16.210     0.054
        53881.250986    16.228     0.055
        53881.262382    16.259     0.063
        53887.215381    16.354     0.078
        53887.225611    16.447     0.083
        53887.236017    16.429     0.079
        53887.246171    16.410     0.081
        53887.256430    16.501     0.083
        53902.175314    16.671     0.107
        53902.205161    16.698     0.098
        53914.174944    16.692     0.142
        53914.184489    16.709     0.124
        53914.194547    16.835     0.149
        53931.165887    16.586     0.089
        53931.176325    16.559     0.100
        53931.186810    16.601     0.100
        53931.197213    16.566     0.102
        53931.207562    16.617     0.120
        54154.338973    16.740     0.069
        54154.350386    16.707     0.068
        54154.361803    16.696     0.068
        54154.373262    16.744     0.069
        54154.384767    16.763     0.068
        54169.327229    16.676     0.094
        54169.338190    16.727     0.096
        54169.349137    16.599     0.089
        54169.360018    16.506     0.083
        54169.370914    16.440     0.073
        54205.268986    16.607     0.068
        54205.278273    16.692     0.069
        54205.287534    16.724     0.069
        54205.297380    16.779     0.079
        54205.307126    16.650     0.069
        54560.259163    16.353     0.028
        54560.270731    16.365     0.028
        54560.282334    16.400     0.030
        54560.294201    16.439     0.030
        54581.258664    16.774     0.120
        54581.268439    16.819     0.122
        54581.278222    16.809     0.139
        54589.249472    16.248     0.033
        54589.259880    16.287     0.033
        54589.270414    16.319     0.033
        54589.280914    16.346     0.035
        54589.291382    16.363     0.035
        54594.249684    16.422     0.097
        54594.259158    16.844     0.142
        54594.268656    16.691     0.125
        54594.278697    16.781     0.129
        54594.288531    16.731     0.127
        54612.207698    16.772     0.102
        54612.216290    16.652     0.094
        54612.225782    16.893     0.116
        54612.234302    16.911     0.119
        54612.242822    16.783     0.106
        54621.209916    16.191     0.035
        54621.220022    16.183     0.035
        54621.230158    16.116     0.037
        54621.240278    16.174     0.039
        54621.250378    16.145     0.037
