        52614.435875    15.347     0.033
        52614.450359    15.270     0.076
        52614.464897    15.137     0.038
        52614.479533    15.093     0.026
        52614.493964    15.055     0.018
        52639.378872    15.082     0.015
        52639.393650    15.120     0.015
        52639.408374    15.183     0.017
        52639.423301    15.310     0.018
        52639.438357    15.368     0.018
        52646.402772    15.172     0.020
        52646.417799    15.123     0.020
        52646.433499    15.029     0.018
        52646.448611    15.047     0.018
        52646.463602    15.083     0.018
        52649.461562    15.148     0.017
        52649.479493    15.270     0.018
        52649.494118    15.339     0.018
        52649.508403    15.292     0.018
        52649.522706    15.201     0.018
        52672.328894    15.341     0.023
        52672.343616    15.264     0.023
        52672.358327    15.167     0.018
        52672.373348    15.073     0.018
        52672.388515    15.049     0.020
        52676.288721    15.349     0.020
        52676.304094    15.215     0.018
        52676.319679    15.116     0.017
        52676.335258    15.062     0.017
        52676.350781    15.079     0.017
        52677.318256    15.153     0.017
        52677.347139    15.574     0.139
        52677.361563    15.467     0.028
        52677.376152    15.407     0.120
        52706.301592    15.347     0.017
        52706.314781    15.361     0.018
        52706.328152    15.250     0.017
        52706.341493    15.152     0.015
        52706.354933    15.086     0.015
        52710.248454    15.475     0.028
        52710.262034    15.425     0.026
        52710.275724    15.254     0.023
        52710.288977    15.170     0.020
        52710.302221    15.104     0.020
        52724.242356    15.345     0.018
        52724.253976    15.359     0.017
        52724.265613    15.321     0.017
        52724.277208    15.202     0.017
        52724.288829    15.149     0.015
        52733.243792    15.267     0.020
        52733.255930    15.160     0.020
        52733.268084    15.119     0.018
        52733.280170    15.078     0.018
        52733.292226    15.065     0.035
        52753.193165    15.397     0.020
        52753.205241    15.479     0.022
        52753.219209    15.363     0.020
        52753.231251    15.233     0.018
        52753.243278    15.153     0.018
        52768.165780    15.434     0.053
        52768.177568    15.325     0.046
        52768.190484    15.207     0.043
        52768.202248    15.149     0.041
        52792.164384    15.230     0.031
        52792.186159    15.109     0.026
        52792.208125    15.068     0.026
        52793.201366    15.230     0.031
        52793.221973    15.109     0.026
        52793.242858    15.068     0.026
        52797.166974    15.076     0.043
        52974.457694    15.208     0.018
        52974.481263    15.459     0.021
        52974.492491    15.477     0.021
        52974.505775    15.346     0.020
        52992.403707    15.288     0.017
        52992.417181    15.400     0.018
        52992.430371    15.481     0.018
        52992.443682    15.361     0.015
        52992.457390    15.254     0.013
        53001.419167    15.313     0.012
        53001.441528    15.167     0.012
        53001.456730    15.099     0.010
        53001.474139    15.101     0.010
        53001.493012    15.180     0.010
        53003.375875    15.125     0.011
        53003.388036    15.135     0.011
        53003.400110    15.181     0.013
        53003.412160    15.254     0.022
        53003.424336    15.302     0.035
        53034.341424    15.106     0.015
        53034.353700    15.097     0.015
        53034.366336    15.080     0.015
        53034.378988    15.139     0.015
        53034.391250    15.187     0.017
        53051.329292    15.095     0.011
        53051.341489    15.079     0.013
        53051.353123    15.081     0.013
        53051.364833    15.098     0.013
        53051.376449    15.138     0.013
        53062.287852    15.477     0.054
        53062.299281    15.362     0.035
        53062.334076    15.126     0.024
        53078.316147    15.366     0.020
        53078.327166    15.477     0.023
        53078.338091    15.393     0.021
        53078.349008    15.267     0.020
        53087.287093    15.380     0.013
        53087.300337    15.453     0.015
        53087.311793    15.398     0.013
        53087.322836    15.256     0.012
        53087.334864    15.184     0.012
        53089.283310    15.065     0.010
        53089.294406    15.096     0.012
        53089.305564    15.154     0.013
        53109.233242    15.119     0.016
        53109.247561    15.072     0.016
        53109.259599    15.078     0.016
        53109.270293    15.107     0.018
        53109.289108    15.209     0.020
        53137.202518    15.258     0.023
        53137.212187    15.223     0.021
        53137.222521    15.132     0.020
        53137.232440    15.111     0.018
        53137.242012    15.051     0.018
        53149.164884    15.296     0.018
        53149.173862    15.221     0.017
        53149.184272    15.175     0.017
        53149.193259    15.118     0.017
        53149.202188    15.107     0.017
        53165.169137    15.244     0.046
        53165.179134    15.307     0.031
        53165.189043    15.409     0.031
        53165.214988    15.218     0.031
        53165.224823    15.126     0.026
        53348.421319    15.326     0.025
        53348.435660    15.213     0.021
        53348.449870    15.151     0.020
        53348.464174    15.085     0.021
        53348.478397    15.066     0.023
        53354.431242    15.092     0.016
        53354.445681    15.060     0.016
        53354.459879    15.056     0.015
        53354.474797    15.080     0.015
        53354.489166    15.152     0.015
        53357.458869    15.063     0.016
        53357.473437    15.087     0.016
        53357.487958    15.220     0.018
        53357.502476    15.372     0.021
        53357.517224    15.434     0.048
        53500.191143    15.131     0.017
        53500.201767    15.192     0.018
        53500.213216    15.302     0.020
        53500.223132    15.434     0.022
        53500.233160    15.465     0.024
        53528.169000    15.095     0.024
        53528.180215    15.124     0.026
        53528.191781    15.153     0.028
        53528.202579    15.188     0.028
        53528.213188    15.293     0.031
        53703.458948    15.239     0.018
        53703.472062    15.166     0.017
        53703.484738    15.119     0.015
        53703.497478    15.072     0.015
        53703.510404    15.084     0.015
        53714.451795    15.412     0.020
        53714.464588    15.295     0.018
        53714.477456    15.174     0.015
        53714.490383    15.107     0.015
        53714.503239    15.049     0.013
        53740.402686    15.363     0.018
        53740.416894    15.315     0.017
        53740.429607    15.202     0.015
        53740.443413    15.114     0.015
        53740.457044    15.070     0.015
        53770.346373    15.118     0.015
        53770.361051    15.090     0.015
        53770.374525    15.060     0.015
        53770.387501    15.092     0.017
        53770.400431    15.120     0.015
        53813.305973    15.106     0.022
        53813.316978    15.064     0.022
        53813.327981    15.071     0.022
        53813.339003    15.084     0.024
        53813.350015    15.145     0.026
        53823.200084    15.256     0.018
        53823.210996    15.167     0.016
        53823.221820    15.095     0.015
        53823.232637    15.083     0.015
        53823.243470    15.060     0.015
        53844.230715    15.262     0.022
        53844.240948    15.341     0.030
        53844.251258    15.340     0.024
        53844.261477    15.284     0.022
        53844.271708    15.208     0.022
        53845.127069    15.038     0.018
        53845.138381    15.045     0.018
        53845.149683    15.104     0.018
        53845.160995    15.135     0.020
        53845.172352    15.173     0.021
        53853.193605    15.187     0.025
        53853.204172    15.221     0.033
        53853.214666    15.317     0.028
        53853.225270    15.328     0.028
        53853.235909    15.292     0.028
        53883.162908    15.132     0.026
        53883.183663    15.098     0.025
        53883.194552    15.084     0.025
        53883.206505    15.101     0.026
        53887.170631    15.115     0.037
        53887.182505    15.224     0.043
        53887.193735    15.252     0.048
        53887.205091    15.386     0.052
        53887.216432    15.306     0.046
        54042.462349    15.072     0.043
        54042.475251    15.065     0.035
        54042.487523    15.013     0.031
        54042.499844    15.030     0.030
        54056.445765    15.253     0.026
        54056.460339    15.169     0.023
        54056.473073    15.114     0.021
        54056.486144    15.059     0.020
        54056.498742    15.055     0.020
        54066.450337    15.130     0.023
        54066.506997    15.263     0.023
        54070.447036    15.220     0.017
        54070.459939    15.107     0.015
        54070.472960    15.070     0.013
        54070.485839    15.029     0.013
        54070.498730    15.012     0.015
        54084.397013    15.174     0.028
        54084.410154    15.312     0.031
        54084.423027    15.466     0.036
        54084.436071    15.352     0.031
        54084.449205    15.216     0.038
        54098.368165    15.101     0.017
        54098.380230    15.121     0.015
        54098.392188    15.170     0.017
        54098.404133    15.249     0.017
        54098.416164    15.330     0.017
        54110.389137    15.287     0.038
        54110.401864    15.167     0.031
        54110.414563    15.150     0.031
        54110.427361    15.060     0.031
        54110.440030    14.964     0.028
        54121.331923    15.029     0.013
        54121.344098    15.068     0.013
        54121.356289    15.125     0.015
        54121.368481    15.245     0.017
        54121.380738    15.387     0.018
        54155.293826    15.013     0.020
        54155.305783    15.019     0.020
        54155.318157    15.038     0.020
        54155.330812    15.115     0.020
        54155.343424    15.192     0.020
        54206.223299    15.309     0.021
        54206.232629    15.210     0.020
        54206.241959    15.140     0.018
        54206.251658    15.086     0.018
        54206.261013    15.074     0.018
        54452.395957    15.125     0.013
        54452.409091    15.063     0.011
        54452.422443    15.052     0.011
        54452.435735    15.065     0.011
        54452.448869    15.106     0.011
        54477.392980    15.208     0.013
        54477.405866    15.193     0.013
        54477.419050    15.132     0.011
        54477.431889    15.092     0.011
        54477.444750    15.115     0.011
        54529.150610    15.439     0.030
        54529.163672    15.389     0.026
        54529.176185    15.208     0.025
        54529.187486    15.131     0.023
        54529.198925    15.083     0.021
        54539.212090    15.432     0.017
        54539.222905    15.339     0.015
        54539.233793    15.223     0.013
        54539.244638    15.142     0.013
        54539.255633    15.126     0.011
        54567.187331    15.243     0.015
        54567.198398    15.390     0.017
        54567.209589    15.452     0.017
        54567.220946    15.364     0.017
        54567.232163    15.250     0.015
        54582.196088    15.156     0.017
        54582.206532    15.098     0.017
        54582.217104    15.079     0.015
        54582.227565    15.053     0.015
        54582.238111    15.047     0.015
        54597.199029    15.075     0.033
        54597.209657    15.128     0.033
        54597.220303    15.178     0.037
        54597.230934    15.221     0.039
        54597.241525    15.328     0.043
        54613.158222    15.431     0.020
        54613.168182    15.343     0.018
        54613.178062    15.227     0.017
        54613.187995    15.189     0.018
        54613.197933    15.130     0.017
        54620.167693    15.048     0.017
        54620.178560    15.084     0.017
        54620.188687    15.162     0.017
        54620.198806    15.231     0.018
        54620.208923    15.325     0.020
