        52646.478584    16.295     0.053
        52646.493522    16.295     0.049
        52646.508735    16.181     0.046
        52646.523640    16.190     0.046
        52667.462267    16.254     0.048
        52667.477498    16.299     0.051
        52667.492114    16.255     0.049
        52667.506758    16.268     0.053
        52667.521388    16.247     0.051
        52676.368187    16.147     0.050
        52676.383880    16.241     0.048
        52676.399358    16.097     0.041
        52676.420071    16.162     0.043
        52676.434680    16.199     0.044
        52707.378457    15.831     0.026
        52707.391602    15.826     0.026
        52707.405183    15.826     0.028
        52707.418838    15.809     0.028
        52707.432116    15.825     0.028
        52710.317623    15.747     0.035
        52710.332381    15.791     0.033
        52710.345473    15.750     0.033
        52710.358819    15.774     0.033
        52710.371897    15.759     0.033
        52725.373580    15.357     0.022
        52725.387523    15.370     0.018
        52725.400880    15.375     0.018
        52725.413444    15.373     0.018
        52725.425858    15.358     0.018
        52738.298800    15.018     0.013
        52738.310411    15.019     0.013
        52738.321920    15.031     0.013
        52738.333552    15.034     0.013
        52738.345300    15.022     0.013
        52743.306191    15.046     0.035
        52755.266096    14.813     0.013
        52755.278104    14.796     0.011
        52755.290048    14.818     0.013
        52755.301908    14.825     0.013
        52755.313785    14.814     0.013
        52761.260722    14.840     0.015
        52761.273506    14.824     0.015
        52761.285534    14.818     0.015
        52761.297682    14.817     0.015
        52761.309584    14.816     0.015
        52768.215642    14.854     0.017
        52768.227497    14.844     0.017
        52768.239640    14.877     0.017
        52768.251335    14.876     0.017
        52768.263279    14.847     0.017
        52792.220557    15.007     0.021
        52792.231282    14.995     0.021
        52792.242211    15.011     0.023
        52792.253058    15.001     0.023
        52792.263850    14.988     0.021
        52793.253389    15.007     0.021
        52793.263768    14.995     0.021
        52793.274064    15.011     0.023
        52793.284822    15.001     0.023
        52793.295103    14.988     0.021
        52819.214984    15.266     0.033
        52824.173371    15.410     0.031
        52824.183871    15.395     0.030
        52824.193838    15.407     0.030
        52824.203856    15.377     0.031
        52824.213802    15.409     0.031
        53033.401110    14.745     0.013
        53033.413870    14.775     0.013
        53033.426154    14.739     0.013
        53033.438402    14.737     0.012
        53033.450871    14.731     0.012
        53053.408190    14.969     0.013
        53053.419984    14.993     0.013
        53053.431685    14.984     0.017
        53053.443394    14.977     0.022
        53053.455745    14.987     0.018
        53062.396944    15.226     0.035
        53062.408299    15.176     0.030
        53062.431049    15.147     0.018
        53062.442562    15.170     0.039
        53079.364446    15.497     0.020
        53079.375287    15.476     0.018
        53079.386649    15.487     0.018
        53079.398200    15.486     0.018
        53079.409382    15.469     0.018
        53087.347099    15.669     0.018
        53087.357958    15.660     0.018
        53087.369076    15.663     0.018
        53087.380795    15.691     0.018
        53087.391772    15.693     0.018
        53089.339308    15.848     0.089
        53089.350249    15.604     0.114
        53110.247197    16.023     0.039
        53110.258278    16.062     0.037
        53110.269416    16.047     0.037
        53110.280497    16.070     0.037
        53110.291673    16.040     0.035
        53119.249937    16.122     0.028
        53119.260444    16.139     0.028
        53119.270940    16.124     0.028
        53119.281537    16.122     0.028
        53119.291996    16.125     0.028
        53138.249771    16.232     0.041
        53138.259302    16.258     0.041
        53138.268880    16.241     0.041
        53138.278470    16.227     0.039
        53138.288049    16.219     0.041
        53149.211048    16.244     0.039
        53149.220102    16.166     0.035
        53149.229081    16.215     0.037
        53149.238157    16.184     0.033
        53149.247204    16.205     0.035
        53166.240669    16.035     0.041
        53166.250114    16.016     0.039
        53166.259564    16.016     0.039
        53166.269016    15.993     0.041
        53166.278554    16.064     0.043
        53348.507649    15.659     0.040
        53348.522052    15.719     0.038
        53447.356323    15.142     0.015
        53447.366717    15.117     0.015
        53447.387979    15.148     0.015
        53447.399337    15.120     0.015
        53468.388560    14.557     0.009
        53468.398170    14.547     0.011
        53468.407739    14.554     0.011
        53468.417327    14.564     0.011
        53468.426945    14.558     0.011
        53503.323030    14.472     0.009
        53503.332080    14.458     0.009
        53503.342162    14.480     0.009
        53503.351841    14.487     0.009
        53503.362314    14.469     0.011
        53522.215863    14.641     0.011
        53522.226105    14.627     0.011
        53522.236385    14.625     0.011
        53522.246595    14.608     0.011
        53522.256879    14.623     0.013
        53737.480645    14.478     0.009
        53737.493901    14.466     0.009
        53737.507245    14.482     0.009
        53737.520640    14.461     0.009
        53747.470309    14.576     0.018
        53747.483381    14.536     0.017
        53747.496318    14.504     0.017
        53747.509646    14.531     0.013
        53747.522562    14.506     0.013
        53790.403941    14.797     0.013
        53790.416010    14.808     0.012
        53790.427687    14.829     0.013
        53790.439487    14.835     0.012
        53790.451742    14.813     0.012
        53799.347420    14.937     0.013
        53799.359434    14.946     0.012
        53799.371273    14.921     0.012
        53799.383076    14.947     0.012
        53799.394977    14.934     0.012
        53818.339988    15.197     0.016
        53818.351353    15.183     0.016
        53818.362647    15.186     0.016
        53818.373853    15.188     0.016
        53818.385035    15.169     0.016
        53845.260219    15.528     0.064
        53845.293959    15.492     0.028
        53851.245131    15.478     0.028
        53851.255388    15.448     0.026
        53851.265684    15.423     0.026
        53851.276140    15.453     0.026
        53880.213219    15.574     0.030
        53880.224434    15.503     0.030
        53880.235661    15.524     0.030
        53880.246900    15.577     0.030
        53880.258131    15.557     0.030
        53885.219340    15.499     0.030
        53885.231342    15.528     0.030
        53885.243276    15.525     0.030
        53885.255264    15.498     0.030
        53885.267425    15.485     0.031
        53912.204808    15.490     0.035
        53912.214564    15.430     0.066
        54112.498249    15.393     0.033
        54112.510843    15.403     0.035
        54112.523433    15.379     0.033
        54152.349613    15.346     0.015
        54152.361578    15.330     0.015
        54152.373976    15.342     0.015
        54152.388902    15.362     0.015
        54152.400865    15.363     0.015
        54153.475772    15.336     0.053
        54153.489215    15.403     0.041
        54153.501033    15.294     0.059
        54185.334604    14.573     0.020
        54185.345029    14.589     0.023
        54185.355598    14.669     0.015
        54185.365820    14.553     0.025
        54201.285946    14.319     0.012
        54201.295276    14.264     0.012
        54201.304660    14.278     0.012
        54201.314128    14.331     0.012
        54201.323478    14.292     0.012
        54477.459903    14.363     0.006
        54477.472830    14.399     0.006
        54477.485783    14.376     0.006
        54477.498713    14.351     0.006
        54477.511781    14.369     0.006
        54484.403553    14.655     0.015
        54484.416556    14.520     0.011
        54484.429719    14.497     0.011
        54484.442824    14.508     0.011
        54484.455844    14.454     0.009
        54539.318995    14.935     0.009
        54539.329887    14.928     0.009
        54539.340761    14.936     0.009
        54539.351608    14.929     0.009
        54539.362507    14.933     0.007
        54558.240116    15.235     0.024
        54558.251701    15.252     0.020
        54558.263331    15.244     0.017
        54558.274969    15.225     0.015
        54558.286543    15.234     0.017
        54567.289778    15.401     0.017
        54567.301082    15.390     0.017
        54567.312384    15.382     0.015
        54567.323569    15.396     0.015
        54567.334717    15.363     0.017
        54597.252741    15.825     0.039
        54597.263404    15.836     0.039
        54597.274014    15.778     0.037
        54597.284775    15.839     0.037
        54597.295403    15.823     0.035
        54620.217974    15.820     0.026
        54620.228201    15.823     0.026
        54620.238358    15.798     0.026
        54620.248564    15.825     0.028
        54620.258763    15.805     0.026
