        52666.465547    16.455     0.061
        52666.481016    16.548     0.063
        52666.495707    16.551     0.063
        52666.511438    16.576     0.068
        52666.526148    16.629     0.068
        52676.367465    16.463     0.078
        52676.382546    16.512     0.078
        52676.397658    16.498     0.071
        52676.412960    16.460     0.069
        52676.427947    16.568     0.078
        52698.399433    16.657     0.074
        52698.414814    16.769     0.076
        52698.429411    16.646     0.068
        52698.443892    16.696     0.076
        52698.459003    16.749     0.079
        52711.308423    16.469     0.071
        52711.321434    16.461     0.071
        52711.334809    16.496     0.071
        52711.348144    16.515     0.071
        52711.361204    16.538     0.069
        52725.373814    15.830     0.035
        52725.387755    15.879     0.028
        52725.401111    15.923     0.030
        52725.413676    15.980     0.031
        52725.426090    16.029     0.033
        52734.312371    16.312     0.137
        52738.301709    16.595     0.063
        52738.314888    16.627     0.061
        52738.328743    16.688     0.063
        52738.342166    16.723     0.063
        52738.354559    16.813     0.068
        52754.261239    16.356     0.046
        52754.274123    16.381     0.048
        52754.286626    16.336     0.046
        52754.300754    16.473     0.054
        52754.313029    16.441     0.050
        52769.218229    16.332     0.078
        52769.230070    16.353     0.079
        52769.241548    16.483     0.089
        52769.253652    16.381     0.086
        52769.265211    16.550     0.099
        52794.218222    16.451     0.046
        52794.228509    16.490     0.048
        52794.239045    16.559     0.051
        52794.260246    16.527     0.054
        52813.179596    16.835     0.084
        52824.173632    16.427     0.063
        52824.183603    16.465     0.067
        52824.193451    16.431     0.065
        52824.203331    16.511     0.072
        52824.213236    16.447     0.065
        52993.460851    16.512     0.052
        52993.474111    16.350     0.044
        52993.487472    15.988     0.031
        52993.500959    15.773     0.026
        52993.514355    15.593     0.020
        53002.503162    16.384     0.030
        53002.517968    16.430     0.031
        53002.532263    16.447     0.031
        53006.455204    16.446     0.061
        53006.467394    16.495     0.063
        53006.479663    16.412     0.057
        53006.491940    16.559     0.078
        53006.504132    16.696     0.098
        53033.400631    16.090     0.041
        53033.413397    15.910     0.033
        53033.425653    15.819     0.031
        53033.437930    15.760     0.028
        53033.450402    15.787     0.028
        53052.389321    16.357     0.043
        53052.401151    16.335     0.043
        53052.412963    16.413     0.044
        53052.424706    16.383     0.044
        53052.436519    16.404     0.043
        53064.290837    16.464     0.068
        53064.327603    16.519     0.054
        53064.346155    16.509     0.052
        53064.360058    16.543     0.050
        53079.332666    16.533     0.054
        53079.343905    16.518     0.053
        53079.355376    16.583     0.058
        53079.366517    16.647     0.063
        53079.378729    16.552     0.056
        53089.331141    16.534     0.154
        53089.342082    16.598     0.044
        53110.247938    16.090     0.046
        53110.258744    16.118     0.045
        53110.269639    16.102     0.043
        53110.280624    16.206     0.046
        53110.291523    16.222     0.046
        53119.249726    16.511     0.043
        53119.260480    16.536     0.043
        53119.270931    16.573     0.046
        53119.281469    16.574     0.043
        53119.295508    16.568     0.045
        53123.352375    16.067     0.039
        53123.362829    16.117     0.037
        53123.373154    16.074     0.033
        53123.383512    16.139     0.037
        53123.393867    16.111     0.039
        53138.249418    15.897     0.033
        53138.258921    15.936     0.035
        53138.268428    15.882     0.033
        53138.277899    15.911     0.033
        53138.287326    16.003     0.036
        53149.208128    16.535     0.056
        53149.216720    16.522     0.054
        53149.234047    16.504     0.053
        53149.242909    16.483     0.051
        53166.176513    16.749     0.091
        53166.187175    16.698     0.091
        53166.197071    16.657     0.086
        53166.206826    16.621     0.081
        53166.216663    16.492     0.073
        53438.467724    16.481     0.054
        53438.479367    16.486     0.054
        53438.491091    16.510     0.054
        53471.316495    16.045     0.039
        53471.327610    16.083     0.041
        53471.337657    16.099     0.041
        53471.348168    16.042     0.057
        53471.358238    16.138     0.057
        53502.202262    16.661     0.070
        53502.212729    16.636     0.068
        53502.224311    16.552     0.067
        53502.235418    16.533     0.065
        53502.246923    16.648     0.068
        53523.219731    16.391     0.054
        53523.230245    16.311     0.050
        53523.240710    16.418     0.054
        53523.251195    16.391     0.054
        53523.261722    16.501     0.057
        53737.480953    16.248     0.046
        53737.494209    16.005     0.035
        53737.507553    15.849     0.030
        53737.520946    15.722     0.026
        53747.469971    16.150     0.085
        53747.483045    16.020     0.068
        53747.495982    15.779     0.054
        53747.509311    15.796     0.043
        53789.414648    16.170     0.074
        53789.439635    16.132     0.111
        53789.452245    16.262     0.053
        53789.464883    16.310     0.074
        53799.346999    15.996     0.031
        53799.359019    16.058     0.031
        53799.370857    16.064     0.031
        53799.382654    16.117     0.033
        53799.394553    16.113     0.033
        53845.258734    16.539     0.246
        53845.269887    16.616     0.089
        53845.280732    16.570     0.080
        53845.291589    16.657     0.083
        53851.245310    16.400     0.064
        53851.255569    16.463     0.066
        53851.265864    16.366     0.063
        53851.276317    16.526     0.071
        53851.286593    16.479     0.069
        53880.213409    16.682     0.083
        53880.224625    16.668     0.080
        53880.235851    16.754     0.087
        53880.247090    16.572     0.074
        53880.258322    16.576     0.076
        53885.219532    16.615     0.081
        53885.231533    16.754     0.093
        53885.243467    16.742     0.091
        53885.255456    16.629     0.087
        53885.267617    16.515     0.080
        53901.195017    16.497     0.117
        53901.204852    16.423     0.089
        53912.175360    15.860     0.049
        53912.185023    15.925     0.051
        53912.204556    15.953     0.051
        53912.214311    16.018     0.073
        54112.497902    16.168     0.066
        54112.510496    16.276     0.074
        54112.523087    16.268     0.073
        54144.389728    16.421     0.059
        54144.401690    16.442     0.059
        54144.413576    16.456     0.061
        54144.425730    16.484     0.063
        54144.437699    16.547     0.068
        54153.393074    16.773     0.081
        54153.405665    16.732     0.122
        54153.417432    16.722     0.089
        54153.429329    16.660     0.097
        54153.441047    16.538     0.132
        54201.285651    16.570     0.079
        54201.294981    16.634     0.081
        54201.304364    16.569     0.076
        54201.313833    16.572     0.078
        54201.323182    16.562     0.076
        54453.463814    15.635     0.026
        54453.489966    15.633     0.024
        54453.503021    15.706     0.022
        54453.516076    15.713     0.024
        54478.413659    15.733     0.076
        54478.452730    15.879     0.068
        54559.240656    16.525     0.043
        54559.252295    16.526     0.044
        54559.264143    16.524     0.043
        54559.276060    16.519     0.041
        54559.287772    16.545     0.039
        54568.245180    15.840     0.030
        54568.256162    15.845     0.030
        54568.267270    15.902     0.031
        54568.278416    15.934     0.031
        54568.289496    15.958     0.031
        54581.250650    16.547     0.059
        54581.261216    16.327     0.055
        54581.271876    16.116     0.048
        54581.282429    15.972     0.046
        54581.293067    15.799     0.041
        54592.238108    16.569     0.087
        54592.247848    16.628     0.092
        54592.258388    16.512     0.078
        54592.268154    16.515     0.079
        54592.278157    16.652     0.091
        54597.252382    16.507     0.080
        54597.263050    16.488     0.078
        54597.273658    16.518     0.080
        54597.284417    16.540     0.080
        54597.295043    16.504     0.076
        54620.217673    16.416     0.052
        54620.227900    16.430     0.054
        54620.238059    16.437     0.054
        54620.248263    16.388     0.052
        54620.258463    16.468     0.055
