        52602.431434    16.135     0.074
        52602.460049    16.178     0.074
        52621.442602    16.760     0.073
        52621.457699    16.649     0.068
        52621.473267    16.602     0.064
        52621.488096    16.485     0.058
        52621.502946    16.348     0.051
        52636.378085    16.682     0.086
        52636.392462    16.697     0.079
        52636.406879    16.828     0.094
        52636.421640    16.850     0.091
        52636.436123    16.809     0.084
        52653.384118    16.325     0.064
        52653.399042    16.378     0.059
        52653.413883    16.534     0.066
        52653.429059    16.475     0.058
        52653.444230    16.515     0.058
        52684.355561    16.792     0.124
        52684.370911    16.606     0.104
        52684.386077    16.622     0.104
        52684.400905    16.587     0.102
        52684.415805    16.708     0.107
        52693.339219    16.649     0.059
        52693.354915    16.679     0.063
        52693.370159    16.688     0.067
        52693.385432    16.735     0.070
        52693.400733    16.632     0.067
        52721.246735    16.680     0.054
        52721.259515    16.731     0.055
        52721.272302    16.733     0.055
        52721.285072    16.705     0.059
        52721.297949    16.708     0.061
        52750.188106    16.157     0.039
        52750.198907    16.027     0.035
        52750.209672    15.972     0.033
        52750.220428    15.953     0.031
        52750.231294    15.995     0.033
        52772.157435    16.828     0.141
        52772.169582    16.816     0.141
        52772.181254    16.854     0.183
        52772.193257    16.809     0.154
        52772.205203    16.890     0.154
        52781.165278    16.678     0.076
        52781.186936    16.696     0.079
        52781.208967    16.797     0.087
        52801.165003    16.252     0.154
        52801.174997    16.145     0.146
        52801.184961    16.151     0.163
        52801.195006    16.230     0.183
        52801.204996    16.284     0.202
        52948.488654    16.390     0.057
        52948.500799    16.398     0.057
        52978.433090    16.741     0.084
        52978.453644    16.747     0.081
        52988.364728    16.231     0.058
        52988.375957    16.107     0.051
        52988.387164    16.084     0.048
        52988.398833    16.143     0.053
        52988.410548    16.128     0.054
        53008.412740    16.871     0.089
        53008.425975    16.797     0.081
        53008.454160    16.758     0.076
        53008.468455    16.604     0.066
        53038.360414    16.181     0.065
        53038.374642    16.221     0.070
        53038.406127    16.303     0.089
        53045.321021    16.489     0.072
        53045.332134    16.429     0.067
        53045.343333    16.419     0.068
        53045.354568    16.402     0.067
        53045.365676    16.412     0.067
        53096.229100    16.804     0.187
        53096.239066    17.123     0.226
        53096.249008    16.883     0.161
        53096.258961    17.180     0.198
        53096.268884    16.991     0.176
        53108.248215    16.856     0.072
        53108.259324    16.782     0.067
        53108.270460    16.799     0.063
        53108.281487    16.748     0.061
        53108.292640    16.764     0.061
        53125.208588    16.214     0.148
        53125.218440    16.441     0.157
        53125.228273    16.441     0.150
        53125.238134    16.610     0.152
        53134.197890    15.882     0.035
        53134.207361    15.899     0.035
        53134.217091    15.888     0.044
        53134.226555    15.950     0.046
        53134.236224    15.994     0.057
        53155.171024    16.627     0.155
        53155.179817    16.675     0.163
        53155.188617    16.667     0.155
        53155.197472    16.806     0.176
        53155.206344    16.716     0.159
        53312.439464    16.421     0.100
        53312.451738    16.492     0.102
        53312.464009    16.652     0.117
        53312.476263    16.609     0.109
        53312.488622    16.628     0.111
        53330.446224    16.278     0.057
        53330.458745    16.299     0.057
        53330.483758    16.184     0.072
        53330.496268    16.342     0.059
        53340.428479    16.817     0.152
        53340.440745    16.877     0.159
        53340.453028    16.796     0.146
        53340.465845    16.829     0.142
        53340.478566    16.783     0.137
        53356.450413    16.856     0.089
        53356.463440    16.812     0.081
        53356.476441    16.925     0.085
        53356.489754    16.792     0.076
        53356.502888    16.828     0.072
        53358.398511    16.860     0.079
        53358.413320    16.828     0.079
        53358.442589    16.860     0.079
        53358.457123    16.966     0.081
        53362.450402    16.666     0.117
        53362.464118    16.690     0.080
        53362.479279    16.654     0.072
        53362.495042    16.711     0.068
        53390.341376    16.868     0.098
        53390.354120    16.758     0.087
        53390.366871    16.770     0.085
        53390.379690    16.778     0.080
        53390.393211    16.744     0.078
        53429.276412    16.806     0.083
        53429.287651    16.693     0.076
        53429.298880    16.513     0.063
        53429.310410    16.384     0.057
        53429.321917    16.217     0.050
        53461.276278    16.580     0.061
        53461.289439    16.566     0.061
        53461.300048    16.693     0.068
        53461.310814    16.661     0.068
        53461.321512    16.666     0.067
        53489.196831    16.867     0.142
        53489.209075    16.855     0.098
        53489.219260    17.021     0.165
        53489.229453    16.900     0.122
        53489.239582    17.004     0.163
        53535.170027    16.976     0.135
        53535.179948    16.804     0.122
        53535.189896    16.786     0.117
        53535.199815    16.731     0.111
        53535.209746    16.810     0.124
        53687.444085    16.653     0.093
        53687.456521    16.560     0.074
        53687.468888    16.557     0.067
        53687.481284    16.616     0.063
        53687.493653    16.629     0.063
        53725.413931    16.553     0.117
        53755.341192    16.480     0.068
        53755.353792    16.460     0.068
        53755.366801    16.481     0.068
        53755.380040    16.499     0.070
        53755.393183    16.608     0.076
        53775.352833    16.940     0.111
        53775.365590    16.888     0.139
        53775.378457    16.794     0.107
        53775.391206    16.767     0.141
        53775.406900    16.859     0.165
        53775.448658    16.944     0.205
        53807.339454    16.042     0.079
        53807.351377    16.111     0.074
        53858.207078    16.146     0.069
        53858.238127    16.204     0.064
        53876.159952    16.798     0.066
        53876.171005    16.667     0.066
        53876.193178    16.708     0.116
        53905.165628    16.591     0.076
        53905.175640    16.380     0.063
        53905.185626    16.320     0.063
        53905.195572    16.270     0.059
        54050.433961    16.756     0.115
        54050.446178    16.804     0.111
        54050.458476    16.679     0.102
        54050.470667    16.697     0.094
        54050.482835    16.630     0.087
        54079.364202    16.529     0.102
        54079.376205    16.490     0.100
        54079.388296    16.692     0.122
        54079.400307    16.702     0.130
        54079.412330    16.683     0.130
        54108.331277    16.680     0.089
        54108.343979    16.800     0.096
        54108.356693    16.754     0.093
        54108.369395    16.725     0.091
        54108.382112    16.789     0.096
        54126.325379    16.692     0.096
        54139.326827    16.221     0.059
        54139.338287    16.280     0.058
        54139.349977    16.397     0.079
        54139.361420    16.337     0.087
        54139.373200    16.508     0.107
        54465.387615    17.128     0.114
        54465.400022    16.954     0.097
        54465.424817    17.167     0.116
        54465.437483    17.083     0.111
        54484.370147    17.164     0.129
        54496.405160    16.824     0.076
        54496.416980    16.785     0.076
        54496.444597    16.453     0.058
        54524.280827    16.123     0.046
        54524.293108    16.203     0.061
        54524.304719    16.246     0.058
        54524.316243    16.189     0.054
        54524.327736    16.313     0.051
        54539.262331    16.668     0.079
        54539.272974    16.780     0.078
        54539.283357    16.678     0.069
        54539.294123    16.659     0.069
        54539.304809    16.683     0.069
        54555.184061    16.483     0.071
        54555.195780    16.649     0.081
        54555.207863    16.661     0.081
        54555.219769    16.658     0.081
        54555.231467    16.629     0.081
        54571.239406    16.361     0.091
        54571.250251    16.359     0.091
        54571.260955    16.444     0.101
        54571.282564    16.489     0.106
        54620.165758    15.983     0.045
        54620.176113    16.000     0.046
        54620.187061    16.062     0.051
        54620.197402    16.100     0.051
        54620.207816    16.132     0.053
