        52648.406689    14.188     0.011
        52648.421372    14.171     0.011
        52648.436420    14.218     0.011
        52648.451737    14.264     0.009
        52648.466847    14.300     0.009
        52667.474086    14.327     0.009
        52667.489355    14.345     0.009
        52667.504564    14.292     0.009
        52667.519953    14.295     0.009
        52667.535165    14.336     0.009
        52671.470123    14.325     0.009
        52671.485835    14.253     0.009
        52671.501262    14.275     0.009
        52671.516671    14.314     0.009
        52674.463544    14.337     0.009
        52674.478112    14.347     0.009
        52674.493138    14.345     0.009
        52674.523967    14.345     0.035
        52703.456756    13.594     0.008
        52703.483121    13.736     0.007
        52703.498403    13.779     0.008
        52704.378680    14.350     0.009
        52704.391955    14.324     0.009
        52704.405223    14.375     0.009
        52704.418322    14.349     0.009
        52704.431507    14.331     0.009
        52708.380696    14.281     0.010
        52708.393712    14.292     0.010
        52708.406825    14.285     0.010
        52708.419946    14.315     0.012
        52708.432988    14.318     0.012
        52728.351045    14.026     0.007
        52728.363495    14.077     0.007
        52728.375747    14.112     0.007
        52728.387837    14.118     0.007
        52728.399919    14.188     0.007
        52730.305368    14.305     0.015
        52730.317385    14.302     0.012
        52730.329394    14.291     0.012
        52730.342059    14.318     0.010
        52730.354197    14.315     0.010
        52731.354804    14.305     0.009
        52731.366931    14.301     0.009
        52731.379073    14.295     0.009
        52731.391201    14.309     0.009
        52731.403306    14.309     0.011
        52737.322151    14.419     0.009
        52737.335316    14.309     0.009
        52737.347226    14.045     0.007
        52737.359152    13.831     0.006
        52737.371459    13.640     0.006
        52743.306856    14.147     0.015
        52743.319268    14.135     0.015
        52743.332160    14.154     0.015
        52743.344679    14.206     0.017
        52743.357046    14.272     0.017
        52756.256483    14.356     0.009
        52756.268432    14.407     0.009
        52756.280369    14.412     0.011
        52756.292298    14.447     0.009
        52756.304340    14.437     0.011
        52761.262727    14.270     0.009
        52761.274449    14.317     0.009
        52761.286224    14.312     0.009
        52761.297947    14.348     0.009
        52761.309760    14.345     0.009
        52764.263660    14.331     0.010
        52764.275707    14.302     0.010
        52764.287842    14.287     0.010
        52764.299745    14.316     0.010
        52764.311644    14.340     0.010
        52789.220545    13.693     0.008
        52789.231388    13.741     0.008
        52789.242023    13.791     0.008
        52789.252787    13.810     0.008
        52789.263762    13.841     0.008
        52794.218869    14.302     0.011
        52794.228901    14.312     0.011
        52794.239060    14.337     0.011
        52794.249039    14.395     0.011
        52794.259119    14.407     0.011
        52816.175688    14.351     0.015
        52816.185781    14.216     0.013
        52816.195831    13.967     0.012
        52816.206111    13.768     0.012
        52816.216268    13.611     0.010
        52819.212298    13.892     0.013
        52823.184731    13.715     0.008
        52823.194817    13.715     0.008
        52823.204825    13.827     0.010
        52996.471835    14.194     0.007
        52996.484793    14.188     0.007
        52996.497810    14.140     0.006
        52996.510896    14.220     0.007
        52996.523851    14.137     0.006
        53027.403027    14.346     0.007
        53027.415788    14.222     0.007
        53027.428559    14.103     0.006
        53027.442242    14.215     0.006
        53027.455232    14.120     0.006
        53032.453539    14.448     0.009
        53032.465877    14.429     0.009
        53032.478134    14.387     0.007
        53032.490391    14.416     0.007
        53032.502678    14.450     0.007
        53033.390759    14.236     0.009
        53033.390851    14.074     0.009
        53033.394155    14.144     0.010
        53033.403553    14.183     0.009
        53033.403644    14.136     0.009
        53033.406434    14.152     0.008
        53033.406530    14.133     0.008
        53033.415750    14.204     0.009
        53033.415842    14.192     0.009
        53033.419183    14.174     0.008
        53033.419280    14.150     0.008
        53033.428116    14.236     0.007
        53033.428208    14.152     0.007
        53033.431459    14.209     0.008
        53033.431554    14.205     0.008
        53033.440214    14.236     0.007
        53033.440306    14.230     0.007
        53033.444031    14.213     0.008
        53033.452014    14.230     0.007
        53033.452106    14.233     0.007
        53033.455739    14.203     0.008
        53033.455836    14.195     0.008
        53033.464120    14.252     0.009
        53033.467914    14.221     0.008
        53033.468011    14.227     0.008
        53033.476132    14.289     0.009
        53033.476223    14.259     0.007
        53033.480118    14.265     0.008
        53033.480216    14.235     0.008
        53033.488235    14.297     0.009
        53033.492381    14.290     0.008
        53033.492478    14.245     0.008
        53033.500565    14.307     0.009
        53033.504813    14.271     0.008
        53033.504910    14.261     0.008
        53054.435504    14.320     0.007
        53054.451243    14.049     0.006
        53054.463351    13.917     0.006
        53054.475939    13.804     0.006
        53054.488357    13.840     0.006
        53060.365727    14.160     0.006
        53060.376934    14.241     0.006
        53060.388743    14.176     0.006
        53060.400029    14.293     0.006
        53060.411300    14.328     0.006
        53080.342163    14.038     0.006
        53080.353094    13.911     0.006
        53080.365228    13.824     0.006
        53080.376643    13.663     0.006
        53080.387651    13.556     0.004
        53084.387741    14.074     0.006
        53084.398446    14.039     0.006
        53084.409165    13.993     0.004
        53084.419763    13.902     0.004
        53084.430419    13.947     0.004
        53086.359657    14.206     0.008
        53086.370626    14.178     0.010
        53086.381590    14.208     0.008
        53086.392644    14.250     0.007
        53086.403983    14.259     0.007
        53115.308599    14.584     0.007
        53115.319677    14.531     0.007
        53115.330828    14.566     0.007
        53115.341896    14.525     0.007
        53115.352965    14.609     0.009
        53117.312423    13.945     0.005
        53117.322736    13.949     0.005
        53117.333356    13.917     0.005
        53117.343699    13.970     0.005
        53117.354305    14.009     0.005
        53121.242195    13.624     0.005
        53121.244414    13.856     0.006
        53121.252760    13.727     0.005
        53121.255095    13.830     0.006
        53121.263534    13.777     0.005
        53121.265874    13.971     0.006
        53121.274422    13.740     0.005
        53121.276528    13.901     0.006
        53121.285058    13.760     0.005
        53121.287183    13.893     0.006
        53124.348753    14.205     0.015
        53124.369489    14.279     0.015
        53139.247721    14.050     0.007
        53139.257209    14.080     0.007
        53139.266659    14.091     0.007
        53139.276179    14.126     0.007
        53139.285642    14.133     0.007
        53143.277038    14.163     0.006
        53143.286403    14.220     0.007
        53143.295687    14.229     0.007
        53143.304975    14.167     0.006
        53143.314275    14.158     0.006
        53147.382571    14.240     0.010
        53147.391426    14.171     0.010
        53147.400511    14.220     0.012
        53169.178272    14.056     0.007
        53169.188390    14.044     0.007
        53169.198488    14.095     0.007
        53169.208590    14.107     0.007
        53169.218704    14.143     0.009
        53172.178315    14.278     0.007
        53172.189270    14.304     0.007
        53172.199698    14.300     0.007
        53172.209993    14.382     0.007
        53172.220246    14.471     0.009
        53174.176960    13.706     0.005
        53174.186793    13.701     0.005
        53174.198764    13.723     0.005
        53174.208797    13.797     0.007
        53174.218777    13.730     0.005
        53377.475036    14.063     0.007
        53377.487985    14.134     0.007
        53377.500929    14.142     0.007
        53377.513883    14.101     0.007
        53377.526842    14.109     0.007
        53404.437639    13.864     0.007
        53404.449954    13.872     0.007
        53404.463407    13.869     0.007
        53404.476334    13.879     0.007
        53404.490161    13.916     0.007
        53433.420949    14.258     0.009
        53433.432244    14.321     0.009
        53433.443983    14.271     0.009
        53433.455181    14.364     0.011
        53433.466393    14.353     0.011
        53440.478433    14.324     0.009
        53440.488933    14.318     0.011
        53440.500084    14.313     0.011
        53465.341857    14.058     0.007
        53465.352549    13.822     0.006
        53465.364593    13.613     0.006
        53465.375418    13.565     0.006
        53465.386179    13.523     0.006
        53468.362331    13.905     0.009
        53468.373310    13.930     0.009
        53469.284807    14.349     0.009
        53469.294815    14.391     0.009
        53469.306627    14.402     0.009
        53469.316258    14.444     0.009
        53469.327109    14.450     0.009
        53473.331276    14.391     0.011
        53473.342568    14.417     0.011
        53473.353278    14.395     0.011
        53473.363617    14.441     0.011
        53473.374418    14.413     0.011
        53479.333742    13.989     0.013
        53479.355819    14.073     0.013
        53479.367573    14.072     0.013
        53479.376793    14.125     0.013
        53493.344419    14.305     0.009
        53493.354804    14.306     0.011
        53493.364941    14.310     0.009
        53493.375621    14.335     0.011
        53493.385900    14.331     0.011
        53498.251797    13.866     0.007
        53498.262319    13.869     0.007
        53498.273830    13.878     0.007
        53502.252969    13.752     0.007
        53502.268895    13.878     0.007
        53502.285660    13.833     0.007
        53502.297883    13.878     0.007
        53502.308031    13.893     0.009
        53504.236402    14.288     0.011
        53504.246075    14.309     0.011
        53504.255216    14.286     0.011
        53504.265512    14.284     0.011
        53504.275007    14.326     0.011
        53526.240845    14.316     0.011
        53526.251175    14.345     0.011
        53526.261579    14.361     0.011
        53530.173577    14.281     0.011
        53530.183584    14.289     0.011
        53530.193396    14.314     0.011
        53530.203324    14.283     0.011
        53530.213191    14.338     0.011
        53555.172824    13.633     0.006
        53555.183069    13.663     0.007
        53555.193311    13.698     0.007
        53555.203535    13.727     0.007
        53555.213838    13.794     0.007
        53791.423232    14.300     0.009
        53791.435044    14.287     0.009
        53791.446867    14.277     0.009
        53791.458688    14.322     0.009
        53791.470521    14.310     0.009
        53794.405514    14.345     0.009
        53794.417141    14.335     0.009
        53794.428768    14.342     0.009
        53794.440397    14.384     0.009
        53794.452026    14.396     0.009
        53797.358793    14.447     0.008
        53797.370843    14.424     0.010
        53797.382992    14.364     0.010
        53797.395084    14.182     0.010
        53797.407117    13.904     0.010
        53815.345509    13.789     0.009
        53815.356643    13.784     0.009
        53815.367788    13.827     0.009
        53815.378966    13.840     0.009
        53815.390139    13.872     0.009
        53818.388467    14.166     0.009
        53818.399483    14.181     0.009
        53818.410267    14.188     0.009
        53818.421047    14.203     0.009
        53818.431989    14.236     0.009
        53825.340291    14.255     0.011
        53825.351452    14.311     0.022
        53825.364894    14.265     0.015
        53825.376156    14.252     0.022
        53825.388218    14.273     0.015
        53829.357689    14.221     0.018
        53833.279275    14.043     0.009
        53833.289093    14.054     0.009
        53833.299523    14.057     0.009
        53833.309592    14.106     0.009
        53833.319581    14.086     0.009
        53846.245378    14.375     0.010
        53846.255957    14.385     0.010
        53846.266491    14.392     0.010
        53846.277255    14.417     0.010
        53846.287757    14.394     0.008
        53848.298731    14.150     0.011
        53848.309400    14.150     0.011
        53848.320067    14.157     0.011
        53848.331081    14.183     0.011
        53848.342654    14.215     0.013
        53849.304782    13.793     0.007
        53849.315554    13.867     0.007
        53849.326655    13.873     0.007
        53849.337425    13.924     0.007
        53849.348203    13.978     0.007
        53852.311868    14.138     0.009
        53852.323482    14.163     0.009
        53852.334313    14.162     0.009
        53852.345160    14.222     0.011
        53852.355985    14.234     0.011
        53855.301781    14.250     0.011
        53855.312987    14.279     0.011
        53855.324163    14.291     0.011
        53855.336013    14.290     0.011
        53855.347057    14.311     0.011
        53858.285975    14.313     0.013
        53858.296138    14.296     0.013
        53881.215377    14.257     0.012
        53881.225352    14.288     0.012
        53881.235484    14.275     0.012
        53881.245616    14.278     0.012
        53881.255617    14.280     0.012
        53883.228949    13.704     0.007
        53883.240391    13.751     0.007
        53883.251897    13.788     0.007
        53883.263325    13.758     0.007
        53883.274752    13.825     0.009
        53891.174063    14.432     0.026
        53905.169343    13.921     0.009
        53905.179367    13.926     0.009
        53905.189359    13.945     0.009
        53905.199370    14.006     0.009
        53905.209427    14.006     0.009
        53910.170300    14.412     0.013
        53910.171237    14.415     0.015
        53910.180893    14.374     0.013
        53910.181515    14.313     0.015
        53910.191440    14.147     0.012
        53910.191727    14.187     0.013
        53910.201966    13.931     0.008
        53910.201972    13.927     0.009
        53910.212207    13.739     0.009
        53910.212473    13.749     0.010
        53914.175811    14.394     0.022
        53914.186221    14.405     0.018
        54121.457990    13.519     0.005
        54121.470466    13.604     0.005
        54121.483635    13.642     0.005
        54121.496111    13.698     0.007
        54121.508603    13.755     0.007
        54124.468667    14.068     0.007
        54124.481102    14.035     0.006
        54124.494172    14.093     0.007
        54124.506558    14.125     0.007
        54124.518918    14.180     0.007
        54147.400396    13.739     0.007
        54147.412234    13.778     0.007
        54147.424485    13.815     0.007
        54147.436969    13.852     0.007
        54147.448979    13.888     0.007
        54149.399980    14.277     0.010
        54149.411757    14.282     0.010
        54149.424503    14.278     0.010
        54149.436381    14.306     0.010
        54149.448128    14.322     0.010
        54156.379920    14.334     0.007
        54156.391471    14.317     0.007
        54156.409616    14.336     0.007
        54156.421502    14.358     0.007
        54156.433060    14.383     0.007
        54175.331801    14.302     0.010
        54175.342531    14.348     0.010
        54175.353251    14.310     0.010
        54175.364063    14.325     0.010
        54175.374804    14.296     0.010
        54175.375851    14.322     0.007
        54175.386673    14.315     0.007
        54175.397589    14.353     0.007
        54175.408514    14.365     0.009
        54175.419405    14.378     0.007
        54178.359278    14.307     0.011
        54178.370127    14.065     0.009
        54178.381317    13.854     0.009
        54178.392098    13.628     0.006
        54178.403517    13.548     0.006
        54198.276739    14.227     0.013
        54210.307699    14.215     0.007
        54210.316863    14.239     0.009
        54210.326034    14.243     0.009
        54210.335214    14.270     0.009
        54210.344842    14.266     0.009
        54475.459408    13.893     0.006
        54475.472471    13.945     0.006
        54475.485368    14.000     0.006
        54475.498246    14.069     0.006
        54475.511422    14.116     0.006
        54483.461712    13.967     0.006
        54483.474653    13.841     0.006
        54483.487620    13.805     0.006
        54483.500733    13.901     0.006
        54483.513841    13.956     0.006
        54509.395650    13.965     0.006
        54509.407748    13.980     0.006
        54509.419835    13.958     0.006
        54509.431904    14.016     0.006
        54509.443993    13.963     0.006
        54524.450031    14.179     0.007
        54524.461579    14.356     0.007
        54524.473279    14.406     0.009
        54524.484781    14.379     0.009
        54524.497044    14.425     0.009
        54532.385856    13.893     0.004
        54532.397341    14.011     0.006
        54532.408663    13.969     0.006
        54532.419935    14.015     0.006
        54532.431182    14.085     0.006
        54538.364337    14.263     0.006
        54538.375515    14.256     0.006
        54538.386529    14.292     0.006
        54538.397470    14.385     0.007
        54538.408497    14.325     0.006
        54543.280759    13.800     0.007
        54543.291719    13.804     0.007
        54543.302601    13.942     0.007
        54543.313481    13.911     0.007
        54543.324347    13.877     0.007
        54555.358522    13.541     0.004
        54555.370366    13.649     0.004
        54555.382223    13.819     0.004
        54555.394097    13.925     0.006
        54555.405969    13.980     0.006
        54568.347397    14.237     0.015
        54568.358396    14.243     0.015
        54568.369317    14.287     0.015
        54568.380221    14.277     0.015
        54568.391037    14.267     0.015
        54586.289965    14.358     0.009
        54586.300076    14.376     0.009
        54586.310150    14.405     0.009
        54586.320229    14.389     0.009
        54586.330351    14.439     0.009
        54594.258284    14.335     0.009
        54594.268570    14.338     0.009
        54594.278871    14.327     0.009
        54594.289136    14.344     0.009
        54594.299459    14.333     0.009
        54618.213241    13.982     0.006
        54618.223455    14.010     0.006
        54618.233671    14.042     0.007
        54618.243903    14.041     0.007
        54618.254148    14.073     0.007
        54622.215984    13.832     0.012
        54622.227176    13.885     0.012
        54622.237406    13.886     0.012
        54622.247405    13.909     0.013
        54622.257388    13.960     0.013
