        52696.403624    16.769     0.070
        52696.418346    16.755     0.065
        52708.369452    16.362     0.043
        52708.383076    16.027     0.031
        52708.396731    15.823     0.026
        52708.410844    15.809     0.026
        52708.425042    15.824     0.028
        52723.359522    16.018     0.043
        52723.370997    15.979     0.096
        52752.285869    16.446     0.052
        52752.296086    16.488     0.054
        52752.306267    16.513     0.055
        52752.316469    16.523     0.057
        52752.326652    16.559     0.059
        52771.218140    16.683     0.142
        52771.229806    16.794     0.124
        52771.241491    16.669     0.109
        52771.253135    16.722     0.115
        52771.265001    16.663     0.109
        52787.220914    16.415     0.044
        52787.231682    16.483     0.046
        52787.242238    16.492     0.046
        52787.252836    16.510     0.046
        52787.263389    16.494     0.048
        52811.220903    16.869     0.109
        52811.230704    16.821     0.101
        52811.240517    16.771     0.099
        52811.250323    16.842     0.109
        52811.260138    16.819     0.106
        52826.174776    16.741     0.114
        52826.184696    16.795     0.129
        52826.194822    17.114     0.162
        52826.204893    16.799     0.132
        52826.214781    16.856     0.144
        52842.169323    16.635     0.109
        52842.172930    16.630     0.100
        52843.159989    15.917     0.041
        52843.170281    15.992     0.046
        52843.180787    16.031     0.048
        52847.160449    16.561     0.102
        52847.180769    16.587     0.089
        52847.190828    16.631     0.091
        52847.201343    16.624     0.093
        53024.409185    16.745     0.072
        53024.422195    16.809     0.265
        53024.460841    16.767     0.080
        53035.428716    16.318     0.044
        53035.441186    16.306     0.041
        53035.454085    16.353     0.041
        53035.468126    16.377     0.044
        53050.384538    16.297     0.091
        53050.396260    16.303     0.054
        53050.407907    16.355     0.041
        53050.419646    16.368     0.039
        53050.431407    16.403     0.039
        53078.333818    15.834     0.026
        53078.344611    15.878     0.028
        53078.355537    15.947     0.037
        53109.294499    16.743     0.057
        53109.305237    16.728     0.057
        53109.315945    16.692     0.057
        53109.326769    16.703     0.057
        53109.337513    16.695     0.059
        53137.247882    16.595     0.059
        53137.257673    16.576     0.059
        53137.267552    16.594     0.057
        53137.277337    16.641     0.061
        53137.287157    16.726     0.074
        53165.230259    16.442     0.054
        53165.240260    16.411     0.057
        53165.250288    16.466     0.096
        53165.260358    16.416     0.055
        53386.487105    15.823     0.030
        53386.500062    15.829     0.030
        53386.513355    15.843     0.031
        53386.528201    15.908     0.033
        53386.541718    16.066     0.041
        53442.265097    16.591     0.055
        53442.276407    16.585     0.055
        53442.288246    16.587     0.055
        53442.300148    16.635     0.057
        53442.311515    16.666     0.059
        53443.435244    16.464     0.080
        53443.446363    16.428     0.057
        53443.467970    16.484     0.080
        53443.478773    16.509     0.052
        53473.434843    16.550     0.065
        53473.444516    16.519     0.063
        53473.454214    16.539     0.067
        53473.464690    16.566     0.072
        53498.260552    16.303     0.059
        53498.272031    16.161     0.052
        53498.310926    16.324     0.096
        53499.216638    16.754     0.068
        53499.227464    16.720     0.065
        53499.237845    16.794     0.072
        53499.248770    16.751     0.067
        53499.259529    16.772     0.068
        53528.224404    16.301     0.061
        53528.235665    16.368     0.065
        53528.246729    16.346     0.061
        53528.257572    16.356     0.061
        53528.267949    16.400     0.061
        53539.217299    16.820     0.167
        53539.226873    16.756     0.159
        53539.236454    16.668     0.148
        53539.246019    16.721     0.161
        53539.255588    16.518     0.131
        53552.179863    16.774     0.094
        53552.190046    16.809     0.098
        53552.200444    16.870     0.104
        53552.210873    16.823     0.098
        53552.221296    16.828     0.098
        53570.168131    16.709     0.146
        53570.189319    16.607     0.141
        53570.210537    16.652     0.155
        53576.186572    16.082     0.059
        53741.477097    16.068     0.030
        53741.490421    16.087     0.030
        53741.503567    16.207     0.031
        53741.516452    16.237     0.031
        53741.529519    16.265     0.031
        53771.472373    16.256     0.080
        53786.444843    16.241     0.046
        53843.313470    16.413     0.069
        53843.324856    16.364     0.068
        53843.347777    16.357     0.069
        53843.359571    16.291     0.066
        53854.246950    16.858     0.104
        53854.256952    16.824     0.101
        53854.267070    16.793     0.112
        53882.217088    16.655     0.073
        53882.248975    16.695     0.083
        53882.259487    16.633     0.071
        53886.228470    16.102     0.048
        53886.239353    16.206     0.054
        53886.250256    16.218     0.057
        53886.261156    16.239     0.059
        53886.272083    16.229     0.059
        53903.221323    16.503     0.080
        53903.231259    16.513     0.083
        53903.241214    16.370     0.072
        53903.251134    16.467     0.081
        53903.261164    16.517     0.087
        53931.175154    16.223     0.079
        53931.185420    16.299     0.086
        53931.195551    16.388     0.092
        54085.472751    16.409     0.094
        54085.485692    16.581     0.097
        54085.498685    16.630     0.092
        54085.511875    16.515     0.083
        54085.524794    16.629     0.094
        54123.391885    16.466     0.063
        54123.404230    16.424     0.057
        54123.416746    16.449     0.055
        54123.429274    16.481     0.057
        54123.441578    16.557     0.059
        54156.371390    16.220     0.049
        54156.382451    16.251     0.048
        54156.393417    16.384     0.051
        54156.404456    16.329     0.046
        54156.415572    16.362     0.048
        54207.280326    16.718     0.089
        54207.290049    16.807     0.129
        54207.299570    16.873     0.155
        54216.263354    16.217     0.044
        54216.272137    16.282     0.046
        54216.280890    16.338     0.048
        54216.290012    16.395     0.050
        54216.298769    16.315     0.048
        54529.272771    16.058     0.045
        54529.284532    15.922     0.041
        54529.296004    15.906     0.040
        54529.307311    15.915     0.040
        54529.318412    15.969     0.041
        54562.192853    16.589     0.116
        54562.206279    16.702     0.127
        54562.219181    16.776     0.132
        54573.291867    16.737     0.109
        54573.302710    16.597     0.094
        54573.313527    16.692     0.102
        54573.324367    16.725     0.109
        54573.335175    16.768     0.111
        54613.211304    16.599     0.079
        54613.222171    16.657     0.087
        54613.232447    16.608     0.083
        54613.242811    16.650     0.083
        54613.253094    16.604     0.079
