        52652.458698    14.145     0.007
        52652.473812    14.151     0.007
        52652.507228    14.358     0.009
        52652.522086    14.514     0.009
        52664.360533    14.255     0.009
        52664.375771    14.179     0.013
        52722.306372    14.446     0.010
        52722.318485    14.418     0.010
        52722.330504    14.317     0.010
        52722.342517    14.202     0.008
        52722.354525    14.138     0.008
        52723.344889    14.146     0.013
        52723.367738    14.161     0.009
        52724.357441    14.273     0.007
        52724.369027    14.403     0.009
        52724.380601    14.530     0.009
        52724.392150    14.570     0.009
        52724.403723    14.472     0.009
        52725.428463    14.132     0.007
        52725.451921    14.173     0.007
        52725.463671    14.215     0.007
        52725.475371    14.305     0.007
        52751.303789    14.605     0.012
        52751.314516    14.526     0.012
        52751.325238    14.322     0.012
        52751.335967    14.256     0.010
        52751.346684    14.222     0.010
        52772.218169    14.213     0.017
        52772.229879    14.337     0.018
        52772.241577    14.385     0.020
        52772.253142    14.439     0.018
        52772.264907    14.397     0.020
        52800.219462    14.101     0.017
        52800.229799    14.137     0.018
        52800.239949    14.159     0.017
        52800.250048    14.253     0.020
        52810.232040    14.239     0.018
        52810.251672    14.353     0.011
        52812.225327    14.411     0.011
        52812.235408    14.300     0.009
        52812.245395    14.228     0.009
        52812.255636    14.182     0.009
        52812.265642    14.143     0.007
        52827.174059    14.343     0.018
        52827.184115    14.398     0.018
        52839.169017    14.219     0.011
        52839.189116    14.140     0.018
        52839.199128    14.147     0.011
        52990.468904    14.370     0.009
        52990.482092    14.575     0.011
        52990.495119    14.543     0.011
        52990.508322    14.437     0.009
        52990.521350    14.373     0.009
        53023.408677    14.204     0.007
        53023.421355    14.197     0.006
        53023.434035    14.222     0.006
        53023.446724    14.259     0.006
        53023.459427    14.259     0.006
        53035.430437    14.561     0.010
        53035.442726    14.503     0.010
        53035.455093    14.338     0.008
        53035.467404    14.255     0.008
        53046.408583    14.442     0.011
        53046.421092    14.376     0.011
        53046.433054    14.298     0.011
        53046.444959    14.271     0.011
        53046.457537    14.241     0.009
        53107.298122    14.563     0.009
        53107.309286    14.454     0.007
        53107.320426    14.302     0.007
        53107.331464    14.244     0.007
        53107.342535    14.211     0.007
        53127.249110    14.346     0.017
        53127.259170    14.441     0.018
        53127.269132    14.538     0.018
        53127.279159    14.573     0.018
        53127.289125    14.420     0.017
        53136.245842    14.186     0.009
        53136.255177    14.252     0.009
        53136.264644    14.299     0.009
        53136.273915    14.367     0.009
        53136.283190    14.454     0.011
        53154.251478    14.119     0.011
        53154.260241    14.126     0.009
        53154.269052    14.134     0.009
        53154.277864    14.184     0.011
        53154.286663    14.199     0.011
        53164.222119    14.202     0.007
        53164.232293    14.163     0.007
        53164.242524    14.136     0.007
        53164.252705    14.120     0.007
        53164.262886    14.160     0.007
        53194.215931    14.104     0.020
        53358.478109    14.112     0.008
        53358.492572    14.146     0.008
        53358.507064    14.197     0.008
        53358.521621    14.289     0.010
        53422.348121    14.508     0.017
        53422.360102    14.545     0.017
        53422.372094    14.462     0.017
        53450.342597    14.237     0.011
        53450.353389    14.306     0.011
        53450.364628    14.376     0.011
        53450.375785    14.478     0.011
        53537.251502    14.403     0.039
        53537.261399    14.303     0.018
        53566.211730    14.343     0.015
        53566.222405    14.475     0.018
        53566.233028    14.570     0.020
        53566.243653    14.521     0.018
        53566.254286    14.439     0.018
        53583.158895    14.616     0.030
        53583.170189    14.483     0.013
        53583.181460    14.390     0.011
        53583.192727    14.283     0.011
        53583.204002    14.241     0.011
        53728.470298    14.149     0.009
        53728.483903    14.121     0.009
        53728.497667    14.123     0.009
        53728.510920    14.160     0.009
        53728.524163    14.241     0.011
        53772.417416    14.327     0.009
        53772.430139    14.224     0.009
        53772.442877    14.202     0.007
        53772.455827    14.190     0.007
        53772.468668    14.163     0.007
        53825.303457    14.158     0.008
        53826.337494    14.321     0.009
        53826.349622    14.436     0.011
        53855.278631    14.102     0.008
        53855.288926    14.093     0.008
        53878.241738    14.477     0.015
        53878.252490    14.484     0.015
        53878.263231    14.420     0.013
        53878.274211    14.287     0.012
        53878.286038    14.170     0.012
        53892.217338    14.165     0.018
        53892.227411    14.198     0.018
        53892.237479    14.348     0.020
        53892.247524    14.444     0.022
        53892.257601    14.522     0.026
        53903.233446    14.432     0.013
        53903.242912    14.318     0.012
        53903.252680    14.250     0.012
        53903.262386    14.161     0.012
        53903.271982    14.140     0.012
        53917.215078    14.386     0.020
        53932.182010    14.156     0.018
        53932.192441    14.266     0.016
        53932.205753    14.477     0.018
        53932.216042    14.539     0.016
        53944.193497    14.336     0.025
        53944.204440    14.183     0.015
        54086.435752    14.202     0.013
        54086.449515    14.204     0.013
        54086.462857    14.275     0.013
        54086.477986    14.408     0.015
        54086.491207    14.570     0.016
        54140.397458    14.148     0.010
        54140.409689    14.181     0.010
        54140.421983    14.225     0.008
        54140.434064    14.300     0.010
        54140.446405    14.413     0.010
        54200.289091    14.272     0.007
        54200.299026    14.238     0.011
        54200.309338    14.152     0.007
        54200.319684    14.141     0.007
        54210.266653    14.309     0.010
        54210.275460    14.241     0.010
        54210.284386    14.198     0.008
        54210.302110    14.144     0.008
        54218.270016    14.361     0.015
        54218.278681    14.494     0.017
        54218.287314    14.557     0.018
        54218.295950    14.523     0.017
        54218.304551    14.416     0.015
        54481.449739    14.339     0.013
        54481.462287    14.458     0.015
        54481.488425    14.344     0.015
        54481.500719    14.304     0.013
        54509.387921    14.203     0.012
        54509.400076    14.185     0.012
        54509.412008    14.152     0.012
        54509.423931    14.104     0.012
        54509.435862    14.121     0.012
        54527.344614    14.164     0.012
        54527.358315    14.249     0.012
        54536.327158    14.127     0.012
        54536.338166    14.108     0.012
        54536.349107    14.125     0.012
        54536.360025    14.170     0.012
        54536.370928    14.187     0.013
        54555.245293    14.249     0.015
        54555.257145    14.381     0.015
        54555.268784    14.443     0.016
        54555.280518    14.451     0.016
        54555.292377    14.323     0.015
        54560.304766    14.193     0.015
        54560.317158    14.134     0.015
        54560.328700    14.090     0.013
        54560.340205    14.091     0.013
        54560.351693    14.134     0.013
