        52619.478025    16.400     0.059
        52619.509052    16.288     0.054
        52644.480154    16.513     0.048
        52644.494984    16.503     0.057
        52644.510009    16.615     0.059
        52644.524742    16.589     0.089
        52648.330885    16.390     0.061
        52648.345500    16.486     0.065
        52648.360310    16.533     0.083
        52648.375154    16.576     0.059
        52648.389887    16.362     0.055
        52666.390676    16.545     0.061
        52666.405621    16.522     0.058
        52666.420274    16.542     0.063
        52666.434906    16.525     0.059
        52666.449653    16.571     0.059
        52671.392305    16.498     0.048
        52671.407533    16.524     0.050
        52671.422830    16.508     0.048
        52671.438015    16.591     0.048
        52672.383135    16.504     0.055
        52672.390526    16.511     0.058
        52672.397910    16.488     0.054
        52672.405335    16.526     0.058
        52672.411927    16.476     0.057
        52672.426385    16.474     0.070
        52672.428754    16.580     0.087
        52672.440273    16.456     0.057
        52674.392456    16.448     0.048
        52674.420332    16.437     0.048
        52674.434325    16.494     0.052
        52674.448296    16.484     0.046
        52680.416209    16.495     0.059
        52680.431087    16.482     0.061
        52680.445988    16.449     0.071
        52680.460730    16.448     0.068
        52680.475468    16.454     0.073
        52698.328896    16.559     0.054
        52698.342073    16.596     0.053
        52698.355772    16.730     0.056
        52698.368792    16.833     0.162
        52704.308587    16.497     0.050
        52704.349015    16.491     0.050
        52725.310826    16.490     0.050
        52725.322401    16.696     0.080
        52725.334225    16.501     0.089
        52725.346108    16.556     0.094
        52725.357712    16.489     0.098
        52728.246228    16.540     0.050
        52728.271102    16.465     0.046
        52731.254098    16.634     0.163
        52754.202575    16.459     0.052
        52754.214730    16.453     0.054
        52754.239210    16.485     0.057
        52754.251334    16.539     0.059
        52760.213394    16.691     0.048
        52760.225312    16.651     0.050
        52760.237259    16.505     0.052
        52760.249185    16.502     0.054
        52767.201853    16.427     0.074
        52767.213673    16.501     0.078
        52767.226228    16.483     0.078
        52767.237864    16.503     0.073
        52767.249995    16.582     0.084
        52789.167400    16.491     0.061
        52789.177752    16.651     0.063
        52789.188062    16.527     0.061
        52789.198436    16.528     0.063
        52789.208893    16.330     0.061
        52794.166924    16.561     0.070
        52794.176950    16.474     0.065
        52794.186872    16.554     0.074
        52794.196807    16.547     0.076
        52794.206740    16.452     0.074
        52967.469315    16.419     0.050
        52967.482196    16.495     0.052
        52967.494828    16.478     0.052
        52973.457538    16.501     0.059
        52973.470491    16.367     0.055
        52973.483358    16.626     0.055
        52996.403595    16.398     0.039
        53027.362458    16.403     0.035
        53033.338462    16.517     0.058
        53033.350680    16.597     0.061
        53033.363014    16.471     0.054
        53033.375532    16.612     0.107
        53033.387827    16.578     0.071
        53052.341754    16.328     0.044
        53052.354203    16.407     0.046
        53052.377936    16.464     0.046
        53079.276505    16.451     0.049
        53079.287687    16.444     0.049
        53079.298650    16.484     0.053
        53079.309681    16.498     0.051
        53079.320676    16.511     0.054
        53081.285082    16.533     0.046
        53081.309995    16.470     0.046
        53081.321993    16.500     0.046
        53081.322722    16.560     0.044
        53081.334051    16.546     0.048
        53081.345346    16.507     0.043
        53081.356615    16.527     0.044
        53082.321256    16.602     0.038
        53082.333249    16.568     0.038
        53083.330678    16.580     0.046
        53084.287058    16.468     0.033
        53086.300072    16.330     0.043
        53086.311649    16.232     0.049
        53086.323192    16.364     0.043
        53110.193773    16.547     0.068
        53110.204752    16.611     0.073
        53110.215682    16.555     0.071
        53110.226619    16.583     0.071
        53110.237576    16.594     0.074
        53117.268944    16.493     0.041
        53117.279433    16.573     0.045
        53117.290269    16.572     0.043
        53117.301242    16.653     0.045
        53138.200870    16.514     0.058
        53138.210726    16.566     0.059
        53138.220602    16.484     0.056
        53138.230398    16.525     0.064
        53138.240241    16.544     0.066
        53143.228879    16.502     0.054
        53143.238295    16.533     0.057
        53143.247725    16.539     0.057
        53143.257068    16.477     0.052
        53143.266416    16.588     0.054
        53147.165028    16.561     0.056
        53147.174096    16.409     0.054
        53147.182827    16.449     0.056
        53147.191611    16.455     0.054
        53147.201136    16.462     0.056
        53166.168174    16.373     0.078
        53166.178881    16.381     0.079
        53166.188891    16.328     0.083
        53166.198786    16.339     0.087
        53166.208545    16.473     0.097
        53348.452567    16.214     0.061
        53348.465485    16.196     0.065
        53348.477936    16.414     0.089
        53348.491761    16.548     0.135
        53348.504686    16.484     0.063
        53354.396202    16.533     0.063
        53354.409318    16.559     0.059
        53354.422479    16.587     0.057
        53354.435616    16.451     0.048
        53377.405986    16.499     0.050
        53377.419196    16.482     0.048
        53377.432398    16.519     0.048
        53382.499787    16.544     0.054
        53382.514139    16.431     0.048
        53382.530190    16.440     0.048
        53404.382946    16.477     0.043
        53404.395776    16.488     0.044
        53404.408630    16.470     0.044
        53405.343680    16.573     0.051
        53405.352977    16.475     0.050
        53405.355778    16.541     0.049
        53405.368598    16.538     0.049
        53405.384946    16.533     0.051
        53405.392044    16.540     0.052
        53405.398330    16.546     0.051
        53405.405210    16.549     0.050
        53410.476344    16.508     0.043
        53415.357962    16.437     0.052
        53415.370421    16.543     0.048
        53415.382852    16.407     0.048
        53415.395904    16.283     0.052
        53415.408360    16.148     0.054
        53433.382145    16.385     0.048
        53433.394826    16.423     0.050
        53441.293357    16.594     0.044
        53441.316203    16.631     0.046
        53441.327599    16.628     0.044
        53465.282948    16.508     0.055
        53465.294311    16.614     0.057
        53465.306252    16.618     0.057
        53465.316899    16.655     0.055
        53465.328220    16.517     0.050
        53471.263455    16.540     0.057
        53471.274111    16.447     0.057
        53471.284143    16.542     0.061
        53471.294082    16.547     0.061
        53471.303826    16.544     0.063
        53493.247531    16.099     0.068
        53493.257792    16.221     0.072
        53493.269034    16.153     0.074
        53493.279595    16.270     0.083
        53493.289799    16.394     0.081
        53502.192777    16.364     0.059
        53502.203956    16.453     0.067
        53502.214423    16.553     0.068
        53502.226028    16.482     0.070
        53502.238475    16.539     0.072
        53523.167925    16.663     0.076
        53523.178450    16.669     0.068
        53523.189009    16.650     0.072
        53523.199527    16.725     0.072
        53523.210058    16.566     0.078
        53526.188459    16.645     0.137
        53526.209510    16.484     0.085
        53709.459410    16.514     0.057
        53709.484932    16.496     0.052
        53712.463158    16.348     0.057
        53712.476961    16.238     0.059
        53712.490200    16.149     0.052
        53712.503341    16.168     0.052
        53712.516294    16.294     0.052
        53733.397842    16.437     0.061
        53733.410666    16.483     0.057
        53733.423346    16.483     0.059
        53733.436117    16.479     0.059
        53733.448914    16.515     0.059
        53738.423371    16.642     0.057
        53769.401099    16.370     0.043
        53769.414629    16.443     0.044
        53769.427919    16.545     0.067
        53769.441123    16.408     0.057
        53788.468647    16.515     0.059
        53788.480578    16.502     0.063
        53788.492537    16.536     0.067
        53788.504554    16.459     0.065
        53788.516655    16.523     0.076
        53789.351607    16.496     0.132
        53789.364436    16.509     0.094
        53789.376904    16.418     0.059
        53789.389315    16.491     0.051
        53789.401930    16.463     0.054
        53791.361797    16.515     0.048
        53791.373535    16.540     0.050
        53791.385276    16.514     0.052
        53791.408787    16.479     0.052
        53794.344054    16.267     0.052
        53794.355677    16.313     0.050
        53794.367509    16.406     0.052
        53794.379149    16.423     0.050
        53794.390778    16.456     0.048
        53818.281036    16.435     0.057
        53818.291649    16.488     0.059
        53818.302272    16.505     0.059
        53818.312963    16.494     0.059
        53818.323769    16.674     0.061
        53823.262101    16.532     0.054
        53823.272706    16.456     0.052
        53823.294320    16.495     0.055
        53823.306821    16.490     0.055
        53825.279709    16.389     0.059
        53825.290773    16.388     0.059
        53825.303223    16.435     0.065
        53825.313547    16.476     0.057
        53825.325259    16.498     0.059
        53829.232446    16.264     0.224
        53829.275327    16.511     0.192
        53845.194298    16.435     0.067
        53845.205003    16.421     0.067
        53845.215863    16.482     0.070
        53845.226599    16.726     0.076
        53845.237341    16.579     0.126
        53848.241657    16.649     0.076
        53848.252102    16.610     0.078
        53848.262844    16.686     0.091
        53848.284199    16.671     0.080
        53849.249477    16.510     0.061
        53849.260210    16.343     0.061
        53849.270906    16.228     0.063
        53849.281599    16.110     0.061
        53849.292513    16.259     0.065
        53851.193512    16.654     0.066
        53851.203743    16.663     0.064
        53851.214014    16.470     0.069
        53851.224322    16.476     0.074
        53851.234661    16.538     0.074
        53852.253712    16.448     0.065
        53852.264072    16.591     0.074
        53852.274886    16.660     0.076
        53852.285259    16.623     0.076
        53852.296955    16.733     0.081
        53855.201565    16.568     0.065
        53855.212239    16.782     0.068
        53855.222936    16.545     0.068
        53855.233589    16.549     0.067
        53855.244286    16.540     0.068
        53858.215819    16.617     0.128
        53858.225974    16.640     0.141
        53858.236260    16.713     0.131
        53880.157896    16.567     0.078
        53880.169039    16.402     0.080
        53880.180236    16.253     0.083
        53880.191395    16.221     0.081
        53880.202579    16.335     0.087
        53881.162352    16.502     0.066
        53881.172303    16.512     0.069
        53881.182531    16.454     0.066
        53881.194936    16.541     0.069
        53881.205024    16.908     0.101
        53883.167957    16.652     0.080
        53883.181013    16.630     0.078
        53883.193437    16.655     0.076
        53883.204841    16.726     0.085
        53883.216348    16.645     0.081
        53885.159881    16.512     0.076
        53885.172061    16.416     0.072
        53885.184149    16.437     0.076
        53885.196274    16.535     0.085
        53885.208404    16.547     0.087
        53886.159652    16.367     0.068
        53886.169577    16.551     0.081
        53886.179604    16.469     0.076
        53886.192214    16.598     0.096
        53886.202021    16.592     0.097
        54058.448067    16.599     0.083
        54058.460826    16.542     0.086
        54058.473414    16.554     0.081
        54058.485900    16.605     0.074
        54058.498299    16.652     0.078
        54061.454796    16.439     0.054
        54061.492458    16.425     0.054
        54064.444284    16.441     0.074
        54064.459284    16.648     0.078
        54064.473392    16.639     0.083
        54064.486462    16.311     0.069
        54064.499037    16.264     0.068
        54066.433218    16.789     0.094
        54066.458086    16.708     0.074
        54067.470595    16.521     0.044
        54084.492940    16.591     0.057
        54084.506673    16.578     0.063
        54084.520399    16.383     0.061
        54087.462843    16.524     0.083
        54112.435218    16.718     0.092
        54112.447938    16.620     0.087
        54112.460820    16.923     0.175
        54112.473449    16.576     0.089
        54112.486084    16.607     0.081
        54121.392737    16.487     0.056
        54121.405481    16.556     0.061
        54121.417992    16.576     0.064
        54121.430558    16.507     0.068
        54121.443067    16.586     0.069
        54144.330118    16.558     0.063
        54144.342041    16.478     0.058
        54144.353962    16.559     0.068
        54144.365937    16.970     0.086
        54144.378196    16.589     0.069
        54149.336506    16.713     0.061
        54149.348517    16.481     0.056
        54149.360937    16.635     0.053
        54149.373067    16.719     0.083
        54149.385042    16.437     0.051
        54153.346383    16.703     0.059
        54153.358117    16.572     0.066
        54153.369872    16.633     0.068
        54153.381802    16.613     0.106
        54175.319306    16.522     0.044
        54175.330078    16.475     0.044
        54175.351455    16.489     0.046
        54175.362141    16.449     0.044
        54201.238601    16.510     0.078
        54201.247936    16.544     0.078
        54201.257169    16.490     0.069
        54201.266424    16.517     0.073
        54201.275712    16.360     0.074
        54207.225338    16.578     0.057
        54207.234479    16.506     0.057
        54207.243732    16.476     0.052
        54207.252871    16.468     0.050
        54207.262410    16.500     0.048
        54210.223781    16.534     0.054
        54210.232705    16.488     0.054
        54210.250513    16.519     0.057
        54210.259424    16.506     0.055
        54424.455233    16.410     0.043
        54447.463520    16.369     0.035
        54447.490348    16.444     0.061
        54454.395984    16.502     0.050
        54454.409276    16.496     0.044
        54454.422440    16.530     0.039
        54475.392808    16.465     0.052
        54483.329001    16.456     0.067
        54483.342070    16.473     0.063
        54483.355134    16.450     0.061
        54483.381554    16.448     0.061
        54495.458909    16.601     0.044
        54495.484151    16.355     0.044
        54495.496765    16.196     0.046
        54495.509366    16.170     0.050
        54524.397453    16.474     0.041
        54524.409420    16.479     0.041
        54524.421103    16.440     0.043
        54524.432828    16.502     0.046
        54559.179630    16.463     0.039
        54559.191194    16.472     0.037
        54559.214324    16.467     0.037
        54581.207881    16.462     0.046
        54586.195785    16.453     0.067
        54586.205979    16.544     0.046
        54586.216169    16.402     0.065
        54586.236673    16.538     0.052
        54594.215260    16.470     0.048
        54594.225600    16.460     0.050
        54594.235939    16.498     0.055
        54594.246261    16.465     0.054
        54618.162158    16.538     0.050
        54618.172349    16.744     0.054
        54618.182565    16.709     0.054
        54618.192794    16.542     0.052
        54618.202973    16.488     0.050
