        52681.386404    15.478     0.043
        52681.401643    15.568     0.018
        52681.416300    15.591     0.018
        52696.411652    15.660     0.028
        52696.425310    15.709     0.043
        52696.425925    15.514     0.033
        52723.368689    15.764     0.045
        52752.292747    15.486     0.026
        52752.304388    15.492     0.028
        52752.315019    15.535     0.028
        52752.325690    15.531     0.028
        52752.336401    15.575     0.028
        52772.217981    15.933     0.083
        52772.229769    15.889     0.083
        52772.241467    15.841     0.076
        52772.253030    15.925     0.074
        52772.264795    15.925     0.078
        52800.219554    15.666     0.067
        52800.229887    15.725     0.072
        52800.240036    15.673     0.065
        52800.250142    15.709     0.074
        52810.222246    15.852     0.109
        52810.232128    15.955     0.080
        52810.251759    15.836     0.037
        52812.225414    15.660     0.028
        52812.235499    15.657     0.028
        52812.245482    15.675     0.030
        52812.255726    15.722     0.030
        52812.265733    15.722     0.030
        52827.174835    15.676     0.055
        52827.184887    15.675     0.052
        52839.169646    15.753     0.039
        52839.189737    15.691     0.035
        53023.400665    15.699     0.025
        53023.413779    15.569     0.020
        53023.425856    15.569     0.020
        53023.437904    15.520     0.020
        53023.449953    15.490     0.018
        53035.430777    15.405     0.018
        53035.443067    15.404     0.045
        53035.455435    15.438     0.020
        53035.467745    15.434     0.020
        53037.416085    15.861     0.031
        53037.428460    15.835     0.030
        53037.440871    15.845     0.030
        53037.453846    15.811     0.028
        53037.468147    15.821     0.028
        53046.408700    15.806     0.039
        53046.421209    15.821     0.039
        53046.433171    15.737     0.037
        53046.445076    15.927     0.048
        53046.457654    15.896     0.048
        53107.298228    15.560     0.020
        53107.309392    15.535     0.020
        53107.320532    15.549     0.018
        53107.331570    15.561     0.020
        53107.342641    15.582     0.018
        53108.243589    15.786     0.028
        53108.254727    15.817     0.028
        53108.265771    15.811     0.028
        53108.276889    15.834     0.028
        53108.287928    15.856     0.028
        53109.292551    15.889     0.028
        53109.303289    15.861     0.026
        53109.313997    15.801     0.026
        53109.324820    15.680     0.024
        53109.335563    15.600     0.022
        53110.292578    15.611     0.024
        53110.303396    15.601     0.024
        53110.314196    15.661     0.024
        53110.335798    15.663     0.024
        53127.249209    15.814     0.072
        53127.259269    15.763     0.068
        53127.269230    15.586     0.052
        53127.279257    15.569     0.046
        53127.289224    15.559     0.046
        53136.245936    15.583     0.026
        53136.255271    15.597     0.026
        53136.264738    15.538     0.024
        53136.274009    15.463     0.024
        53136.283284    15.433     0.022
        53137.244066    15.637     0.026
        53137.253859    15.666     0.026
        53137.263711    15.664     0.026
        53137.273527    15.658     0.026
        53137.283346    15.652     0.026
        53154.251571    15.422     0.030
        53154.260334    15.426     0.030
        53154.269146    15.413     0.030
        53154.277957    15.412     0.030
        53154.286756    15.417     0.030
        53164.222212    15.717     0.024
        53164.232386    15.732     0.024
        53164.242617    15.759     0.028
        53164.252798    15.778     0.028
        53164.262979    15.786     0.028
        53194.205934    15.942     0.089
        53358.478010    15.761     0.035
        53358.492456    15.697     0.033
        53358.506949    15.714     0.031
        53358.521506    15.788     0.033
        53422.348467    15.905     0.059
        53422.360449    15.910     0.057
        53422.372443    15.855     0.067
        53450.342957    15.613     0.035
        53450.353743    15.719     0.037
        53450.364982    15.677     0.035
        53450.376154    15.717     0.035
        53537.221377    15.714     0.131
        53537.231331    15.730     0.100
        53537.261486    15.967     0.089
        53553.178862    15.641     0.033
        53553.189390    15.641     0.033
        53553.200084    15.561     0.031
        53553.210628    15.535     0.030
        53553.221248    15.492     0.028
        53583.158994    15.403     0.067
        53583.170288    15.428     0.028
        53583.181559    15.492     0.028
        53583.192826    15.489     0.030
        53583.204101    15.503     0.030
        53728.470175    15.833     0.039
        53728.483763    15.818     0.041
        53728.497545    15.831     0.037
        53728.510797    15.824     0.039
        53728.524040    15.851     0.041
        53742.479305    15.617     0.020
        53742.492247    15.655     0.020
        53742.505233    15.651     0.018
        53742.518160    15.661     0.018
        53742.531139    15.684     0.018
        53772.417276    15.716     0.031
        53772.430002    15.687     0.030
        53772.442740    15.702     0.031
        53772.455689    15.744     0.031
        53772.468531    15.718     0.031
        53807.339077    15.458     0.039
        53807.350216    15.456     0.037
        53807.361350    15.408     0.043
        53807.372495    15.491     0.039
        53825.293063    15.534     0.021
        53825.304176    15.544     0.023
        53825.316224    15.566     0.021
        53825.327424    15.565     0.023
        53825.338561    15.602     0.026
        53843.307789    15.658     0.039
        53843.319053    15.679     0.043
        53843.330333    15.718     0.043
        53843.341598    15.713     0.043
        53843.352905    15.730     0.044
        53855.247948    15.656     0.031
        53855.258133    15.638     0.031
        53855.268358    15.619     0.030
        53855.278534    15.654     0.031
        53855.288829    15.686     0.031
        53878.242212    15.497     0.035
        53878.252963    15.433     0.031
        53878.263708    15.518     0.033
        53878.274687    15.464     0.031
        53878.286514    15.456     0.031
        53892.227689    15.887     0.089
        53892.247802    15.893     0.089
        53892.257878    15.939     0.094
        53903.233362    15.750     0.038
        53903.242828    15.749     0.040
        53903.252595    15.775     0.041
        53903.262301    15.757     0.041
        53903.271898    15.732     0.041
        53917.195300    15.510     0.073
        53917.205112    15.514     0.083
        53917.214993    15.566     0.061
        53932.182463    15.553     0.056
        53932.192895    15.514     0.071
        53932.206209    15.635     0.053
        53932.216490    15.587     0.036
        53944.193997    15.734     0.068
        53944.204915    15.663     0.054
        54086.436505    15.887     0.061
        54086.450265    15.819     0.054
        54086.463610    15.893     0.058
        54086.478738    15.870     0.053
        54086.491970    15.893     0.051
        54109.469254    15.796     0.097
        54169.330072    15.869     0.037
        54169.341615    15.850     0.037
        54169.352848    15.873     0.037
        54169.364081    15.882     0.037
        54169.375450    15.899     0.035
        54200.289489    15.388     0.018
        54200.309792    15.409     0.018
        54200.320085    15.428     0.018
        54209.265155    15.433     0.092
        54209.274265    15.445     0.036
        54209.283177    15.465     0.038
        54209.291957    15.461     0.045
        54209.300837    15.528     0.066
        54217.252271    15.822     0.044
        54217.260910    15.837     0.044
        54217.269606    15.921     0.048
        54217.278257    15.881     0.050
        54217.286897    15.862     0.048
        54218.272805    15.448     0.048
        54218.281778    15.469     0.048
        54218.290559    15.481     0.048
        54218.299431    15.514     0.049
        54218.308710    15.575     0.051
        54509.388413    15.915     0.036
        54509.400567    15.906     0.036
        54509.412499    15.906     0.038
        54509.424423    15.935     0.038
        54509.436352    15.954     0.040
        54527.345086    15.893     0.036
        54527.358783    15.882     0.036
        54536.327607    15.936     0.040
        54536.338615    15.967     0.040
        54536.349557    15.953     0.040
        54536.360474    15.930     0.038
        54536.371377    16.005     0.041
        54555.245440    15.448     0.033
        54555.257292    15.498     0.035
        54555.268931    15.455     0.033
        54555.280664    15.512     0.035
        54555.292524    15.514     0.033
        54560.305175    15.891     0.045
        54560.317567    15.860     0.045
        54560.329122    15.864     0.045
        54560.340615    15.857     0.043
        54560.352104    15.791     0.040
        54584.248044    16.003     0.051
        54584.258036    15.962     0.049
        54584.268340    15.876     0.046
        54584.278326    15.763     0.041
        54615.220020    15.618     0.051
        54615.230501    15.747     0.056
        54615.240873    15.787     0.056
        54615.251116    15.763     0.059
        54615.261521    15.734     0.054
