        52667.467941    15.359     0.025
        52667.483160    15.348     0.025
        52667.497798    15.435     0.028
        52667.512404    15.465     0.026
        52667.527017    15.410     0.026
        52676.433608    15.329     0.026
        52676.449846    14.750     0.015
        52676.465281    14.456     0.012
        52676.480360    14.537     0.013
        52676.495604    14.619     0.013
        52707.383743    15.279     0.018
        52707.396914    15.285     0.018
        52707.410980    15.318     0.018
        52707.424167    15.323     0.018
        52707.437438    15.312     0.020
        52711.367267    15.250     0.025
        52711.367623    15.326     0.031
        52711.380342    15.283     0.023
        52711.380698    15.302     0.030
        52711.394351    15.357     0.030
        52711.407704    15.351     0.023
        52711.408060    15.321     0.026
        52711.421516    15.272     0.026
        52725.431915    14.601     0.011
        52725.443672    14.711     0.011
        52725.455424    14.756     0.011
        52725.467121    14.836     0.013
        52725.478826    14.901     0.013
        52738.303608    14.487     0.009
        52738.315099    14.545     0.009
        52738.326608    14.546     0.009
        52738.338315    14.627     0.009
        52738.350045    14.678     0.009
        52739.295395    14.987     0.017
        52739.302741    15.016     0.018
        52739.307235    15.034     0.017
        52739.314512    15.053     0.018
        52739.314626    15.130     0.026
        52739.319028    15.046     0.017
        52739.326383    15.153     0.028
        52739.330817    15.094     0.017
        52739.337887    15.116     0.020
        52739.338001    15.185     0.030
        52739.342638    15.104     0.017
        52739.349986    15.166     0.020
        52739.350100    15.226     0.030
        52755.269701    14.792     0.013
        52755.281711    14.845     0.013
        52755.293617    14.906     0.015
        52755.305479    14.984     0.015
        52755.317448    14.985     0.015
        52769.269619    15.371     0.033
        52769.304463    15.361     0.033
        52794.221708    15.335     0.018
        52794.221889    15.368     0.026
        52794.232020    15.332     0.018
        52794.232202    15.313     0.026
        52794.242540    15.351     0.018
        52794.242722    15.380     0.028
        52794.253080    15.337     0.020
        52794.253263    15.376     0.030
        52794.263808    15.342     0.018
        52819.218593    15.482     0.025
        52819.218772    15.491     0.036
        52824.177145    14.471     0.011
        52824.187053    14.487     0.011
        52824.196892    14.591     0.013
        52824.206824    14.695     0.013
        52824.216675    14.721     0.015
        53006.459858    15.319     0.024
        53006.472046    15.350     0.024
        53006.484316    15.310     0.022
        53006.496592    15.289     0.037
        53006.508786    15.324     0.052
        53033.405455    15.073     0.018
        53033.418158    15.110     0.018
        53033.430455    15.152     0.018
        53033.442913    15.172     0.018
        53033.455150    15.233     0.018
        53053.412678    15.029     0.013
        53053.424469    15.042     0.015
        53053.436168    15.110     0.017
        53053.448526    15.118     0.030
        53053.460232    15.151     0.022
        53064.365423    15.434     0.024
        53064.413612    14.549     0.013
        53079.368533    15.341     0.018
        53079.379843    15.337     0.018
        53079.391058    15.330     0.017
        53079.402664    15.333     0.017
        53079.413465    15.350     0.017
        53089.335707    14.376     0.030
        53089.346299    14.566     0.009
        53110.296598    14.781     0.013
        53110.307415    14.801     0.013
        53110.318217    14.860     0.013
        53110.329018    14.933     0.013
        53110.339818    14.975     0.015
        53119.298683    15.174     0.013
        53119.308691    15.184     0.013
        53119.319420    15.222     0.013
        53119.329653    15.251     0.015
        53119.339646    15.227     0.015
        53138.253318    14.814     0.013
        53138.262863    14.545     0.011
        53138.272422    14.518     0.009
        53138.282055    14.520     0.009
        53138.291601    14.588     0.011
        53149.245669    15.339     0.018
        53149.254280    15.329     0.018
        53149.262904    15.369     0.016
        53149.271524    15.352     0.016
        53149.280234    15.343     0.016
        53166.244181    15.466     0.022
        53166.253628    15.428     0.022
        53166.263078    15.371     0.020
        53166.272529    15.169     0.018
        53166.282068    14.832     0.013
        53447.360183    15.314     0.018
        53447.370576    15.446     0.078
        53447.392289    15.350     0.018
        53447.403202    15.376     0.018
        53468.431444    14.710     0.013
        53468.441508    14.798     0.013
        53468.453506    14.831     0.015
        53468.462967    14.871     0.015
        53473.330055    14.734     0.013
        53473.341412    14.787     0.013
        53473.352128    14.852     0.015
        53473.361994    14.887     0.015
        53473.373260    14.932     0.015
        53503.326934    15.341     0.017
        53503.335956    15.340     0.018
        53503.346326    15.364     0.018
        53503.357195    15.356     0.020
        53503.366368    15.319     0.022
        53522.219332    14.495     0.011
        53522.229577    14.527     0.011
        53522.239860    14.589     0.011
        53522.250075    14.613     0.011
        53522.260356    14.674     0.013
        53747.474900    15.100     0.039
        53747.487941    15.165     0.035
        53747.500975    15.181     0.031
        53747.514192    15.154     0.026
        53747.527211    15.195     0.033
        53790.408429    15.333     0.021
        53790.420518    15.387     0.021
        53790.432241    15.446     0.021
        53790.444449    15.443     0.021
        53790.456394    15.377     0.020
        53799.399454    14.463     0.008
        53799.411391    14.527     0.008
        53799.423352    14.608     0.010
        53799.435295    14.669     0.010
        53799.447235    14.755     0.012
        53818.344354    15.355     0.020
        53818.355755    15.337     0.020
        53818.367034    15.325     0.020
        53818.378203    15.345     0.020
        53818.389376    15.324     0.020
        53845.298558    14.908     0.016
        53845.309719    14.954     0.025
        53845.321116    15.007     0.021
        53845.332455    15.031     0.021
        53845.343618    15.050     0.023
        53851.291399    15.326     0.025
        53851.301721    15.369     0.026
        53851.312151    15.366     0.025
        53851.322619    15.405     0.026
        53851.333246    15.372     0.025
        53880.216908    15.303     0.026
        53880.228125    15.354     0.026
        53880.239356    15.331     0.026
        53880.250593    15.366     0.026
        53880.261865    15.338     0.026
        53885.223253    15.337     0.028
        53885.235248    15.020     0.020
        53885.247233    14.637     0.015
        53885.259378    14.484     0.013
        53885.271458    14.519     0.013
        53901.228723    15.435     0.040
        53901.248581    15.257     0.046
        53901.258411    14.935     0.030
        53912.188703    15.405     0.033
        53912.198382    15.351     0.028
        53912.208176    15.388     0.028
        53912.218179    15.386     0.038
        53937.184176    15.393     0.038
        53937.194306    15.382     0.035
        54112.502719    15.332     0.035
        54112.515308    15.361     0.035
        54112.527894    15.392     0.035
        54152.405445    15.234     0.017
        54152.417332    15.270     0.017
        54152.429285    15.291     0.017
        54152.441202    15.289     0.015
        54152.453131    15.325     0.017
        54173.325893    15.307     0.021
        54173.336714    15.343     0.021
        54173.347339    15.314     0.026
        54173.357967    15.344     0.020
        54173.368943    15.331     0.020
        54185.349239    15.307     0.026
        54185.359708    15.396     0.028
        54185.369934    15.404     0.049
        54201.327306    15.222     0.023
        54201.336633    15.231     0.023
        54201.345893    15.313     0.025
        54201.355427    15.271     0.023
        54201.365050    15.314     0.025
        54478.472278    15.159     0.011
        54478.485373    15.168     0.013
        54478.498473    15.208     0.017
        54478.511556    15.227     0.013
        54544.306789    15.189     0.028
        54544.317434    15.190     0.028
        54558.257475    15.318     0.024
        54558.269170    15.314     0.020
        54558.280736    15.357     0.022
        54558.292327    15.313     0.022
        54568.294124    15.036     0.015
        54568.305067    15.068     0.015
        54568.316028    15.074     0.015
        54568.326966    15.113     0.015
        54568.337946    15.145     0.015
        54580.299670    15.043     0.028
        54580.309916    15.044     0.028
        54580.320252    15.062     0.030
        54580.330492    15.097     0.030
        54580.340718    15.195     0.030
        54588.294327    14.965     0.013
        54588.304894    15.018     0.013
        54588.315592    15.045     0.013
        54588.326113    15.082     0.015
        54588.336619    15.111     0.015
        54591.244480    15.406     0.043
        54591.254064    15.473     0.045
        54591.263668    15.460     0.043
        54591.273267    15.478     0.041
        54591.282967    15.237     0.038
        54597.256683    15.148     0.024
        54597.267273    15.144     0.022
        54597.277966    15.163     0.024
        54597.288625    15.173     0.024
        54597.299273    15.226     0.024
        54611.239832    15.360     0.038
        54611.248074    15.388     0.038
        54611.256336    15.463     0.040
        54611.264591    15.429     0.040
        54611.272885    15.495     0.043
        54620.221171    14.741     0.013
        54620.231392    14.483     0.011
        54620.241571    14.484     0.011
        54620.251787    14.555     0.011
        54620.261968    14.579     0.011
