        52651.491190    16.743     0.120
        52665.459434    17.015     0.087
        52665.473733    17.056     0.089
        52665.488029    17.093     0.087
        52665.502430    17.094     0.087
        52665.516753    17.090     0.083
        52677.455622    16.895     0.080
        52677.469879    16.952     0.085
        52677.484169    16.969     0.083
        52677.498448    16.844     0.072
        52677.512772    17.108     0.093
        52697.478098    16.930     0.066
        52706.382557    16.654     0.064
        52706.395658    16.716     0.069
        52706.408758    16.683     0.068
        52706.422206    16.759     0.073
        52706.435312    16.729     0.069
        52724.366099    17.197     0.081
        52724.377669    17.238     0.085
        52724.389223    17.152     0.083
        52724.400777    17.203     0.087
        52724.412393    16.979     0.072
        52753.319897    17.106     0.091
        52753.331914    17.029     0.081
        52753.343940    17.019     0.080
        52753.355978    17.178     0.093
        52753.368045    17.125     0.089
        52771.270967    17.017     0.135
        52771.283068    16.973     0.130
        52771.294735    16.858     0.117
        52771.306428    17.165     0.152
        52771.318195    17.072     0.139
        52787.266942    17.270     0.094
        52787.277719    17.163     0.089
        52787.288325    17.145     0.089
        52787.298963    17.204     0.100
        52787.309699    17.252     0.105
        52811.224417    16.909     0.079
        52811.224959    16.816     0.106
        52811.234220    16.897     0.074
        52811.244033    16.848     0.073
        52811.244575    16.723     0.097
        52811.253839    16.776     0.066
        52811.254382    16.709     0.094
        52811.263671    16.918     0.073
        52811.264214    16.845     0.106
        52826.178793    16.794     0.093
        52826.188775    16.727     0.089
        52826.198779    16.804     0.093
        52826.208653    16.779     0.091
        52826.218490    16.820     0.087
        52842.177060    16.982     0.126
        52842.187624    17.083     0.142
        52847.164141    17.185     0.142
        52847.184522    17.182     0.139
        52847.194674    17.331     0.203
        52847.205263    17.286     0.148
        53034.461424    17.019     0.087
        53034.473891    17.012     0.083
        53034.486213    17.025     0.083
        53034.498799    17.031     0.081
        53034.511180    16.966     0.074
        53050.389060    16.896     0.148
        53050.400781    16.947     0.104
        53050.412464    17.024     0.070
        53050.424283    17.059     0.068
        53050.435926    17.061     0.068
        53078.338255    17.160     0.089
        53078.348985    17.175     0.089
        53094.387859    16.926     0.054
        53094.398548    16.870     0.050
        53094.408868    16.905     0.050
        53094.419275    16.958     0.050
        53094.429538    17.018     0.052
        53109.298779    16.613     0.052
        53109.309489    16.671     0.055
        53109.320198    16.651     0.054
        53109.331051    16.725     0.057
        53109.341854    16.712     0.055
        53137.251806    16.896     0.076
        53137.261660    16.895     0.076
        53137.271472    16.941     0.078
        53137.281259    16.927     0.078
        53137.291082    16.939     0.081
        53165.234237    17.139     0.115
        53165.244237    17.034     0.085
        53165.254334    16.991     0.085
        53165.264329    17.142     0.105
        53242.133873    16.820     0.106
        53242.143974    16.826     0.111
        53242.154501    16.855     0.122
        53242.164462    16.797     0.120
        53242.174426    16.659     0.109
        53442.318927    16.975     0.081
        53442.329751    17.011     0.081
        53442.340589    17.103     0.085
        53442.351425    17.088     0.083
        53442.362244    17.102     0.083
        53443.439678    16.921     0.124
        53443.450811    16.848     0.096
        53443.461617    17.131     0.259
        53443.472395    16.878     0.081
        53443.483200    16.928     0.072
        53473.439146    17.164     0.104
        53473.448834    17.155     0.107
        53473.458507    17.055     0.100
        53500.298796    16.883     0.070
        53500.310808    16.869     0.070
        53500.321642    16.873     0.070
        53500.331988    16.880     0.074
        53500.343288    16.941     0.078
        53528.228770    17.059     0.113
        53528.239793    16.998     0.105
        53528.250422    17.108     0.111
        53528.261265    17.076     0.111
        53528.271643    17.125     0.113
        53539.220999    17.189     0.226
        53539.230575    17.234     0.235
        53539.240168    17.168     0.222
        53539.249731    17.195     0.228
        53539.259292    17.079     0.205
        53553.182399    17.099     0.118
        53553.193091    17.115     0.120
        53553.203636    17.061     0.111
        53553.214182    17.088     0.111
        53553.224793    17.056     0.111
        53570.172209    17.280     0.239
        53570.182811    17.253     0.229
        53570.193406    17.212     0.229
        53570.204012    17.466     0.294
        53570.214625    17.439     0.302
        53576.168937    17.037     0.087
        53576.201746    17.243     0.120
        53582.162946    17.032     0.161
        53582.185395    17.078     0.117
        53582.196642    17.088     0.120
        53582.207865    17.031     0.135
        53740.479321    16.827     0.072
        53740.492060    16.848     0.074
        53740.504970    16.889     0.072
        53740.517820    16.910     0.074
        53740.530761    16.966     0.078
        53771.531157    16.997     0.189
        53786.425770    16.782     0.137
        53786.437993    16.826     0.083
        53786.450034    16.848     0.081
        53843.318436    16.642     0.091
        53843.329742    16.511     0.083
        53843.341313    16.554     0.084
        53843.353084    16.674     0.096
        53843.364456    16.685     0.096
        53882.263388    17.005     0.101
        53882.274049    17.089     0.107
        53882.284880    17.055     0.106
        53882.295679    16.972     0.094
        53882.306330    16.987     0.094
        53886.276458    16.862     0.096
        53886.287525    16.852     0.100
        53886.298621    16.829     0.094
        53886.309648    16.822     0.096
        53886.320698    16.900     0.104
        53903.224871    16.746     0.094
        53903.234786    16.824     0.102
        53903.244771    16.718     0.094
        53903.254750    16.786     0.098
        53903.264723    16.737     0.098
        53916.234473    17.115     0.175
        53916.244363    17.243     0.129
        53916.254110    17.005     0.106
        53931.178739    17.060     0.145
        53931.188976    17.229     0.165
        53931.209153    17.083     0.226
        53931.219230    17.251     0.186
        53971.134267    17.171     0.333
        53971.145402    17.025     0.155
        53971.156395    17.090     0.158
        53971.167034    16.994     0.157
        53971.177682    17.214     0.198
        54123.446327    16.801     0.059
        54123.459045    16.866     0.057
        54123.471433    16.759     0.052
        54123.483858    16.951     0.059
        54123.496285    16.692     0.048
        54156.376211    16.954     0.096
        54156.387209    16.980     0.091
        54156.398249    17.040     0.087
        54156.409230    17.039     0.084
        54156.420536    17.085     0.086
        54206.316133    16.761     0.073
        54206.325447    16.721     0.069
        54206.334785    16.752     0.071
        54206.344309    16.826     0.078
        54206.353679    16.781     0.074
        54529.328262    16.609     0.069
        54529.339655    16.648     0.073
        54529.350841    16.594     0.066
        54529.362043    16.615     0.068
        54529.373259    16.632     0.068
        54562.250329    17.038     0.125
        54562.262221    17.262     0.147
        54562.275826    17.317     0.144
        54562.287738    17.177     0.125
        54562.299171    17.230     0.132
        54574.293103    16.907     0.135
        54574.303778    16.778     0.122
        54574.314444    16.979     0.142
        54574.325134    17.001     0.142
        54574.335818    17.053     0.148
        54582.294402    17.217     0.155
        54582.304605    17.229     0.165
        54582.315413    17.181     0.150
        54582.325576    17.027     0.134
        54582.335740    16.891     0.122
        54613.257427    17.045     0.119
        54613.267726    17.062     0.122
        54613.278132    17.264     0.144
        54613.288632    17.290     0.149
        54613.298914    17.178     0.132
