        52652.486771    15.172     0.020
        52652.501922    15.187     0.018
        52652.517133    15.267     0.020
        52681.422786    15.250     0.020
        52681.467627    15.192     0.018
        52681.482361    15.271     0.023
        52723.362915    15.160     0.056
        52752.299789    15.354     0.025
        52752.310614    15.267     0.023
        52752.332004    15.202     0.021
        52752.342684    15.167     0.021
        52772.376803    15.454     0.043
        52800.223840    15.236     0.039
        52800.234026    15.242     0.039
        52800.244143    15.276     0.041
        52800.254340    15.323     0.043
        52800.264498    15.470     0.052
        52810.236460    15.374     0.028
        52810.246285    15.314     0.020
        52812.229859    15.285     0.018
        52812.239842    15.260     0.018
        52812.250056    15.230     0.018
        52812.260071    15.190     0.017
        52812.270032    15.191     0.017
        52839.173868    15.588     0.050
        52839.183907    15.585     0.028
        52872.137790    15.420     0.033
        53023.455211    15.211     0.015
        53023.467271    15.249     0.015
        53023.479449    15.323     0.016
        53023.491474    15.459     0.016
        53023.503547    15.541     0.018
        53035.474117    15.144     0.015
        53035.486262    15.160     0.016
        53035.498512    15.174     0.016
        53035.510686    15.232     0.018
        53035.522908    15.303     0.018
        53037.475154    15.217     0.016
        53037.487522    15.234     0.016
        53037.500506    15.298     0.016
        53037.513490    15.440     0.018
        53037.526117    15.553     0.020
        53046.414671    15.304     0.024
        53046.426691    15.249     0.022
        53046.438596    15.165     0.020
        53046.451118    15.172     0.020
        53046.463076    15.159     0.020
        53079.472584    15.532     0.020
        53079.483378    15.493     0.020
        53079.494329    15.351     0.018
        53079.505752    15.239     0.017
        53107.303126    15.183     0.013
        53107.314287    15.208     0.015
        53107.336467    15.371     0.015
        53107.347538    15.482     0.017
        53108.298769    15.462     0.020
        53108.298857    15.467     0.020
        53108.309727    15.340     0.018
        53108.309816    15.362     0.018
        53108.320604    15.256     0.017
        53108.320692    15.269     0.017
        53108.331662    15.209     0.017
        53108.331750    15.216     0.017
        53108.342557    15.169     0.015
        53108.342645    15.184     0.015
        53109.346048    15.498     0.020
        53109.356941    15.485     0.020
        53109.367843    15.413     0.018
        53109.378799    15.307     0.017
        53109.390033    15.242     0.017
        53110.346345    15.150     0.015
        53110.357181    15.171     0.015
        53110.368248    15.229     0.017
        53110.379080    15.263     0.017
        53110.390095    15.388     0.020
        53127.294427    15.232     0.030
        53127.304461    15.292     0.031
        53127.314554    15.380     0.031
        53127.324861    15.502     0.037
        53127.334929    15.566     0.039
        53136.287644    15.232     0.018
        53136.296939    15.266     0.020
        53136.306262    15.352     0.018
        53136.315725    15.452     0.022
        53136.325042    15.496     0.022
        53154.255865    15.176     0.022
        53154.264626    15.185     0.022
        53154.273512    15.199     0.022
        53154.282308    15.264     0.024
        53154.291069    15.325     0.024
        53164.226511    15.470     0.018
        53164.236685    15.494     0.020
        53164.246919    15.508     0.022
        53164.257105    15.417     0.020
        53164.267280    15.317     0.017
        53181.240566    15.169     0.016
        53181.250282    15.176     0.018
        53181.260061    15.201     0.018
        53181.269750    15.233     0.018
        53194.220270    15.192     0.031
        53194.230287    15.196     0.030
        53194.250385    15.371     0.030
        53194.260418    15.487     0.031
        53422.401599    15.203     0.048
        53422.413553    15.176     0.041
        53422.425485    15.163     0.052
        53422.438035    15.143     0.026
        53422.449955    15.136     0.022
        53450.381337    15.270     0.024
        53450.391919    15.369     0.026
        53450.402460    15.465     0.028
        53450.413004    15.506     0.030
        53450.423568    15.484     0.028
        53475.318707    15.211     0.018
        53475.328526    15.193     0.018
        53475.338345    15.183     0.017
        53475.348701    15.168     0.017
        53475.359535    15.180     0.017
        53520.281817    15.268     0.022
        53520.292353    15.204     0.020
        53520.302921    15.172     0.037
        53537.225480    15.154     0.039
        53537.265597    15.202     0.041
        53605.138757    15.227     0.020
        53605.149789    15.309     0.022
        53605.160826    15.445     0.030
        53605.171862    15.484     0.035
        53605.182899    15.506     0.044
        53772.476790    15.164     0.017
        53772.489796    15.111     0.017
        53772.502533    15.085     0.017
        53772.515337    15.101     0.017
        53772.528240    15.125     0.017
        53807.389078    15.172     0.028
        53807.422406    15.121     0.044
        53825.343472    15.403     0.053
        53825.354754    15.336     0.031
        53825.366542    15.225     0.038
        53825.377731    15.165     0.028
        53825.388994    15.122     0.030
        53843.312840    15.509     0.035
        53843.324107    15.531     0.037
        53843.335372    15.481     0.035
        53843.346660    15.421     0.033
        53843.357965    15.289     0.030
        53855.293721    15.127     0.018
        53855.303901    15.123     0.018
        53855.315113    15.163     0.020
        53855.325449    15.159     0.020
        53855.335609    15.233     0.020
        53855.342138    15.316     0.021
        53855.354130    15.438     0.025
        53855.355539    15.426     0.022
        53855.364434    15.441     0.025
        53855.365842    15.434     0.024
        53855.374724    15.450     0.026
        53855.376233    15.423     0.028
        53855.385006    15.438     0.026
        53855.386700    15.351     0.035
        53855.397053    15.283     0.024
        53878.290535    15.129     0.021
        53878.301153    15.132     0.021
        53878.311745    15.054     0.021
        53878.322305    15.121     0.021
        53878.333042    15.117     0.021
        53892.221568    15.162     0.037
        53892.231649    15.203     0.041
        53892.241708    15.281     0.043
        53892.251764    15.379     0.048
        53892.261846    15.389     0.048
        53903.237022    15.450     0.028
        53903.246606    15.433     0.028
        53903.256404    15.430     0.028
        53903.266026    15.360     0.026
        53903.275599    15.270     0.026
        53917.219141    15.156     0.033
        53917.228827    15.176     0.033
        53917.238752    15.198     0.035
        53917.248509    15.269     0.033
        53917.258250    15.436     0.038
        53932.196779    15.440     0.046
        53932.209838    15.451     0.049
        53932.220213    15.423     0.035
        53944.175576    15.152     0.051
        53944.186828    15.176     0.058
        53944.197777    15.151     0.031
        54109.474165    15.195     0.053
        54109.486042    15.148     0.049
        54169.380839    15.113     0.017
        54169.391894    15.128     0.017
        54169.402992    15.155     0.017
        54169.414208    15.217     0.017
        54169.425310    15.319     0.022
        54200.325439    15.064     0.013
        54200.335962    15.079     0.013
        54200.346664    15.111     0.015
        54200.357156    15.165     0.015
        54200.367604    15.233     0.017
        54209.305742    15.142     0.053
        54209.314544    15.128     0.033
        54209.323494    15.083     0.023
        54209.332575    15.106     0.035
        54209.341438    15.117     0.041
        54217.256718    15.085     0.020
        54217.265367    15.103     0.022
        54217.274053    15.132     0.022
        54217.282701    15.161     0.024
        54217.291342    15.221     0.024
        54218.277312    15.243     0.036
        54218.286305    15.166     0.033
        54218.295182    15.137     0.031
        54218.304217    15.098     0.028
        54218.313657    15.106     0.028
        54509.394501    15.108     0.020
        54509.406454    15.148     0.020
        54509.418383    15.202     0.021
        54509.430315    15.251     0.023
        54509.442275    15.424     0.025
        54536.376900    15.097     0.020
        54536.387778    15.127     0.020
        54536.398637    15.182     0.021
        54536.409493    15.230     0.021
        54536.420470    15.350     0.023
        54555.300189    15.200     0.025
        54555.314730    15.297     0.026
        54555.326484    15.422     0.028
        54555.338253    15.525     0.030
        54555.349958    15.560     0.031
        54560.309685    15.142     0.025
        54560.322087    15.157     0.025
        54560.333634    15.191     0.026
        54560.345119    15.245     0.028
        54560.356611    15.341     0.030
        54584.292591    15.307     0.028
        54584.302715    15.444     0.031
        54584.312983    15.461     0.031
        54584.323487    15.481     0.033
        54584.333469    15.416     0.031
