        52641.448496    15.843     0.031
        52641.464218    15.859     0.035
        52641.479003    15.868     0.035
        52641.493866    15.873     0.035
        52641.509529    15.840     0.033
        52646.456605    15.959     0.043
        52646.472303    15.907     0.039
        52646.486965    15.911     0.039
        52646.501988    15.853     0.035
        52646.516818    15.872     0.035
        52647.455734    15.875     0.041
        52647.470264    15.833     0.038
        52647.484781    15.889     0.040
        52647.499619    15.863     0.041
        52647.514230    15.920     0.083
        52668.393135    15.661     0.141
        52672.391949    15.907     0.033
        52672.406690    15.936     0.035
        52672.420765    15.953     0.035
        52672.435074    15.939     0.041
        52672.448947    16.088     0.102
        52673.365371    16.063     0.041
        52673.380282    16.095     0.043
        52673.395083    16.149     0.043
        52673.410167    16.084     0.040
        52673.425728    16.130     0.048
        52704.351564    16.130     0.046
        52704.364445    16.058     0.043
        52704.377335    16.066     0.045
        52704.390333    16.120     0.048
        52704.403250    16.054     0.046
        52705.306952    15.812     0.028
        52705.320864    15.798     0.028
        52705.343087    15.814     0.028
        52705.356199    15.808     0.030
        52705.370536    15.776     0.030
        52708.312055    15.837     0.035
        52708.325115    15.816     0.035
        52708.338156    15.848     0.035
        52708.351216    15.870     0.036
        52708.364292    15.888     0.038
        52709.306804    15.897     0.035
        52709.320151    15.958     0.037
        52709.333711    15.920     0.035
        52709.347307    15.942     0.037
        52709.360675    15.966     0.037
        52729.286448    15.996     0.035
        52729.298197    15.942     0.035
        52729.309746    15.881     0.033
        52729.321459    15.822     0.033
        52729.332995    15.815     0.033
        52734.259424    16.024     0.035
        52734.271789    16.002     0.041
        52734.296104    16.020     0.113
        52734.308266    15.933     0.179
        52737.247577    15.963     0.039
        52737.260347    16.016     0.041
        52737.272021    15.980     0.039
        52737.283876    16.076     0.041
        52737.295700    16.026     0.039
        52756.195156    16.081     0.041
        52756.206991    16.028     0.037
        52756.218857    16.015     0.039
        52756.230693    16.096     0.043
        52756.242534    16.043     0.043
        52758.206382    15.956     0.038
        52758.218318    15.916     0.036
        52758.230254    15.946     0.038
        52758.242399    15.975     0.040
        52758.254370    15.950     0.040
        52790.164220    15.789     0.083
        52790.185873    15.798     0.054
        52790.207245    15.844     0.049
        52986.456621    15.962     0.057
        52986.469582    15.996     0.057
        52986.482612    15.983     0.055
        52986.495756    16.022     0.055
        52986.508852    15.948     0.050
        52995.393884    15.886     0.026
        52995.406576    15.917     0.033
        52995.418981    15.905     0.025
        52995.431383    15.874     0.025
        52997.502749    15.835     0.048
        52997.516228    15.866     0.045
        53027.471039    16.029     0.021
        53027.484018    15.920     0.021
        53027.497732    15.878     0.020
        53027.510688    15.840     0.020
        53032.341092    15.881     0.030
        53032.353429    15.879     0.030
        53032.365758    15.890     0.030
        53032.378098    15.924     0.030
        53032.390488    15.926     0.030
        53054.362178    16.105     0.023
        53058.374766    15.782     0.018
        53058.399126    15.741     0.018
        53061.345753    15.885     0.020
        53061.370256    15.827     0.020
        53061.382463    15.783     0.021
        53061.394323    15.768     0.023
        53080.292389    15.774     0.028
        53080.303577    15.784     0.028
        53083.357893    15.807     0.025
        53083.392429    15.804     0.025
        53085.390361    16.157     0.064
        53085.402123    16.125     0.097
        53085.413203    16.122     0.163
        53085.424280    15.995     0.078
        53085.435450    16.048     0.092
        53114.297904    15.826     0.023
        53116.256754    16.151     0.051
        53116.267640    16.103     0.073
        53116.278624    16.018     0.106
        53116.300604    15.974     0.054
        53142.230372    15.892     0.035
        53142.250401    15.948     0.056
        53144.218150    15.770     0.046
        53144.227456    15.706     0.054
        53144.236851    15.792     0.070
        53144.246296    15.728     0.048
        53144.255591    15.642     0.046
        53327.446383    15.951     0.069
        53346.453240    15.945     0.070
        53346.466574    15.884     0.065
        53346.480253    15.913     0.067
        53346.492905    15.920     0.065
        53346.505047    16.018     0.068
        53347.494358    16.098     0.049
        53353.484509    16.091     0.049
        53353.498995    16.000     0.043
        53353.513245    15.906     0.040
        53383.412698    15.980     0.044
        53383.426026    15.970     0.041
        53383.439348    15.995     0.041
        53383.452683    15.984     0.041
        53383.467009    15.986     0.039
        53403.366055    15.787     0.035
        53403.379112    15.831     0.035
        53403.406860    15.777     0.036
        53403.420370    15.857     0.041
        53469.230914    16.026     0.037
        53469.240453    16.013     0.039
        53469.250321    15.988     0.037
        53469.260344    16.026     0.037
        53469.272067    16.049     0.037
        53504.148271    15.837     0.050
        53504.157548    15.687     0.039
        53504.166333    15.730     0.039
        53504.175072    15.707     0.039
        53504.183785    15.673     0.037
        53734.473089    16.083     0.043
        53734.486186    16.047     0.041
        53734.499603    16.033     0.041
        53734.512772    15.982     0.039
        53734.525739    15.913     0.037
        53758.403937    15.949     0.043
        53758.416481    15.947     0.043
        53758.429119    15.937     0.043
        53758.441768    16.000     0.044
        53758.454796    15.991     0.044
        53789.350053    15.984     0.181
        53789.361919    16.230     0.137
        53789.373803    16.029     0.083
        53789.385674    16.088     0.044
        53789.397539    16.115     0.048
        53792.347877    16.036     0.037
        53792.359649    16.090     0.050
        53792.371424    16.088     0.052
        53792.383210    16.159     0.054
        53792.394985    16.090     0.048
        53797.243053    15.823     0.030
        53802.338571    15.851     0.057
        53802.350120    15.776     0.039
        53802.361572    15.720     0.037
        53802.373259    15.746     0.048
        53802.384730    15.746     0.037
        53815.287138    15.840     0.063
        53815.298298    15.811     0.055
        53815.309474    15.815     0.039
        53815.320667    15.845     0.043
        53815.331858    15.817     0.044
        53821.303050    15.780     0.033
        53821.317077    15.820     0.065
        53821.330695    15.795     0.048
        53821.359272    15.782     0.059
        53824.399981    15.997     0.228
        53824.412537    16.083     0.302
        53828.354434    16.002     0.048
        53828.365548    15.952     0.076
        53828.377543    15.909     0.131
        53831.233602    15.934     0.050
        53831.244158    15.912     0.048
        53831.254395    15.928     0.050
        53831.264581    15.910     0.048
        53831.274599    15.978     0.050
        53833.227581    15.726     0.050
        53833.237431    15.766     0.054
        53833.267023    15.745     0.052
        53846.190828    15.804     0.031
        53846.212344    15.842     0.033
        53846.223058    15.875     0.033
        53846.233768    15.819     0.031
        53846.247778    15.864     0.052
        53846.258578    15.896     0.050
        53846.269383    15.889     0.052
        53846.280191    15.854     0.052
        53846.290994    15.888     0.054
        53851.244648    15.895     0.044
        53851.256118    15.933     0.046
        53851.267041    15.917     0.048
        53851.277206    15.954     0.052
        53851.287405    15.909     0.048
        53854.262606    15.926     0.050
        53854.276580    15.998     0.209
        53857.278027    15.906     0.050
        53857.290055    15.925     0.076
        53857.303414    15.962     0.065
        53857.315453    15.854     0.055
        53879.163435    15.756     0.025
        53879.174244    15.720     0.025
        53879.184978    15.713     0.026
        53879.196013    15.713     0.026
        53879.207341    15.710     0.026
        53885.159209    15.787     0.035
        53885.170372    15.758     0.035
        53885.191936    15.751     0.036
        53885.203224    15.710     0.035
        54082.470518    15.813     0.061
        54082.483307    15.816     0.057
        54082.496118    15.747     0.052
        54082.508920    15.680     0.046
        54113.391238    15.675     0.028
        54113.403777    15.687     0.030
        54113.417515    15.639     0.072
        54113.430433    15.707     0.035
        54113.442973    15.733     0.035
        54147.337218    15.818     0.031
        54147.349453    15.844     0.031
        54147.361512    15.875     0.033
        54147.374443    15.885     0.033
        54147.386670    15.850     0.033
        54153.331736    15.789     0.026
        54153.343320    15.787     0.026
        54153.354881    15.819     0.030
        54153.366442    15.820     0.039
        54153.378015    15.808     0.041
        54157.323992    15.906     0.033
        54157.335628    15.873     0.033
        54157.347272    15.884     0.033
        54157.358915    15.918     0.033
        54157.370572    15.936     0.033
        54174.319158    15.847     0.030
        54174.329885    15.810     0.044
        54174.340600    15.761     0.030
        54174.351285    15.756     0.030
        54174.361964    15.677     0.028
        54175.274001    15.854     0.035
        54175.285325    15.884     0.035
        54175.296113    15.851     0.033
        54175.306995    15.892     0.035
        54175.317816    15.875     0.035
        54177.339331    15.816     0.096
        54177.351455    15.741     0.028
        54177.363730    15.749     0.037
        54177.375724    15.698     0.028
        54177.387421    15.728     0.030
        54180.336023    15.813     0.026
        54180.346590    15.783     0.026
        54180.357243    15.739     0.026
        54180.367841    15.726     0.026
        54180.378421    15.686     0.026
        54198.254993    16.218     0.064
        54198.264700    16.159     0.063
        54205.268514    15.768     0.028
        54205.277912    15.775     0.028
        54205.287341    15.753     0.028
        54205.296734    15.789     0.030
        54205.306297    15.796     0.031
        54208.263174    15.791     0.028
        54208.272349    15.790     0.028
        54208.281526    15.789     0.028
        54208.290675    15.790     0.030
        54208.299841    15.800     0.030
        54212.270963    15.881     0.037
        54212.280067    15.936     0.037
        54212.289138    15.955     0.039
        54212.298222    15.932     0.039
        54212.307328    15.951     0.041
        54477.455343    16.132     0.023
        54477.467644    16.104     0.025
        54477.480228    16.119     0.026
        54477.492745    16.114     0.025
        54477.505396    16.111     0.020
        54481.341984    16.050     0.037
        54481.354913    15.996     0.035
        54481.367984    16.041     0.035
        54481.380894    16.030     0.031
        54481.393787    16.129     0.035
        54485.403423    15.643     0.044
        54485.416118    15.688     0.044
        54485.428800    15.659     0.044
        54485.441527    15.638     0.043
        54485.454199    15.646     0.044
        54498.395151    15.916     0.026
        54498.407844    15.882     0.024
        54498.420473    15.877     0.022
        54498.433157    15.921     0.024
        54498.445804    15.924     0.024
        54506.337603    15.889     0.024
        54506.349704    15.799     0.022
        54506.361799    15.743     0.020
        54506.373891    15.730     0.020
        54506.386008    15.722     0.022
        54506.455896    15.740     0.033
        54506.467799    15.747     0.033
        54506.479643    15.764     0.035
        54506.491559    15.809     0.036
        54506.503412    15.762     0.035
        54522.397123    15.779     0.031
        54522.408776    15.793     0.031
        54522.420442    15.811     0.033
        54522.432098    15.777     0.033
        54522.443730    15.782     0.035
        54527.332844    16.106     0.026
        54527.344241    16.109     0.028
        54527.355691    16.070     0.028
        54527.367144    16.042     0.028
        54527.378532    16.001     0.028
        54534.391894    15.792     0.035
        54535.328020    15.907     0.020
        54535.339256    15.903     0.020
        54535.350495    15.916     0.022
        54535.361772    15.919     0.022
        54535.373112    15.926     0.022
        54540.226035    16.007     0.033
        54540.237073    15.939     0.030
        54540.248147    15.918     0.028
        54540.259164    15.905     0.026
        54540.270185    15.847     0.026
        54553.306773    15.818     0.037
        54553.318670    15.823     0.026
        54553.330545    15.810     0.028
        54553.342617    15.851     0.030
        54553.354554    15.856     0.030
        54561.296272    16.008     0.041
        54561.308023    15.933     0.030
        54561.319681    15.849     0.035
        54561.331354    15.799     0.026
        54561.343007    15.762     0.024
        54568.244368    15.791     0.045
        54568.255351    15.823     0.045
        54568.266225    15.789     0.043
        54568.277184    15.795     0.043
        54568.287986    15.757     0.041
        54583.251576    15.820     0.115
        54583.262203    15.846     0.105
        54583.272771    15.760     0.035
        54583.283418    15.816     0.037
        54583.293996    15.807     0.039
        54590.250867    15.894     0.030
        54590.261151    15.947     0.044
        54590.271484    15.864     0.102
        54590.281760    15.943     0.046
        54590.292073    15.905     0.039
        54622.174799    16.092     0.119
        54622.184925    16.153     0.094
        54622.194975    16.214     0.112
        54622.205110    16.266     0.112
