        52608.456571    15.431     0.031
        52608.471532    15.496     0.026
        52608.486415    15.480     0.055
        52608.501349    15.437     0.041
        52641.386893    15.217     0.017
        52641.401855    15.209     0.017
        52641.416730    15.173     0.015
        52641.431617    15.128     0.015
        52641.446489    15.140     0.017
        52644.392683    15.216     0.020
        52644.407652    15.217     0.018
        52644.422599    15.276     0.020
        52644.437937    15.373     0.020
        52644.452958    15.525     0.025
        52648.330624    15.330     0.025
        52648.345910    15.303     0.023
        52648.376492    15.211     0.021
        52648.391673    15.185     0.021
        52667.324709    15.151     0.015
        52667.340095    15.140     0.015
        52667.355588    15.123     0.015
        52667.370813    15.153     0.017
        52667.386090    15.236     0.017
        52671.363367    15.158     0.020
        52671.378255    15.128     0.018
        52671.394011    15.172     0.020
        52671.408689    15.183     0.020
        52671.423675    15.241     0.021
        52678.300988    15.271     0.039
        52678.309090    15.259     0.030
        52678.315006    15.238     0.028
        52678.323846    15.225     0.038
        52678.328999    15.193     0.020
        52678.338888    15.149     0.023
        52678.342960    15.153     0.018
        52678.355061    15.103     0.021
        52678.357100    15.113     0.018
        52678.369847    15.129     0.021
        52700.293762    15.542     0.026
        52700.293878    15.404     0.030
        52700.309117    15.550     0.026
        52700.324164    15.420     0.023
        52700.339963    15.293     0.021
        52700.355167    15.227     0.021
        52700.355283    15.182     0.025
        52701.316856    15.073     0.021
        52701.342986    15.078     0.023
        52704.302015    15.298     0.018
        52704.315397    15.456     0.022
        52704.328807    15.520     0.024
        52704.342330    15.546     0.026
        52704.355815    15.477     0.026
        52707.241689    15.344     0.021
        52707.242049    15.237     0.023
        52707.254871    15.505     0.025
        52707.255229    15.410     0.026
        52707.267937    15.573     0.026
        52707.268296    15.470     0.028
        52707.281008    15.557     0.026
        52707.281366    15.485     0.028
        52707.294435    15.494     0.026
        52707.294797    15.369     0.026
        52728.230726    15.502     0.026
        52728.243114    15.363     0.023
        52728.255118    15.279     0.021
        52728.267539    15.222     0.021
        52728.279633    15.189     0.020
        52729.165321    15.249     0.018
        52729.177980    15.231     0.017
        52729.189849    15.184     0.017
        52729.201381    15.151     0.017
        52729.213034    15.158     0.017
        52730.169746    15.141     0.017
        52730.182155    15.156     0.017
        52730.193783    15.194     0.017
        52730.206029    15.260     0.018
        52730.217567    15.303     0.018
        52731.171896    15.457     0.065
        52731.183954    15.323     0.024
        52731.196051    15.267     0.048
        52733.181176    15.308     0.020
        52733.193383    15.297     0.018
        52733.205544    15.292     0.018
        52733.217658    15.218     0.018
        52733.229928    15.212     0.017
        52737.188439    15.279     0.020
        52737.200374    15.329     0.022
        52737.212123    15.323     0.022
        52737.223857    15.329     0.022
        52737.235605    15.296     0.022
        52756.143279    15.543     0.028
        52756.155595    15.420     0.026
        52756.167615    15.292     0.023
        52756.179601    15.262     0.023
        52756.191575    15.214     0.021
        52972.389771    15.127     0.017
        52972.402693    15.159     0.015
        52972.415541    15.237     0.017
        52972.428828    15.325     0.017
        52972.441641    15.408     0.017
        53033.279333    15.271     0.020
        53033.291527    15.232     0.018
        53033.303584    15.181     0.017
        53033.315784    15.159     0.017
        53033.327939    15.154     0.017
        53038.355552    15.191     0.026
        53038.367991    15.268     0.031
        53038.382324    15.286     0.033
        53038.400165    15.218     0.037
        53054.299967    15.197     0.013
        53054.313567    15.213     0.015
        53054.329368    15.308     0.015
        53054.343249    15.443     0.018
        53054.355753    15.511     0.018
        53080.222912    15.214     0.015
        53080.233839    15.262     0.017
        53080.244769    15.292     0.017
        53080.259758    15.264     0.017
        53080.270987    15.266     0.017
        53111.183143    15.166     0.020
        53111.193955    15.124     0.018
        53111.204765    15.115     0.020
        53111.215481    15.131     0.020
        53111.226223    15.143     0.020
        53139.152397    15.228     0.020
        53139.162510    15.243     0.022
        53139.172224    15.289     0.022
        53139.181778    15.347     0.024
        53139.191317    15.418     0.028
        53315.455170    15.243     0.030
        53315.467028    15.282     0.035
        53315.478899    15.338     0.031
        53321.459943    15.168     0.067
        53346.390681    15.473     0.026
        53346.403119    15.355     0.022
        53346.417327    15.250     0.020
        53346.431057    15.189     0.018
        53346.443174    15.169     0.020
        53347.440561    15.404     0.023
        53347.454371    15.535     0.028
        53347.468404    15.597     0.030
        53347.482191    15.616     0.030
        53352.448007    15.271     0.025
        53352.463065    15.248     0.025
        53352.477797    15.189     0.025
        53352.492481    15.154     0.025
        53352.507308    15.169     0.026
        53353.416760    15.134     0.021
        53353.430806    15.121     0.021
        53353.444975    15.108     0.023
        53353.459171    15.154     0.023
        53353.473214    15.102     0.023
        53440.367551    15.469     0.024
        53440.378568    15.544     0.028
        53440.390208    15.566     0.031
        53440.401209    15.540     0.031
        53440.412817    15.437     0.033
        53466.262798    15.286     0.022
        53466.272663    15.310     0.022
        53466.282020    15.329     0.024
        53466.292884    15.319     0.024
        53466.303222    15.308     0.026
        53496.148317    15.179     0.022
        53496.158255    15.175     0.022
        53496.168296    15.246     0.024
        53496.178263    15.250     0.024
        53496.188234    15.322     0.028
        53710.446346    15.122     0.020
        53710.458877    15.151     0.022
        53710.472265    15.136     0.020
        53710.484922    15.150     0.022
        53710.497507    15.228     0.022
        53746.341979    15.560     0.041
        53746.355396    15.563     0.039
        53746.367913    15.428     0.035
        53746.380759    15.335     0.030
        53746.393231    15.257     0.028
        53791.294016    15.266     0.016
        53791.306283    15.300     0.016
        53791.318472    15.316     0.018
        53791.330674    15.348     0.020
        53791.342624    15.353     0.018
        53815.231106    15.289     0.024
        53815.242544    15.280     0.030
        53815.253892    15.249     0.030
        53815.265344    15.185     0.024
        53815.276740    15.191     0.024
        53817.208309    15.490     0.023
        53817.220226    15.569     0.023
        53817.231621    15.565     0.025
        53817.243125    15.591     0.025
        53817.254651    15.499     0.023
        53846.182954    15.210     0.023
        53846.193687    15.256     0.025
        53846.204528    15.288     0.025
        53846.215206    15.358     0.028
        53846.225874    15.473     0.031
        53850.145567    15.226     0.035
        53850.155854    15.236     0.036
        53850.166227    15.245     0.028
        53850.176538    15.207     0.049
        53850.186935    15.194     0.023
        54039.450618    15.494     0.041
        54039.462634    15.517     0.040
        54039.474551    15.453     0.036
        54039.486390    15.329     0.031
        54039.498613    15.246     0.028
        54060.437254    15.247     0.023
        54060.452998    15.200     0.021
        54060.465842    15.185     0.021
        54060.480565    15.124     0.020
        54060.493321    15.163     0.021
        54091.348483    15.160     0.023
        54091.361663    15.134     0.021
        54091.374299    15.226     0.023
        54091.386203    15.245     0.025
        54091.398102    15.331     0.026
        54155.292723    15.248     0.018
        54155.304324    15.303     0.018
        54155.316006    15.319     0.018
        54155.327743    15.317     0.018
        54155.339786    15.313     0.018
        54156.265448    15.416     0.020
        54156.276978    15.315     0.018
        54156.288511    15.255     0.017
        54156.300054    15.199     0.017
        54156.311612    15.152     0.017
        54174.217577    15.525     0.025
        54174.228582    15.552     0.026
        54174.239417    15.585     0.025
        54174.250253    15.553     0.026
        54174.261170    15.450     0.023
        54180.228441    15.161     0.020
        54180.238853    15.163     0.025
        54180.249373    15.172     0.020
        54180.259867    15.228     0.020
        54180.270288    15.267     0.020
        54200.173632    15.266     0.028
        54200.183405    15.238     0.026
        54200.192854    15.239     0.025
        54200.212046    15.168     0.025
        54415.444392    15.173     0.013
        54415.456882    15.143     0.011
        54415.469295    15.141     0.011
        54415.481699    15.149     0.013
        54415.494080    15.224     0.013
        54448.443152    15.310     0.023
        54448.455494    15.273     0.023
        54448.467820    15.223     0.021
        54448.480823    15.225     0.021
        54448.493193    15.188     0.021
        54478.463607    15.158     0.033
        54478.475885    15.075     0.033
        54478.488324    15.205     0.036
        54478.500464    15.233     0.038
        54480.277333    15.119     0.011
        54480.290318    15.134     0.011
        54480.303313    15.143     0.011
        54480.316312    15.165     0.011
        54480.329318    15.166     0.011
        54497.337079    15.151     0.018
        54497.349650    15.135     0.011
        54497.362210    15.116     0.013
        54497.374762    15.172     0.015
        54497.387288    15.207     0.017
        54505.338423    15.288     0.011
        54505.350688    15.273     0.011
        54505.362997    15.267     0.011
        54505.375261    15.246     0.011
        54505.387796    15.176     0.011
        54507.390935    15.478     0.026
        54507.404854    15.344     0.025
        54507.416755    15.284     0.023
        54507.428743    15.245     0.023
        54507.440644    15.220     0.023
        54521.347470    15.402     0.022
        54521.359127    15.254     0.022
        54521.370846    15.206     0.018
        54521.394261    15.128     0.018
        54526.283238    15.275     0.013
        54526.294705    15.254     0.013
        54526.306266    15.267     0.013
        54526.317757    15.263     0.013
        54526.329416    15.199     0.011
        54534.287201    15.148     0.011
        54534.298160    15.133     0.009
        54534.309090    15.142     0.009
        54534.320001    15.181     0.009
        54534.331913    15.259     0.020
        54534.343110    15.324     0.021
        54534.354095    15.304     0.021
        54534.365427    15.311     0.021
        54534.376516    15.333     0.025
        54540.163708    15.111     0.017
        54540.174610    15.116     0.017
        54540.185623    15.128     0.017
        54540.196590    15.192     0.017
        54540.207615    15.173     0.017
        54552.299083    15.145     0.015
        54552.311195    15.157     0.015
        54552.323263    15.235     0.017
        54552.335521    15.304     0.020
        54552.347717    15.305     0.020
        54568.188313    15.316     0.033
        54568.199351    15.292     0.031
        54568.210101    15.253     0.030
        54568.221444    15.269     0.031
        54568.232635    15.257     0.031
        54580.144687    15.230     0.017
        54580.155461    15.192     0.017
        54580.166162    15.181     0.017
        54580.177210    15.139     0.017
        54580.187888    15.120     0.015
        54590.148937    15.255     0.036
        54590.158606    15.314     0.036
        54590.168293    15.281     0.036
        54590.177936    15.342     0.040
        54590.187590    15.374     0.043
