        52602.447166    16.626     0.104
        52602.462099    16.759     0.111
        52602.477032    16.893     0.130
        52602.491949    16.774     0.113
        52602.506871    16.749     0.109
        52621.371010    16.558     0.059
        52621.385700    16.626     0.063
        52621.400486    16.597     0.065
        52621.415232    16.782     0.076
        52621.430049    16.823     0.074
        52635.367813    16.487     0.061
        52635.381825    16.641     0.074
        52635.396013    16.480     0.065
        52635.410007    16.522     0.067
        52635.424066    16.514     0.067
        52654.326502    16.794     0.131
        52654.341336    16.436     0.098
        52654.356300    16.560     0.107
        52654.371195    16.880     0.163
        52662.308882    16.826     0.085
        52662.323334    16.831     0.085
        52662.337800    16.899     0.089
        52662.352301    16.642     0.074
        52662.366835    16.714     0.080
        52692.274565    16.524     0.052
        52692.291359    16.746     0.068
        52692.307185    16.870     0.080
        52692.323146    16.847     0.081
        52692.339081    16.675     0.072
        52720.192002    16.526     0.081
        52720.218232    16.633     0.068
        52743.188319    16.655     0.111
        52743.200363    16.567     0.104
        52743.212425    16.655     0.115
        52743.224567    16.514     0.102
        52743.236610    16.527     0.107
        52749.192515    16.630     0.065
        52749.203435    16.608     0.061
        52749.225161    16.573     0.105
        52778.198238    16.862     0.093
        52778.209682    16.847     0.096
        52925.442273    16.582     0.137
        52925.453626    16.541     0.126
        52925.465333    16.688     0.142
        52925.477033    17.153     0.216
        52925.488586    16.927     0.168
        52949.437931    16.533     0.078
        52949.450004    16.672     0.085
        52949.462182    16.868     0.093
        52949.474401    16.978     0.089
        52949.486495    16.801     0.074
        52979.393123    17.553     0.361
        52979.418261    16.910     0.187
        52984.385152    16.621     0.107
        52984.398023    16.472     0.093
        52984.410953    16.441     0.091
        52984.423929    16.436     0.091
        52984.436862    16.348     0.083
        53009.341403    16.561     0.089
        53009.354093    16.510     0.081
        53009.366828    16.477     0.080
        53009.380231    16.508     0.081
        53009.393861    16.440     0.076
        53017.328364    16.599     0.085
        53017.340621    16.653     0.087
        53017.352806    16.774     0.096
        53017.365053    16.813     0.104
        53017.377341    16.789     0.102
        53044.301233    16.498     0.081
        53074.226049    16.657     0.078
        53074.236905    16.612     0.074
        53074.247783    16.523     0.070
        53074.258638    16.488     0.070
        53074.269567    16.536     0.074
        53104.199893    16.802     0.078
        53104.211012    16.687     0.068
        53104.233174    16.637     0.068
        53104.244279    16.597     0.070
        53133.222434    16.763     0.098
        53133.231795    16.915     0.105
        53156.166913    16.575     0.111
        53156.175766    16.648     0.122
        53156.184545    16.486     0.111
        53156.193362    16.474     0.111
        53156.202355    16.571     0.118
        53162.198216    16.440     0.087
        53162.208393    16.572     0.133
        53280.441159    16.312     0.115
        53280.451706    16.481     0.124
        53280.462238    16.362     0.113
        53311.446882    16.880     0.146
        53311.459003    16.970     0.157
        53339.399614    16.726     0.142
        53339.413729    16.608     0.131
        53339.427245    16.820     0.157
        53339.440046    16.695     0.137
        53339.453210    16.625     0.130
        53359.286562    16.666     0.078
        53359.299516    16.907     0.100
        53359.312625    16.827     0.087
        53359.326897    16.779     0.083
        53359.340230    16.755     0.078
        53399.295368    16.555     0.081
        53399.310801    16.534     0.080
        53399.324687    16.513     0.078
        53399.339801    16.446     0.074
        53399.354043    16.479     0.076
        53428.331841    17.126     0.155
        53459.240183    16.909     0.093
        53459.251174    16.875     0.096
        53459.261743    16.841     0.098
        53459.272389    16.799     0.102
        53459.282719    16.593     0.091
        53482.193927    16.616     0.130
        53482.205455    16.600     0.131
        53482.216415    16.495     0.118
        53482.226982    16.522     0.124
        53482.237462    16.574     0.130
        53487.183889    16.692     0.067
        53487.192551    16.900     0.081
        53487.201846    16.712     0.074
        53487.210561    16.743     0.089
        53487.219518    16.576     0.087
        53533.167149    16.577     0.100
        53533.176838    16.505     0.096
        53533.186551    16.471     0.098
        53533.196227    16.416     0.094
        53533.205928    16.418     0.098
        53638.426920    16.505     0.094
        53638.437618    16.471     0.091
        53638.448287    16.427     0.087
        53638.458940    16.491     0.093
        53638.469611    16.395     0.083
        53666.442989    16.363     0.087
        53666.455163    16.498     0.100
        53666.467366    16.422     0.109
        53666.479491    16.490     0.098
        53666.491493    16.638     0.120
        53694.384723    16.312     0.096
        53694.397134    16.508     0.113
        53694.409689    16.365     0.102
        53694.422121    16.340     0.098
        53694.434693    16.529     0.115
        53753.335647    16.970     0.126
        53753.348196    17.016     0.130
        53753.361728    16.747     0.100
        53753.374624    16.744     0.100
        53753.387486    16.542     0.085
        53777.361733    16.550     0.119
        53777.378559    16.458     0.107
        53777.399562    16.442     0.107
        53806.287435    16.181     0.086
        53806.300645    16.189     0.089
        53806.312791    16.114     0.086
        53806.325424    16.317     0.099
        53806.338020    16.318     0.109
        53832.227334    16.168     0.059
        53832.238801    16.172     0.059
        53832.249638    16.250     0.064
        53832.260486    16.217     0.061
        53832.271413    16.270     0.066
        53861.191558    16.579     0.086
        53861.211203    16.605     0.092
        53861.223325    16.535     0.089
        53861.233508    16.365     0.076
        53861.243534    16.393     0.081
        54019.461468    16.368     0.102
        54019.473313    16.334     0.097
        54019.485174    16.761     0.140
        54019.496779    16.678     0.132
        54048.379323    16.640     0.107
        54048.391380    16.955     0.137
        54048.403423    17.009     0.141
        54048.415477    16.959     0.133
        54048.427567    17.089     0.150
        54077.364033    16.424     0.091
        54077.377375    16.480     0.094
        54077.390775    16.395     0.085
        54077.404107    16.392     0.085
        54077.417413    16.482     0.091
        54166.226430    16.502     0.093
        54166.237791    16.598     0.098
        54217.172574    16.521     0.135
        54217.193680    16.273     0.107
        54217.204853    16.363     0.119
        54217.218158    16.293     0.111
        54420.420875    16.543     0.064
        54420.435183    16.401     0.056
        54420.447105    16.418     0.058
        54420.459190    16.596     0.074
        54420.471152    16.588     0.073
        54433.386422    16.486     0.073
        54433.411761    16.437     0.069
        54433.424213    16.543     0.076
        54433.437057    16.549     0.078
        54454.412185    16.650     0.068
        54454.425452    16.831     0.078
        54454.438470    16.987     0.087
        54454.451234    17.116     0.097
        54454.464331    17.079     0.092
        54462.329784    16.725     0.079
        54462.342352    16.803     0.084
        54462.355005    16.831     0.084
        54462.367701    16.724     0.079
        54462.380580    16.567     0.071
        54521.295664    16.466     0.056
        54521.307531    16.352     0.051
        54521.319195    16.542     0.061
        54521.330968    16.480     0.059
        54552.202280    16.704     0.086
        54552.214528    16.575     0.078
        54552.226858    16.569     0.074
        54552.238875    16.555     0.073
        54552.250902    16.594     0.076
        54589.191815    16.400     0.073
        54589.201735    16.343     0.069
        54589.211897    16.407     0.074
        54589.222201    16.476     0.078
        54589.232089    16.593     0.084
