        52612.454619    14.324     0.010
        52612.469906    14.134     0.008
        52612.485066    14.051     0.008
        52612.500330    14.058     0.008
        52612.515360    14.044     0.008
        52623.368686    14.430     0.013
        52623.383247    14.379     0.012
        52623.397813    14.218     0.010
        52623.412756    14.119     0.008
        52623.427448    14.091     0.008
        52650.318108    14.232     0.008
        52650.333009    14.045     0.008
        52650.348650    14.049     0.008
        52650.364265    14.041     0.008
        52650.379042    14.039     0.007
        52652.314789    14.098     0.008
        52652.334679    14.027     0.008
        52652.356317    14.106     0.008
        52652.377315    14.139     0.008
        52652.394242    14.206     0.008
        52664.279218    14.474     0.010
        52664.296704    14.452     0.010
        52664.313802    14.411     0.010
        52664.330449    14.284     0.008
        52664.346983    14.121     0.008
        52681.273105    14.165     0.012
        52681.287930    14.208     0.012
        52681.302908    14.243     0.012
        52681.317845    14.332     0.012
        52681.332593    14.370     0.010
        52696.276497    14.421     0.010
        52696.276615    14.527     0.012
        52696.289979    14.351     0.010
        52696.290095    14.526     0.012
        52696.303463    14.242     0.010
        52696.303581    14.394     0.010
        52696.316937    14.117     0.008
        52696.317053    14.336     0.010
        52696.330418    14.065     0.008
        52696.330533    14.350     0.010
        52711.184257    14.157     0.009
        52711.197708    14.122     0.009
        52711.211294    14.130     0.009
        52711.224940    14.099     0.009
        52711.238924    14.136     0.009
        52723.182406    14.440     0.010
        52723.194478    14.425     0.010
        52723.195079    14.679     0.016
        52723.206630    14.406     0.018
        52723.218852    14.300     0.012
        52723.230974    14.172     0.010
        52739.186046    14.399     0.016
        52739.197517    14.373     0.016
        52739.209158    14.261     0.015
        52739.220830    14.132     0.015
        52739.232764    14.064     0.013
        52752.139298    14.055     0.010
        52752.149902    14.052     0.010
        52752.160506    14.040     0.010
        52752.171192    14.048     0.010
        52752.181880    14.064     0.010
        52769.186342    14.574     0.026
        52782.157990    14.400     0.016
        52782.179849    14.337     0.020
        52782.190739    14.442     0.021
        52946.450598    14.133     0.013
        52966.363914    14.166     0.008
        52966.371902    14.108     0.007
        52976.394129    14.581     0.007
        52976.407117    14.519     0.007
        52976.420487    14.502     0.007
        52976.433479    14.458     0.007
        52976.446765    14.384     0.007
        52990.397240    14.499     0.008
        52990.447801    14.442     0.010
        53003.322552    14.502     0.007
        53003.358990    14.292     0.005
        53003.371065    14.176     0.005
        53006.330545    14.455     0.009
        53006.342650    14.483     0.011
        53006.355491    14.513     0.011
        53006.367586    14.528     0.009
        53006.379686    14.554     0.011
        53035.330252    14.213     0.008
        53037.340273    14.109     0.007
        53037.365464    14.082     0.007
        53037.378128    14.119     0.007
        53037.393497    14.175     0.008
        53046.291739    14.155     0.007
        53046.303706    14.161     0.007
        53046.315652    14.132     0.007
        53046.327838    14.158     0.007
        53046.340131    14.178     0.007
        53077.300096    14.468     0.013
        53092.236881    14.453     0.008
        53092.246810    14.338     0.008
        53092.256729    14.279     0.008
        53092.266587    14.243     0.007
        53107.201421    14.198     0.007
        53107.212600    14.274     0.007
        53107.223912    14.274     0.007
        53107.235153    14.304     0.007
        53121.188539    14.154     0.008
        53121.199925    14.127     0.008
        53121.210378    14.162     0.008
        53121.220736    14.223     0.008
        53127.192787    14.407     0.017
        53127.202733    14.413     0.018
        53127.212638    14.447     0.018
        53127.222544    14.560     0.020
        53127.232480    14.495     0.020
        53136.155754    14.350     0.009
        53136.164983    14.362     0.009
        53136.174207    14.412     0.009
        53136.183427    14.458     0.011
        53136.192697    14.458     0.011
        53154.163896    14.518     0.017
        53154.172707    14.513     0.017
        53154.181461    14.465     0.017
        53154.190231    14.494     0.017
        53154.199045    14.472     0.017
        53156.161866    14.452     0.016
        53156.170319    14.443     0.016
        53156.178708    14.365     0.016
        53156.187073    14.342     0.016
        53156.195514    14.273     0.016
        53294.459144    14.131     0.008
        53294.470585    14.178     0.008
        53294.482106    14.166     0.008
        53302.451599    14.393     0.013
        53302.463504    14.455     0.013
        53302.475419    14.460     0.013
        53302.487340    14.551     0.013
        53313.430260    14.538     0.017
        53313.442190    14.490     0.017
        53313.454115    14.558     0.017
        53313.466034    14.495     0.017
        53313.477958    14.482     0.015
        53329.460212    14.483     0.012
        53329.472706    14.432     0.012
        53329.485499    14.321     0.010
        53329.498278    14.193     0.008
        53329.510872    14.065     0.008
        53331.393669    14.518     0.015
        53331.406567    14.484     0.013
        53331.419235    14.446     0.011
        53331.431590    14.446     0.011
        53341.408203    14.411     0.017
        53341.420208    14.449     0.017
        53341.432678    14.472     0.017
        53341.444692    14.509     0.018
        53341.456709    14.568     0.018
        53349.404074    14.211     0.010
        53349.417902    14.090     0.010
        53349.445192    14.066     0.008
        53349.458690    14.040     0.008
        53355.472636    14.489     0.010
        53355.485847    14.503     0.010
        53355.499005    14.527     0.010
        53355.514280    14.506     0.010
        53360.355818    14.065     0.008
        53360.369515    14.092     0.008
        53360.383770    14.061     0.008
        53360.397958    14.046     0.008
        53360.412072    14.067     0.008
        53385.479072    14.524     0.009
        53385.492284    14.555     0.011
        53385.505265    14.542     0.011
        53385.518312    14.553     0.011
        53385.531254    14.527     0.011
        53401.316404    14.111     0.008
        53401.328915    14.105     0.008
        53401.341438    14.105     0.008
        53403.279270    14.145     0.007
        53403.292089    14.111     0.006
        53403.304877    14.152     0.007
        53403.317704    14.153     0.007
        53403.330433    14.226     0.007
        53415.414317    14.332     0.009
        53415.453259    14.402     0.017
        53437.297950    14.275     0.007
        53437.309971    14.305     0.007
        53437.321590    14.367     0.007
        53437.333315    14.394     0.007
        53437.346331    14.439     0.009
        53450.220525    14.391     0.017
        53450.231338    14.435     0.017
        53450.242160    14.465     0.017
        53450.264214    14.515     0.018
        53684.435456    14.494     0.013
        53684.447849    14.498     0.011
        53684.460430    14.491     0.011
        53684.473157    14.469     0.011
        53684.485632    14.408     0.011
        53701.445623    14.244     0.009
        53701.470863    14.298     0.011
        53701.483415    14.364     0.017
        53701.495870    14.441     0.013
        53728.394966    14.331     0.011
        53728.408309    14.390     0.009
        53728.421838    14.407     0.011
        53728.434991    14.449     0.013
        53728.448061    14.517     0.011
        53742.353936    14.219     0.007
        53742.366856    14.251     0.007
        53742.379909    14.287     0.007
        53742.392917    14.312     0.007
        53742.405775    14.364     0.007
        53772.228924    14.483     0.011
        53772.241806    14.456     0.011
        53772.254643    14.395     0.009
        53772.267663    14.287     0.009
        53772.281323    14.182     0.007
        53812.257149    14.384     0.011
        53812.268240    14.429     0.011
        53812.279307    14.479     0.013
        53812.290380    14.492     0.013
        53812.301466    14.485     0.013
        53825.239860    14.458     0.008
        53843.196344    14.409     0.011
        53843.207759    14.333     0.011
        53843.219078    14.210     0.009
        53843.230404    14.127     0.009
        53843.242650    14.086     0.009
        53855.188388    14.499     0.012
        53855.199154    14.502     0.012
        53855.209672    14.542     0.013
        53855.220270    14.537     0.013
        53855.230800    14.498     0.013
        53878.158591    14.399     0.015
        53878.174243    14.420     0.016
        53878.193253    14.477     0.018
        53878.208091    14.468     0.018
        53878.225147    14.463     0.018
        54025.435655    14.456     0.015
        54025.447980    14.492     0.015
        54025.460563    14.468     0.015
        54053.441888    14.493     0.015
        54053.457028    14.510     0.013
        54053.470264    14.517     0.013
        54053.482889    14.510     0.016
        54070.406428    14.030     0.008
        54070.419291    14.018     0.008
        54070.432405    14.043     0.008
        54070.445334    14.118     0.008
        54081.387357    14.315     0.009
        54081.400455    14.329     0.009
        54081.413776    14.352     0.009
        54081.426771    14.399     0.009
        54081.439657    14.478     0.009
        54086.332286    14.354     0.025
        54086.345871    14.184     0.012
        54086.359415    14.070     0.010
        54109.318862    14.417     0.015
        54109.342510    14.128     0.015
        54109.354278    14.097     0.015
        54109.366513    14.059     0.015
        54169.222403    14.397     0.007
        54169.233361    14.427     0.007
        54169.244376    14.477     0.007
        54169.255280    14.517     0.009
        54169.266401    14.510     0.007
        54187.246631    14.446     0.021
        54187.257843    14.448     0.021
        54187.268268    14.457     0.021
        54200.221300    14.169     0.006
        54200.231289    14.163     0.007
        54209.174527    14.135     0.008
        54209.183349    14.085     0.008
        54209.192079    14.063     0.025
        54209.201571    14.099     0.013
        54209.210229    14.055     0.010
        54396.436343    14.459     0.016
        54396.449438    14.418     0.016
        54396.462419    14.384     0.016
        54509.268984    14.109     0.012
        54509.281026    14.157     0.012
        54509.292892    14.170     0.012
        54509.304656    14.169     0.012
        54509.316527    14.238     0.012
        54527.270404    14.183     0.028
        54527.311238    14.362     0.012
        54527.322683    14.380     0.013
        54536.217579    14.109     0.012
        54536.228800    14.173     0.012
        54536.239691    14.192     0.012
        54536.250866    14.223     0.012
        54536.261701    14.249     0.012
        54568.181982    14.166     0.007
        54568.193223    14.225     0.009
        54568.203989    14.258     0.009
        54568.214845    14.306     0.009
        54568.225638    14.317     0.011
        54584.190538    14.183     0.015
        54584.200610    14.224     0.015
        54584.210612    14.223     0.015
        54584.220614    14.276     0.015
        54584.230821    14.313     0.015
        54589.193240    14.176     0.007
        54589.203624    14.157     0.007
        54589.213983    14.206     0.007
        54589.224313    14.249     0.007
        54589.234678    14.254     0.007
        54615.193911    14.417     0.030
        54621.167241    14.116     0.007
