        52612.455266    15.293     0.025
        52612.470552    15.171     0.023
        52612.485714    15.059     0.021
        52612.500978    15.002     0.020
        52612.516007    14.976     0.021
        52623.377011    15.189     0.022
        52623.392252    15.225     0.022
        52623.407506    15.118     0.018
        52623.422791    14.984     0.017
        52623.438280    14.882     0.015
        52652.314435    14.816     0.013
        52652.329670    14.834     0.013
        52652.344629    14.914     0.013
        52652.359613    15.052     0.015
        52652.374634    15.190     0.017
        52664.277556    15.211     0.017
        52664.292785    15.110     0.015
        52664.308047    14.963     0.013
        52664.323393    14.869     0.011
        52664.338649    14.842     0.011
        52681.290057    14.785     0.018
        52681.307963    14.804     0.015
        52681.326697    14.847     0.013
        52681.345097    14.936     0.015
        52695.252961    14.818     0.013
        52695.269906    14.800     0.011
        52695.285700    14.787     0.011
        52695.302125    14.795     0.011
        52695.318564    14.818     0.013
        52711.183754    14.812     0.018
        52711.197206    14.805     0.017
        52711.210796    14.806     0.017
        52711.224438    14.786     0.015
        52711.238298    14.799     0.015
        52722.264302    15.215     0.015
        52722.280972    15.208     0.015
        52722.295092    15.103     0.013
        52722.310958    14.960     0.013
        52722.327270    14.855     0.011
        52739.185867    15.062     0.018
        52739.197347    14.948     0.018
        52739.208811    14.884     0.017
        52739.220371    14.865     0.017
        52739.231876    14.841     0.017
        52751.190205    14.784     0.013
        52751.202196    14.817     0.017
        52751.213826    14.833     0.015
        52751.231565    14.909     0.015
        52751.243221    14.998     0.017
        52770.151855    14.720     0.026
        52770.163380    14.697     0.026
        52770.174987    14.707     0.026
        52770.186830    14.657     0.024
        52770.198541    14.698     0.026
        52782.158476    15.098     0.020
        52782.169107    15.218     0.022
        52782.179699    15.231     0.024
        52782.190337    15.198     0.024
        52782.201136    15.120     0.039
        52947.471762    14.825     0.015
        52947.484052    14.811     0.015
        52947.496318    14.793     0.015
        52967.280132    14.893     0.020
        52976.348920    15.008     0.015
        52976.360053    15.117     0.016
        52976.371183    15.236     0.016
        52976.382312    15.293     0.016
        52976.393554    15.250     0.015
        52990.392911    15.203     0.015
        52990.406501    15.255     0.017
        52990.420440    15.174     0.015
        52990.433797    15.066     0.013
        52990.446941    14.954     0.017
        53006.325508    15.224     0.021
        53006.338079    15.206     0.021
        53006.350618    15.093     0.020
        53006.363182    15.010     0.016
        53006.375790    14.935     0.016
        53023.335734    14.799     0.009
        53023.348749    14.786     0.009
        53023.362210    14.843     0.009
        53023.375288    14.834     0.009
        53023.388176    14.867     0.009
        53024.335858    14.877     0.015
        53024.348677    14.921     0.020
        53024.374408    15.104     0.022
        53024.382412    15.197     0.021
        53024.387241    15.151     0.061
        53024.396807    15.281     0.031
        53024.411647    15.157     0.073
        53046.291271    15.097     0.017
        53046.303237    14.982     0.015
        53046.315183    14.902     0.013
        53046.327369    14.866     0.013
        53046.339662    14.834     0.013
        53065.224432    14.872     0.013
        53065.236590    14.939     0.015
        53065.248432    15.021     0.015
        53065.259942    15.128     0.017
        53065.271470    15.224     0.018
        53077.289412    14.876     0.102
        53077.300431    14.793     0.039
        53093.220807    14.813     0.012
        53093.232425    14.811     0.015
        53093.242328    14.824     0.012
        53093.252106    14.803     0.023
        53093.261966    14.858     0.013
        53107.190524    14.857     0.011
        53107.201742    14.842     0.011
        53107.212921    14.810     0.011
        53107.224233    14.817     0.011
        53107.235474    14.810     0.011
        53121.191570    14.956     0.015
        53121.202170    14.885     0.015
        53121.212693    14.867     0.015
        53121.223096    14.847     0.015
        53121.233505    14.817     0.015
        53127.192392    14.770     0.022
        53127.202338    14.749     0.022
        53127.212243    14.767     0.024
        53127.222149    14.772     0.024
        53127.232085    14.792     0.024
        53136.156039    15.027     0.017
        53136.165270    14.966     0.015
        53136.174492    14.899     0.015
        53136.183714    14.879     0.015
        53136.192985    14.866     0.017
        53150.161443    15.276     0.028
        53150.170225    15.185     0.033
        53150.178937    15.078     0.028
        53154.163465    15.089     0.028
        53154.172335    15.172     0.030
        53154.181090    15.252     0.033
        53154.189826    15.297     0.033
        53154.198673    15.258     0.033
        53294.421086    15.163     0.020
        53294.432105    15.256     0.020
        53294.443115    15.231     0.020
        53294.454133    15.144     0.018
        53294.465169    15.044     0.017
        53301.435290    14.834     0.017
        53301.447017    14.792     0.017
        53301.458688    14.802     0.017
        53301.470359    14.786     0.017
        53301.482031    14.817     0.017
        53319.406908    15.208     0.022
        53319.419000    15.115     0.018
        53319.431105    14.995     0.018
        53319.443201    14.919     0.017
        53319.455288    14.905     0.015
        53329.442847    14.863     0.017
        53329.455262    14.834     0.015
        53329.468052    14.823     0.015
        53329.480410    14.818     0.015
        53329.492748    14.809     0.013
        53340.396021    14.868     0.035
        53340.408348    14.888     0.033
        53349.428465    14.822     0.015
        53359.400448    14.880     0.013
        53359.416631    14.840     0.013
        53359.432714    14.815     0.013
        53359.448834    14.821     0.012
        53359.465005    14.817     0.013
        53389.424188    14.816     0.013
        53389.437160    14.848     0.013
        53389.450186    14.865     0.013
        53389.463213    14.919     0.013
        53389.476830    15.004     0.015
        53401.290740    14.811     0.013
        53401.303356    14.814     0.013
        53401.315993    14.840     0.015
        53401.329135    14.851     0.015
        53401.342139    14.893     0.015
        53430.299079    14.810     0.013
        53430.310793    14.810     0.013
        53430.323032    14.846     0.013
        53430.334842    14.860     0.015
        53430.346533    14.893     0.015
        53491.222269    15.033     0.031
        53491.233183    15.143     0.022
        53685.442746    15.148     0.018
        53700.391224    14.970     0.017
        53700.403836    15.038     0.017
        53700.416571    15.183     0.018
        53700.429135    15.276     0.020
        53700.441823    15.246     0.020
        53727.396838    14.818     0.013
        53727.409679    14.813     0.013
        53727.422522    14.840     0.031
        53727.435346    14.833     0.013
        53727.448185    14.845     0.015
        53773.294193    14.779     0.013
        53773.307197    14.795     0.015
        53773.320037    14.814     0.015
        53773.332890    14.833     0.015
        53773.345677    14.869     0.015
        53827.249170    14.789     0.012
        53827.259802    14.800     0.012
        53827.270510    14.797     0.012
        53827.281286    14.816     0.012
        53827.292073    14.818     0.012
        53842.188775    14.837     0.016
        53842.200470    14.837     0.016
        53842.212262    14.798     0.016
        53842.223974    14.816     0.020
        53842.235606    14.775     0.020
        53877.166409    14.771     0.026
        54024.430302    15.251     0.033
        54024.444580    15.212     0.030
        54024.458246    15.123     0.026
        54024.471929    14.958     0.025
        54052.398796    14.878     0.017
        54052.411009    14.879     0.017
        54052.423211    14.904     0.020
        54052.435423    14.992     0.024
        54052.447632    15.053     0.018
        54071.389913    14.833     0.023
        54071.402751    14.876     0.025
        54071.415596    14.860     0.023
        54071.428410    14.909     0.023
        54071.441203    14.984     0.023
        54081.386846    14.837     0.015
        54081.399944    14.860     0.015
        54081.413265    14.873     0.015
        54081.426168    14.914     0.015
        54081.439145    14.967     0.015
        54098.319311    15.014     0.021
        54098.331406    15.128     0.023
        54098.343580    15.201     0.023
        54098.355735    15.294     0.025
        54098.368052    15.224     0.021
        54109.384654    14.916     0.044
        54109.397420    14.850     0.028
        54124.277157    15.242     0.021
        54124.289576    15.140     0.018
        54124.302039    15.021     0.018
        54124.314348    14.951     0.016
        54124.327154    14.892     0.015
        54140.279762    14.827     0.013
        54140.291792    14.805     0.013
        54140.303770    14.798     0.013
        54140.315827    14.790     0.015
        54140.327937    14.834     0.015
        54158.291938    14.961     0.028
        54198.220466    15.099     0.022
        54198.230067    15.010     0.020
        54198.239702    15.003     0.050
        54198.249312    14.899     0.022
        54198.258951    14.912     0.015
        54210.178745    14.847     0.016
        54210.187424    14.822     0.016
        54210.196105    14.825     0.015
        54210.204968    14.842     0.015
        54210.214500    14.837     0.015
        54218.184390    15.050     0.035
        54218.193020    15.001     0.035
        54218.201624    14.932     0.033
        54218.210243    14.887     0.031
        54218.218893    14.866     0.031
        54397.434165    14.992     0.031
        54397.447427    14.932     0.028
        54397.460759    14.917     0.026
        54397.473819    14.887     0.025
        54397.485204    14.862     0.023
        54481.327691    15.141     0.025
        54481.339826    15.039     0.023
        54481.352070    14.972     0.021
        54481.364189    14.938     0.021
        54481.376777    14.905     0.021
        54498.273264    14.833     0.018
        54498.285006    14.864     0.018
        54498.296781    14.831     0.018
        54498.308829    14.829     0.018
        54498.320582    14.837     0.018
        54526.272670    14.959     0.018
        54526.284012    14.889     0.018
        54526.295341    14.876     0.016
        54526.306651    14.862     0.016
        54526.318084    14.824     0.016
        54537.214892    14.956     0.018
        54537.236949    14.885     0.018
        54537.247765    14.850     0.018
        54537.259132    14.826     0.018
        54540.216624    14.986     0.013
        54540.227659    15.115     0.013
        54540.238699    15.224     0.015
        54540.249774    15.288     0.015
        54540.260791    15.286     0.015
        54559.188378    14.876     0.021
        54559.199827    14.892     0.021
        54559.211334    14.917     0.021
        54559.222846    14.945     0.021
        54559.235185    15.057     0.025
        54569.187283    14.869     0.023
        54569.198188    14.920     0.025
        54569.209127    14.972     0.026
        54569.220024    15.030     0.026
        54569.231383    15.153     0.030
        54618.158648    14.900     0.038
        54618.169295    14.903     0.035
        54618.179654    14.969     0.035
        54618.189995    15.023     0.038
        54618.200876    15.145     0.041
