        52613.454825    15.751     0.035
        52613.470105    15.748     0.035
        52613.485347    15.802     0.037
        52613.500549    15.801     0.035
        52613.515837    15.776     0.035
        52618.461398    15.538     0.041
        52618.492080    15.350     0.039
        52618.507647    15.302     0.033
        52618.523301    15.302     0.031
        52641.473142    15.944     0.031
        52641.488456    15.756     0.028
        52641.503268    15.555     0.022
        52641.518746    15.442     0.020
        52643.443554    15.561     0.024
        52643.457552    15.572     0.022
        52643.471502    15.565     0.022
        52643.485556    15.636     0.022
        52643.499904    15.633     0.022
        52647.460454    15.259     0.020
        52647.475319    15.284     0.020
        52647.489675    15.371     0.022
        52647.504420    15.393     0.022
        52667.398287    15.855     0.030
        52667.413698    15.893     0.031
        52667.428985    15.966     0.035
        52667.444307    15.955     0.035
        52667.459654    15.948     0.035
        52670.400541    15.958     0.037
        52670.414452    15.923     0.035
        52670.428444    15.866     0.033
        52670.442378    15.636     0.026
        52670.456302    15.527     0.024
        52673.370344    15.962     0.033
        52673.385554    15.814     0.028
        52673.400800    15.574     0.022
        52673.416157    15.476     0.020
        52673.431544    15.335     0.018
        52703.314223    15.823     0.067
        52703.327386    15.822     0.074
        52703.340717    15.822     0.046
        52703.354822    15.798     0.067
        52703.368090    15.825     0.063
        52707.311679    15.655     0.024
        52707.325471    15.682     0.024
        52707.338677    15.716     0.024
        52707.352391    15.738     0.026
        52707.365729    15.733     0.026
        52709.306304    15.857     0.031
        52709.319613    15.836     0.031
        52709.333285    15.869     0.031
        52709.346896    15.890     0.031
        52709.360251    15.903     0.031
        52710.303264    15.700     0.030
        52710.316779    15.754     0.031
        52710.329974    15.732     0.030
        52710.343227    15.746     0.030
        52710.356492    15.749     0.030
        52711.378386    15.514     0.030
        52711.392538    15.539     0.030
        52711.407008    15.559     0.030
        52711.421443    15.583     0.028
        52711.435842    15.642     0.028
        52730.290687    15.519     0.022
        52730.302261    15.540     0.022
        52730.313902    15.600     0.024
        52730.325452    15.606     0.024
        52730.337010    15.644     0.026
        52733.254046    15.521     0.024
        52733.266103    15.603     0.024
        52733.278511    15.576     0.024
        52733.291158    15.653     0.031
        52733.303168    15.771     0.157
        52738.238889    15.811     0.031
        52738.250323    15.841     0.031
        52738.262254    15.804     0.031
        52738.273682    15.818     0.030
        52738.285291    15.850     0.031
        52755.202103    15.696     0.031
        52755.213995    15.759     0.033
        52755.225957    15.759     0.033
        52755.237895    15.793     0.035
        52755.249865    15.742     0.033
        52758.206721    15.772     0.026
        52758.218578    15.798     0.026
        52758.230467    15.776     0.028
        52758.242473    15.770     0.026
        52758.254326    15.812     0.028
        52788.172589    15.592     0.076
        52788.182849    15.508     0.030
        52788.193160    15.561     0.057
        52793.223596    15.833     0.046
        52793.233619    15.848     0.050
        52793.243562    15.915     0.055
        52966.467774    15.493     0.026
        52966.480189    15.405     0.026
        52966.492768    15.310     0.022
        52966.505309    15.281     0.020
        52973.434385    16.012     0.053
        52973.458317    16.061     0.046
        52973.469887    16.018     0.043
        52987.505303    15.792     0.055
        52994.477056    15.697     0.018
        52994.491081    15.714     0.018
        52994.530980    15.782     0.018
        53025.390466    15.827     0.068
        53028.412937    15.940     0.024
        53028.437846    15.959     0.020
        53028.450235    15.997     0.046
        53033.337838    15.460     0.022
        53033.350050    15.454     0.022
        53033.362115    15.497     0.022
        53033.386987    15.531     0.026
        53054.382619    15.867     0.024
        53054.394616    15.896     0.026
        53054.419216    15.973     0.028
        53061.340762    15.717     0.018
        53061.351828    15.719     0.018
        53080.283190    15.812     0.026
        53080.294777    15.872     0.028
        53080.306726    15.884     0.028
        53080.318071    15.876     0.028
        53080.329357    15.818     0.026
        53084.287229    15.709     0.018
        53084.299158    15.688     0.018
        53084.310475    15.715     0.018
        53084.322043    15.750     0.020
        53084.333640    15.757     0.018
        53091.284453    15.508     0.017
        53092.225283    15.905     0.033
        53092.235313    15.934     0.031
        53092.245259    15.981     0.033
        53092.255140    15.968     0.033
        53092.265029    15.910     0.031
        53093.219387    15.812     0.028
        53093.230960    15.795     0.028
        53093.240893    15.808     0.028
        53093.250696    15.814     0.025
        53093.260557    15.818     0.028
        53094.227271    15.578     0.022
        53094.238573    15.557     0.022
        53094.249009    15.569     0.024
        53094.259536    15.606     0.024
        53094.270205    15.620     0.024
        53111.191779    15.764     0.033
        53111.202555    15.562     0.028
        53111.224047    15.429     0.024
        53111.234870    15.318     0.022
        53116.308691    15.764     0.031
        53139.199643    15.633     0.030
        53139.208957    15.641     0.030
        53139.218260    15.682     0.030
        53139.227558    15.673     0.031
        53139.237021    15.692     0.031
        53141.211981    15.807     0.028
        53141.242066    15.908     0.031
        53141.251741    15.927     0.033
        53144.209320    15.957     0.046
        53144.218256    15.958     0.058
        53144.227112    16.045     0.083
        53144.245174    16.096     0.162
        53346.455589    15.659     0.048
        53346.467792    15.753     0.049
        53346.492309    15.826     0.053
        53351.492541    15.908     0.048
        53351.506881    15.937     0.048
        53351.521195    15.964     0.051
        53353.460068    15.475     0.030
        53353.473479    15.370     0.026
        53353.486318    15.256     0.022
        53353.499160    15.264     0.022
        53353.512586    15.262     0.020
        53376.483868    15.577     0.024
        53381.437999    15.656     0.076
        53381.476839    15.732     0.065
        53403.368531    15.760     0.030
        53403.381869    15.793     0.031
        53403.408182    15.770     0.031
        53410.356468    15.596     0.018
        53410.368636    15.594     0.018
        53410.381570    15.676     0.020
        53410.394484    15.661     0.020
        53410.407296    15.691     0.020
        53432.371846    15.793     0.055
        53432.383208    15.827     0.033
        53432.394892    15.828     0.037
        53433.287232    15.341     0.018
        53433.301886    15.383     0.018
        53433.316126    15.435     0.018
        53433.332491    15.439     0.018
        53433.345644    15.479     0.020
        53437.360170    15.407     0.020
        53437.371806    15.293     0.018
        53437.383116    15.263     0.018
        53437.396274    15.274     0.018
        53440.362875    15.306     0.018
        53440.373381    15.371     0.020
        53440.384393    15.375     0.020
        53440.396532    15.403     0.022
        53440.407021    15.443     0.024
        53443.274031    15.372     0.018
        53443.285508    15.280     0.017
        53443.296379    15.272     0.017
        53443.307781    15.287     0.017
        53443.318633    15.315     0.017
        53446.282079    15.356     0.033
        53446.293005    15.388     0.030
        53446.303903    15.429     0.020
        53446.314982    15.429     0.030
        53446.325912    15.470     0.020
        53447.302054    15.922     0.035
        53447.312847    15.943     0.033
        53447.324203    15.981     0.035
        53447.334967    16.002     0.041
        53447.345760    15.962     0.033
        53464.293869    15.811     0.030
        53464.304060    15.803     0.030
        53464.314227    15.864     0.031
        53464.324401    15.921     0.037
        53464.334554    15.862     0.035
        53495.247041    15.517     0.048
        53495.257152    15.447     0.055
        53495.267209    15.362     0.057
        53495.277254    15.285     0.054
        53495.287323    15.245     0.067
        53496.197990    15.818     0.037
        53496.208263    15.834     0.041
        53496.218585    15.831     0.041
        53496.228777    15.788     0.041
        53496.239035    15.846     0.044
        53503.228215    15.766     0.031
        53503.236849    15.762     0.033
        53503.245654    15.768     0.035
        53503.254426    15.789     0.035
        53503.263437    15.802     0.033
        53525.175181    15.832     0.044
        53525.185365    15.828     0.044
        53525.195541    15.822     0.046
        53525.205710    15.822     0.044
        53527.166813    15.444     0.030
        53527.177092    15.361     0.028
        53527.186969    15.300     0.026
        53527.196764    15.256     0.028
        53527.206530    15.264     0.028
        53708.461416    16.004     0.043
        53708.474386    15.959     0.041
        53708.487222    15.967     0.041
        53708.499870    15.961     0.039
        53708.512661    15.870     0.035
        53710.454354    15.507     0.033
        53710.467695    15.521     0.033
        53710.480383    15.617     0.035
        53710.492969    15.625     0.035
        53710.505535    15.610     0.035
        53732.476534    15.744     0.044
        53732.490074    15.727     0.043
        53732.502903    15.744     0.041
        53732.515766    15.800     0.048
        53732.528488    15.788     0.041
        53735.468185    15.768     0.046
        53735.494349    15.813     0.044
        53735.507202    15.782     0.068
        53735.520142    15.854     0.091
        53746.403691    15.287     0.030
        53746.416157    15.352     0.031
        53746.428709    15.376     0.031
        53746.441399    15.410     0.031
        53746.453864    15.441     0.031
        53759.421743    15.336     0.026
        53759.434335    15.398     0.037
        53759.446957    15.426     0.033
        53759.459538    15.398     0.059
        53762.413516    15.465     0.024
        53762.426217    15.467     0.026
        53762.438899    15.519     0.037
        53762.451625    15.500     0.039
        53762.464382    15.564     0.024
        53790.342866    15.720     0.030
        53790.354567    15.785     0.031
        53790.366255    15.751     0.030
        53790.377952    15.761     0.031
        53790.389657    15.815     0.033
        53791.353007    15.437     0.020
        53791.364812    15.447     0.020
        53791.376720    15.455     0.020
        53791.400249    15.504     0.021
        53793.348417    15.804     0.031
        53793.360149    15.788     0.035
        53793.371878    15.815     0.031
        53793.383626    15.817     0.030
        53793.395369    15.822     0.087
        53797.309201    15.526     0.026
        53797.320773    15.556     0.020
        53797.332345    15.572     0.020
        53797.343981    15.591     0.022
        53799.337226    15.844     0.030
        53799.348659    15.866     0.030
        53799.360087    15.870     0.033
        53799.371522    15.835     0.035
        53799.382967    15.859     0.044
        53817.276098    15.298     0.016
        53817.287362    15.248     0.016
        53817.298689    15.281     0.016
        53817.310017    15.323     0.016
        53819.340029    15.763     0.031
        53819.353232    15.805     0.035
        53819.382481    15.841     0.048
        53819.394673    15.810     0.041
        53826.287493    15.585     0.028
        53826.312506    15.642     0.059
        53826.324169    15.629     0.030
        53826.335553    15.650     0.030
        53827.345191    15.298     0.022
        53827.357715    15.363     0.026
        53827.369590    15.366     0.028
        53827.382053    15.405     0.035
        53827.395427    15.445     0.031
        53832.226414    15.681     0.035
        53832.238256    15.670     0.033
        53832.248487    15.734     0.037
        53832.259497    15.715     0.035
        53832.270693    15.731     0.037
        53845.194436    15.605     0.030
        53845.205621    15.622     0.031
        53845.216687    15.703     0.035
        53845.227775    15.714     0.035
        53848.243208    15.755     0.041
        53848.253662    15.742     0.041
        53848.264404    15.755     0.043
        53848.275295    15.776     0.043
        53848.285768    15.818     0.046
        53850.196506    15.774     0.036
        53850.206897    15.823     0.038
        53850.217381    15.868     0.041
        53850.227905    15.856     0.041
        53850.238576    15.858     0.048
        53850.274825    15.993     0.041
        53850.285939    16.007     0.048
        53850.298351    15.946     0.041
        53850.309194    15.898     0.039
        53850.320803    15.689     0.033
        53853.244698    15.999     0.044
        53853.255101    15.925     0.043
        53853.266141    15.831     0.039
        53853.276909    15.646     0.033
        53853.287345    15.513     0.030
        53856.277520    15.263     0.024
        53856.290288    15.270     0.024
        53856.301823    15.304     0.024
        53856.311962    15.381     0.028
        53856.322129    15.371     0.028
        53880.166998    15.762     0.038
        53880.178429    15.755     0.038
        53880.189113    15.783     0.038
        53880.199927    15.799     0.041
        53880.210856    15.804     0.040
        53882.169483    15.966     0.041
        53882.182354    16.003     0.041
        53882.195275    15.990     0.041
        53882.206509    15.965     0.041
        53882.218411    15.812     0.035
        53884.162511    15.520     0.033
        53884.163667    15.526     0.030
        53884.174259    15.539     0.035
        53884.174410    15.534     0.031
        53884.185631    15.568     0.033
        53884.186011    15.589     0.037
        53884.197814    15.654     0.041
        53884.207229    15.571     0.033
        53884.209586    15.559     0.037
        54086.427019    15.829     0.035
        54086.452815    15.831     0.031
        54086.465670    15.815     0.031
        54086.478640    15.849     0.033
        54091.359492    15.953     0.064
        54091.372111    15.884     0.054
        54091.384018    15.630     0.041
        54091.395918    15.521     0.036
        54091.408039    15.446     0.033
        54113.405781    15.537     0.031
        54113.419843    15.535     0.033
        54113.445534    15.662     0.038
        54115.413825    15.814     0.040
        54115.426559    15.862     0.041
        54115.439722    15.861     0.041
        54115.452918    15.903     0.043
        54115.465702    15.873     0.043
        54123.395916    15.407     0.021
        54123.408326    15.452     0.023
        54123.420738    15.501     0.023
        54123.433783    15.454     0.023
        54123.446143    15.524     0.025
        54144.362656    15.800     0.026
        54144.373738    15.846     0.028
        54144.385403    15.870     0.028
        54144.396477    15.852     0.028
        54144.408826    15.844     0.028
        54148.340485    15.671     0.030
        54148.352079    15.716     0.031
        54148.363670    15.703     0.031
        54148.375279    15.736     0.033
        54148.387242    15.772     0.035
        54154.330592    15.762     0.022
        54154.342935    15.787     0.024
        54154.354545    15.815     0.024
        54154.366181    15.794     0.024
        54154.377792    15.813     0.024
        54155.302525    15.414     0.022
        54155.314191    15.455     0.020
        54155.325922    15.479     0.020
        54155.337944    15.481     0.020
        54155.350132    15.515     0.020
        54173.315872    15.809     0.024
        54173.326604    15.825     0.026
        54173.337345    15.828     0.026
        54173.348076    15.824     0.026
        54173.359713    15.847     0.026
        54174.271325    15.527     0.025
        54174.282275    15.595     0.026
        54174.293353    15.641     0.030
        54174.304230    15.670     0.035
        54174.315511    15.679     0.030
        54176.321831    15.854     0.028
        54176.332653    15.897     0.030
        54176.343548    15.872     0.028
        54176.354544    15.917     0.030
        54176.365511    15.914     0.030
        54179.339311    15.956     0.031
        54179.350319    15.958     0.031
        54179.361200    15.976     0.031
        54179.372112    15.968     0.033
        54179.383375    15.979     0.035
        54180.279579    15.737     0.028
        54180.289913    15.724     0.026
        54180.300388    15.749     0.028
        54180.311120    15.741     0.026
        54180.321474    15.765     0.028
        54186.341020    15.809     0.024
        54186.352831    15.825     0.026
        54186.364123    15.828     0.026
        54186.375494    15.824     0.026
        54186.387513    15.847     0.026
        54200.220492    15.484     0.028
        54200.229956    15.518     0.031
        54206.265400    15.681     0.022
        54206.274895    15.712     0.024
        54206.284047    15.746     0.026
        54206.293193    15.738     0.026
        54206.302321    15.751     0.026
        54209.261279    15.735     0.076
        54209.270358    15.769     0.046
        54209.279416    15.788     0.065
        54209.288479    15.837     0.096
        54209.297543    15.895     0.113
        54439.450548    15.272     0.015
        54439.476313    15.358     0.015
        54439.489185    15.384     0.017
        54439.502065    15.411     0.017
        54448.476859    15.621     0.017
        54507.478733    15.502     0.030
        54507.503530    15.508     0.028
        54523.395206    15.430     0.017
        54523.407013    15.446     0.018
        54523.418894    15.480     0.018
        54523.430730    15.482     0.018
        54523.442561    15.527     0.020
        54530.334307    15.963     0.052
        54530.345567    15.894     0.035
        54530.356826    15.757     0.022
        54530.368097    15.541     0.015
        54535.395444    15.749     0.031
        54535.406459    15.763     0.031
        54535.417456    15.789     0.035
        54535.428460    15.799     0.035
        54535.439637    15.781     0.033
        54536.285112    15.497     0.015
        54536.307063    15.338     0.013
        54540.269716    15.834     0.036
        54540.271040    15.817     0.022
        54540.280958    15.808     0.035
        54540.282368    15.838     0.022
        54540.291832    15.858     0.035
        54540.293667    15.845     0.022
        54540.302732    15.871     0.035
        54540.305154    15.853     0.022
        54540.313612    15.905     0.036
        54540.316344    15.884     0.022
        54554.315331    15.775     0.018
        54554.327481    15.798     0.018
        54554.339470    15.803     0.018
        54554.351499    15.806     0.020
        54558.181258    15.258     0.017
        54558.192831    15.308     0.033
        54558.204413    15.313     0.024
        54558.215958    15.356     0.046
        54558.227562    15.390     0.028
        54563.294972    15.840     0.020
        54580.196898    15.621     0.022
        54580.207510    15.633     0.022
        54580.218119    15.655     0.024
        54580.228732    15.675     0.026
        54580.239404    15.718     0.030
        54584.251983    15.470     0.020
        54584.262638    15.479     0.020
        54584.273215    15.496     0.020
        54584.283799    15.519     0.020
        54584.294435    15.532     0.020
        54591.245820    15.433     0.022
        54591.255967    15.311     0.020
        54591.266137    15.298     0.020
        54591.276301    15.275     0.020
        54591.286459    15.320     0.022
        54611.163330    15.863     0.026
        54611.173638    15.860     0.026
        54611.183594    15.876     0.026
        54611.193503    15.868     0.026
        54611.203314    15.898     0.028
        54614.175633    15.916     0.028
        54614.185607    15.883     0.030
        54614.195611    15.918     0.030
        54614.205561    15.948     0.031
