        52681.446997    14.382     0.015
        52681.461857    14.324     0.012
        52681.476606    14.463     0.013
        52681.491301    14.370     0.013
        52723.422519    14.645     0.013
        52723.447375    14.252     0.016
        52752.352484    14.223     0.010
        52752.363150    14.183     0.010
        52752.373882    14.163     0.012
        52752.384773    14.147     0.010
        52752.395370    14.186     0.010
        52800.272086    14.372     0.020
        52800.282381    14.287     0.016
        52800.292784    14.200     0.015
        52800.303126    14.161     0.015
        52800.313483    14.150     0.013
        52812.284013    14.179     0.010
        52812.293860    14.148     0.008
        52812.304025    14.113     0.008
        52812.313923    14.110     0.008
        52812.324001    14.137     0.010
        52872.145425    14.585     0.015
        52872.193693    14.210     0.020
        52918.094873    14.329     0.013
        52918.108529    14.519     0.017
        52918.121608    14.737     0.020
        52918.135222    14.582     0.020
        52918.148535    14.427     0.018
        52935.077079    14.269     0.013
        52935.100177    14.120     0.013
        52935.123161    14.157     0.015
        53023.462632    14.622     0.012
        53023.474732    14.382     0.008
        53023.486878    14.235     0.007
        53023.498875    14.156     0.007
        53023.510949    14.106     0.007
        53035.481729    14.177     0.008
        53035.493878    14.138     0.008
        53035.506117    14.157     0.008
        53035.518313    14.183     0.008
        53107.339174    14.690     0.012
        53107.349417    14.492     0.010
        53107.359651    14.335     0.008
        53107.369901    14.237     0.008
        53107.380175    14.191     0.008
        53136.288978    14.157     0.008
        53136.297685    14.111     0.008
        53136.306407    14.113     0.008
        53136.315114    14.106     0.008
        53136.324058    14.151     0.008
        53154.291151    14.853     0.018
        53154.299643    14.628     0.015
        53154.307998    14.445     0.012
        53154.316998    14.327     0.012
        53154.325356    14.248     0.010
        53155.293886    14.375     0.015
        53155.302833    14.279     0.015
        53155.311795    14.240     0.013
        53155.320751    14.202     0.013
        53155.329665    14.179     0.013
        53156.294377    14.267     0.013
        53156.303197    14.195     0.013
        53156.312047    14.161     0.011
        53156.320866    14.110     0.011
        53156.329650    14.115     0.011
        53164.268336    14.332     0.010
        53164.278077    14.517     0.012
        53164.287509    14.698     0.013
        53164.296978    14.709     0.015
        53164.306902    14.524     0.013
        53181.314179    14.251     0.007
        53194.240092    14.119     0.012
        53194.249156    14.108     0.010
        53194.258397    14.131     0.010
        53243.140655    14.350     0.012
        53243.150945    14.301     0.012
        53243.161320    14.212     0.010
        53243.171483    14.178     0.010
        53243.182282    14.138     0.010
        53254.121429    14.712     0.010
        53254.155281    14.155     0.007
        53254.166508    14.114     0.007
        53264.116549    14.803     0.011
        53282.125907    14.149     0.008
        53282.137187    14.246     0.010
        53286.087539    14.300     0.008
        53286.098501    14.476     0.012
        53286.109298    14.696     0.013
        53286.120232    14.750     0.013
        53286.131027    14.519     0.012
        53422.458045    14.859     0.018
        53422.470850    14.580     0.017
        53450.464209    14.194     0.007
        53450.474716    14.266     0.007
        53474.450304    14.349     0.015
        53521.265979    14.413     0.013
        53521.276289    14.609     0.015
        53521.286636    14.757     0.013
        53521.296978    14.687     0.011
        53521.307293    14.515     0.011
        53538.267232    14.144     0.013
        53538.276767    14.134     0.011
        53538.286300    14.137     0.011
        53538.295840    14.197     0.013
        53538.305357    14.220     0.013
        53605.190938    14.757     0.018
        53605.201971    14.515     0.015
        53628.129586    14.238     0.013
        53628.166087    14.759     0.022
        53786.492975    14.663     0.013
        53786.506248    14.806     0.015
        53786.519377    14.567     0.012
        53807.429880    14.236     0.017
        53824.463431    14.306     0.020
        53824.475503    14.200     0.007
        53843.364947    14.203     0.013
        53843.376156    14.151     0.013
        53843.387383    14.123     0.013
        53843.398617    14.112     0.013
        53843.409866    14.151     0.013
        53855.300144    14.792     0.015
        53855.311158    14.817     0.016
        53855.321648    14.583     0.013
        53855.331861    14.388     0.010
        53855.341984    14.257     0.008
        53878.296935    14.695     0.015
        53878.307522    14.494     0.013
        53878.318095    14.345     0.012
        53878.328770    14.232     0.010
        53878.339609    14.180     0.010
        53892.268469    14.456     0.017
        53892.298410    14.207     0.015
        53892.308304    14.149     0.015
        53903.281566    14.257     0.012
        53903.291177    14.188     0.012
        53903.300779    14.163     0.010
        53903.310387    14.135     0.010
        53903.320215    14.122     0.012
        53917.225095    14.384     0.016
        53917.235005    14.253     0.021
        53917.244745    14.195     0.012
        53917.254490    14.125     0.012
        53917.264260    14.107     0.018
        53932.225548    14.092     0.009
        53932.236310    14.137     0.011
        53932.246898    14.173     0.013
        53932.257512    14.261     0.015
        53942.249981    14.093     0.025
        53942.261040    14.236     0.016
        53953.205243    14.174     0.017
        53953.217083    14.148     0.015
        53953.229128    14.107     0.013
        53953.241151    14.138     0.015
        53953.253083    14.174     0.015
        53960.193882    14.576     0.025
        53960.203679    14.791     0.021
        53960.213525    14.818     0.023
        53960.223428    14.568     0.020
        53960.233290    14.348     0.018
        53997.116573    14.225     0.008
        53997.128624    14.394     0.010
        53997.140789    14.710     0.013
        53997.153433    14.807     0.015
        53997.165966    14.580     0.012
        54010.094654    14.316     0.013
        54010.107339    14.565     0.016
        54010.122063    14.837     0.021
        54010.135019    14.638     0.018
        54025.079308    14.699     0.015
        54025.090819    14.436     0.013
        54025.102277    14.254     0.012
        54025.113768    14.183     0.012
        54025.126484    14.124     0.012
        54169.421504    14.395     0.009
        54186.378205    14.545     0.028
        54186.388401    14.332     0.025
        54186.398943    14.255     0.015
        54186.409209    14.153     0.012
        54200.375056    14.106     0.007
        54200.385152    14.123     0.007
        54200.395718    14.108     0.007
        54200.406416    14.132     0.007
        54200.416291    14.209     0.007
        54209.311925    14.265     0.028
        54209.320896    14.359     0.020
        54209.329741    14.552     0.020
        54209.338854    14.683     0.028
        54209.347705    14.669     0.013
        54217.297674    14.161     0.009
        54217.306516    14.194     0.009
        54217.315252    14.232     0.009
        54217.323969    14.217     0.009
        54217.332674    14.212     0.009
        54218.319969    14.176     0.013
        54218.329284    14.216     0.013
        54218.338246    14.321     0.015
        54218.347332    14.468     0.015
        54218.356105    14.632     0.018
        54509.451870    14.081     0.012
        54509.464379    14.134     0.012
        54509.476986    14.183     0.012
        54509.489885    14.307     0.012
        54536.428673    14.437     0.013
        54536.440850    14.658     0.015
        54536.452956    14.633     0.015
        54536.464075    14.422     0.013
        54543.397120    14.230     0.016
        54543.409366    14.165     0.015
        54543.420110    14.119     0.015
        54543.430937    14.134     0.015
        54543.441601    14.148     0.015
        54561.354743    14.187     0.013
        54561.366820    14.241     0.015
        54561.380419    14.453     0.016
        54561.391971    14.762     0.020
        54561.403341    14.856     0.026
        54614.272186    14.716     0.020
        54614.282571    14.602     0.018
        54614.292952    14.396     0.016
        54614.303215    14.246     0.015
        54614.313553    14.195     0.015
