        52640.472660    16.218     0.043
        52640.487528    16.156     0.040
        52640.502440    16.130     0.036
        52640.517288    16.164     0.038
        52644.481659    16.186     0.039
        52644.496508    16.222     0.055
        52644.511513    16.192     0.054
        52644.526252    16.238     0.091
        52648.332519    16.174     0.054
        52648.347210    16.156     0.054
        52648.376794    16.186     0.050
        52648.391555    16.135     0.044
        52667.390343    16.143     0.041
        52667.405086    16.167     0.041
        52667.420124    16.171     0.043
        52667.434882    16.199     0.046
        52667.449828    16.195     0.049
        52671.393865    16.188     0.041
        52671.409226    16.160     0.041
        52671.424393    16.196     0.041
        52671.439568    16.162     0.041
        52671.454914    16.158     0.043
        52674.393409    16.123     0.039
        52674.407295    16.205     0.043
        52674.421285    16.178     0.041
        52674.435277    16.204     0.043
        52674.449245    16.203     0.043
        52704.310268    16.146     0.039
        52704.323650    16.123     0.037
        52704.337037    16.163     0.041
        52704.350592    16.146     0.041
        52704.364073    16.157     0.041
        52707.311014    16.185     0.037
        52707.324812    16.143     0.037
        52707.338021    16.183     0.037
        52707.351734    16.167     0.037
        52707.365069    16.138     0.039
        52725.311670    16.107     0.037
        52725.323248    16.198     0.061
        52725.335139    16.250     0.076
        52725.346952    16.260     0.104
        52725.358554    16.173     0.078
        52728.235635    16.653     0.063
        52728.247856    16.451     0.050
        52728.260354    16.266     0.043
        52728.272708    16.142     0.037
        52728.284972    16.143     0.037
        52738.238296    16.157     0.041
        52738.249731    16.153     0.041
        52738.261661    16.121     0.039
        52738.273090    16.165     0.041
        52738.284699    16.174     0.043
        52755.201788    16.190     0.041
        52755.219201    16.201     0.041
        52755.232339    16.173     0.043
        52755.244368    16.218     0.044
        52755.256501    16.183     0.044
        52760.202600    16.169     0.037
        52760.214612    16.200     0.039
        52760.226531    16.208     0.041
        52760.238479    16.159     0.039
        52760.250405    16.220     0.044
        52789.168564    16.150     0.048
        52789.178912    16.141     0.048
        52789.189222    16.195     0.050
        52789.199604    16.191     0.050
        52789.210064    16.135     0.048
        52794.168166    16.152     0.050
        52794.178199    16.172     0.052
        52794.188128    16.199     0.055
        52794.198073    16.255     0.059
        52794.207996    16.210     0.059
        52967.445367    16.106     0.048
        52967.458060    16.092     0.048
        52967.470734    16.115     0.046
        52967.483620    16.169     0.048
        52967.496344    16.091     0.043
        52973.445696    16.264     0.058
        52973.457935    16.267     0.054
        52973.469505    16.266     0.053
        52973.481531    16.318     0.056
        52995.410109    16.159     0.031
        52995.423368    16.076     0.030
        52995.436535    16.105     0.031
        52995.449627    16.051     0.028
        52995.462769    16.070     0.028
        53000.419114    16.049     0.028
        53000.432280    16.071     0.028
        53000.445497    16.073     0.026
        53000.458672    16.077     0.026
        53000.472396    16.045     0.024
        53026.362441    16.075     0.026
        53026.375153    16.012     0.026
        53026.388084    16.041     0.024
        53033.339328    16.125     0.041
        53033.351544    16.127     0.041
        53033.363867    16.183     0.043
        53033.388689    16.139     0.053
        53053.349090    16.112     0.033
        53053.360704    16.160     0.039
        53053.372375    16.141     0.063
        53053.384023    16.163     0.050
        53053.396228    16.180     0.041
        53058.338929    16.066     0.024
        53058.351470    16.051     0.022
        53058.363701    16.081     0.024
        53058.375982    16.086     0.026
        53058.394122    16.091     0.026
        53079.309828    16.123     0.035
        53079.320562    16.162     0.035
        53079.331367    16.160     0.037
        53079.342114    16.111     0.037
        53079.353145    16.091     0.037
        53080.279514    17.037     0.080
        53080.289845    16.783     0.066
        53080.291030    16.756     0.063
        53080.301240    16.516     0.053
        53080.303018    16.513     0.052
        53080.314394    16.428     0.046
        53080.323738    16.259     0.041
        53080.325725    16.230     0.041
        53081.285789    16.201     0.036
        53081.297673    16.134     0.033
        53081.310646    16.161     0.035
        53081.312044    16.154     0.033
        53081.322615    16.207     0.035
        53081.323414    16.095     0.031
        53081.334684    16.195     0.035
        53081.334727    16.107     0.031
        53081.346023    16.120     0.033
        53081.357301    16.158     0.033
        53083.333127    16.515     0.043
        53083.343811    16.383     0.037
        53083.354570    16.270     0.031
        53083.366021    16.134     0.031
        53083.376834    16.098     0.031
        53086.339591    16.933     0.074
        53086.350275    16.905     0.072
        53086.361138    16.672     0.052
        53086.383019    16.276     0.037
        53092.283159    16.151     0.035
        53092.293501    16.126     0.035
        53092.303996    16.105     0.033
        53092.314406    16.097     0.033
        53092.324869    16.134     0.033
        53094.259721    16.244     0.033
        53110.193423    16.160     0.044
        53110.204114    16.143     0.044
        53110.214799    16.178     0.046
        53110.225549    16.116     0.043
        53110.236307    16.162     0.044
        53114.248972    16.057     0.028
        53114.260415    16.022     0.030
        53114.271551    16.062     0.028
        53114.282620    16.046     0.030
        53114.293928    16.085     0.030
        53117.251201    16.184     0.030
        53117.261972    16.129     0.030
        53117.272841    16.136     0.031
        53117.283626    16.143     0.031
        53117.294410    16.185     0.033
        53138.201548    16.207     0.043
        53138.211273    16.166     0.043
        53138.221117    16.183     0.039
        53138.230877    16.209     0.044
        53138.240603    16.180     0.044
        53142.208745    16.207     0.059
        53142.218275    16.125     0.031
        53142.227831    16.150     0.031
        53142.237422    16.298     0.102
        53142.246966    16.182     0.041
        53146.207073    16.095     0.031
        53146.216221    16.128     0.031
        53146.225399    16.125     0.031
        53146.234443    16.139     0.033
        53146.243523    16.126     0.033
        53166.178896    16.199     0.052
        53166.188250    16.170     0.054
        53166.197603    16.162     0.055
        53166.206981    16.235     0.059
        53166.216344    16.211     0.059
        53346.454597    16.173     0.073
        53346.467061    16.138     0.066
        53346.479282    16.187     0.068
        53346.491577    16.177     0.064
        53348.453553    16.154     0.052
        53348.466465    16.126     0.054
        53348.478923    16.161     0.068
        53348.492748    16.232     0.105
        53348.505671    16.216     0.078
        53351.491939    16.144     0.059
        53351.506451    16.165     0.059
        53351.520786    16.226     0.063
        53354.449763    16.141     0.043
        53354.462705    16.147     0.039
        53354.475472    16.184     0.041
        53354.489614    16.164     0.039
        53354.502444    16.178     0.041
        53377.407065    16.167     0.041
        53377.420237    16.189     0.041
        53377.433455    16.203     0.041
        53377.448204    16.143     0.039
        53377.461914    16.165     0.039
        53382.501493    16.160     0.041
        53382.515872    16.137     0.039
        53382.531878    16.159     0.041
        53404.371639    16.135     0.033
        53404.384431    16.203     0.035
        53404.397270    16.140     0.035
        53404.410774    16.180     0.039
        53404.423569    16.171     0.039
        53415.359441    16.162     0.041
        53415.371900    16.139     0.054
        53415.384330    16.137     0.039
        53415.397385    16.216     0.044
        53415.409840    16.152     0.041
        53433.360088    16.148     0.037
        53433.371536    16.183     0.037
        53433.382981    16.158     0.039
        53433.395659    16.213     0.043
        53433.407319    16.137     0.044
        53438.291713    16.128     0.035
        53438.304694    16.129     0.035
        53438.316855    16.104     0.035
        53438.329007    16.113     0.037
        53438.341402    16.118     0.037
        53441.282837    16.105     0.037
        53441.294218    16.160     0.037
        53441.305625    16.128     0.035
        53441.317059    16.147     0.037
        53441.328456    16.167     0.037
        53445.288060    16.213     0.041
        53445.299877    16.201     0.037
        53445.311540    16.186     0.037
        53445.322896    16.156     0.037
        53445.334114    16.215     0.039
        53447.301697    16.150     0.043
        53447.312489    16.155     0.041
        53447.323846    16.196     0.044
        53447.334611    16.114     0.052
        53447.345403    16.169     0.041
        53465.283752    16.149     0.044
        53465.295117    16.157     0.044
        53465.307061    16.129     0.043
        53465.317707    16.167     0.044
        53465.329029    16.170     0.046
        53468.235612    16.204     0.072
        53468.245295    16.231     0.057
        53468.256677    16.163     0.102
        53468.266239    16.076     0.093
        53468.275854    16.135     0.096
        53493.290624    16.247     0.067
        53493.301250    16.201     0.065
        53493.311585    16.199     0.065
        53493.322309    16.287     0.074
        53493.332370    16.200     0.067
        53503.227825    16.224     0.046
        53503.236458    16.176     0.044
        53503.245263    16.181     0.048
        53503.254027    16.226     0.048
        53503.263046    16.192     0.048
        53522.165915    16.139     0.048
        53522.176137    16.177     0.050
        53522.186383    16.171     0.052
        53522.207281    16.212     0.055
        53526.210217    16.251     0.081
        53709.447537    16.098     0.050
        53709.461019    16.118     0.048
        53709.473861    16.164     0.046
        53709.486541    16.154     0.043
        53709.499404    16.094     0.037
        53733.450697    16.125     0.046
        53733.463427    16.142     0.046
        53733.476052    16.169     0.052
        53737.469779    16.180     0.041
        53737.482937    16.203     0.041
        53737.496269    16.162     0.041
        53737.509553    16.221     0.041
        53737.522929    16.251     0.043
        53788.470260    16.172     0.046
        53788.482188    16.214     0.052
        53788.494148    16.197     0.054
        53788.506167    16.199     0.055
        53788.518278    16.211     0.061
        53790.345195    16.193     0.043
        53790.357090    16.187     0.043
        53790.368937    16.209     0.045
        53790.380747    16.204     0.045
        53790.392810    16.182     0.045
        53791.362717    16.150     0.041
        53791.374459    16.171     0.041
        53791.386201    16.180     0.043
        53791.397953    16.172     0.043
        53791.409706    16.168     0.043
        53794.345661    16.193     0.041
        53794.357268    16.231     0.041
        53794.369096    16.142     0.037
        53794.380742    16.220     0.041
        53794.392364    16.211     0.043
        53799.288573    16.194     0.031
        53799.300635    16.152     0.030
        53799.312461    16.190     0.030
        53799.324260    16.168     0.030
        53799.336027    16.163     0.031
        53818.282504    16.158     0.048
        53818.284640    16.206     0.045
        53818.293119    16.169     0.048
        53818.295702    16.194     0.043
        53818.303746    16.171     0.048
        53818.306785    16.193     0.043
        53818.314434    16.175     0.048
        53818.317940    16.225     0.046
        53818.325238    16.160     0.046
        53818.329014    16.192     0.045
        53820.228208    16.100     0.091
        53823.310720    16.133     0.044
        53823.323065    16.163     0.044
        53823.335865    16.173     0.044
        53823.348195    16.087     0.043
        53823.363779    16.133     0.044
        53825.281124    16.149     0.046
        53825.292183    16.155     0.048
        53825.304631    16.172     0.048
        53825.314956    16.173     0.048
        53825.326673    16.249     0.055
        53829.233955    16.246     0.135
        53829.265861    16.262     0.111
        53829.276835    16.300     0.139
        53845.193900    16.137     0.049
        53845.205060    16.121     0.049
        53845.216154    16.160     0.053
        53845.227241    16.196     0.054
        53848.242892    16.187     0.061
        53848.264090    16.131     0.061
        53848.274980    16.158     0.063
        53848.285451    16.205     0.065
        53849.250264    16.111     0.046
        53849.260995    16.178     0.048
        53849.271692    16.184     0.050
        53849.282388    16.154     0.050
        53849.293301    16.123     0.052
        53851.194838    16.542     0.076
        53851.205074    16.408     0.066
        53851.215347    16.294     0.061
        53851.225651    16.237     0.061
        53851.235990    16.213     0.058
        53852.254913    16.087     0.054
        53852.265330    16.180     0.059
        53852.276084    16.125     0.057
        53852.286944    16.110     0.057
        53852.298157    16.107     0.057
        53855.245543    16.155     0.055
        53855.256675    16.126     0.054
        53855.267745    16.126     0.054
        53855.279199    16.135     0.055
        53855.289933    16.172     0.055
        53858.217172    16.104     0.081
        53858.227322    16.102     0.100
        53858.237613    16.127     0.089
        53880.159247    16.107     0.059
        53880.166449    16.149     0.053
        53880.170395    16.206     0.067
        53880.177900    16.105     0.053
        53880.181593    16.152     0.061
        53880.188583    16.216     0.056
        53880.192754    16.113     0.059
        53880.199400    16.082     0.053
        53880.203941    16.190     0.065
        53880.210326    16.120     0.054
        53883.169243    16.135     0.059
        53883.182307    16.225     0.065
        53883.194737    16.189     0.063
        53883.206136    16.116     0.061
        53883.217648    16.177     0.065
        53884.163137    16.173     0.054
        53884.173875    16.112     0.053
        53884.185099    16.167     0.056
        53884.195826    16.160     0.058
        53884.206695    16.147     0.056
        53885.161324    16.107     0.057
        53885.173510    16.131     0.059
        53885.185593    16.135     0.061
        53885.197722    16.135     0.065
        53885.209855    16.094     0.063
        54059.477575    16.243     0.063
        54059.490033    16.235     0.058
        54059.502638    16.242     0.058
        54084.480950    16.115     0.046
        54084.494680    16.199     0.054
        54084.508413    16.132     0.054
        54084.522139    16.212     0.054
        54112.436014    16.201     0.064
        54112.448732    16.257     0.068
        54112.461618    16.287     0.101
        54112.474251    16.157     0.056
        54112.486883    16.106     0.051
        54121.394433    16.213     0.040
        54121.407056    16.114     0.035
        54121.419579    16.161     0.038
        54121.432130    16.118     0.040
        54121.444649    16.093     0.041
        54124.335577    16.716     0.055
        54124.352604    16.429     0.041
        54124.367041    16.278     0.035
        54124.381584    16.170     0.030
        54124.396709    16.190     0.031
        54149.338039    16.128     0.045
        54149.350051    16.141     0.045
        54149.362591    16.142     0.045
        54149.374597    16.095     0.045
        54149.386577    16.125     0.049
        54152.338861    16.160     0.031
        54152.350818    16.154     0.031
        54152.362785    16.177     0.031
        54152.375187    16.166     0.031
        54152.390099    16.131     0.030
        54173.268265    16.165     0.045
        54173.278978    16.199     0.048
        54173.290076    16.188     0.046
        54173.300744    16.213     0.046
        54173.311422    16.144     0.043
        54175.320650    16.133     0.035
        54175.331429    16.142     0.035
        54175.342060    16.162     0.035
        54175.352793    16.134     0.035
        54175.363477    16.141     0.037
        54185.273030    16.219     0.063
        54185.283276    16.160     0.058
        54201.239276    16.123     0.043
        54201.248623    16.204     0.045
        54201.257845    16.102     0.040
        54201.267109    16.164     0.045
        54201.276392    16.235     0.046
        54207.263837    16.106     0.039
        54207.272986    16.126     0.037
        54207.282167    16.119     0.072
        54210.225082    16.166     0.039
        54210.233996    16.122     0.037
        54210.242886    16.149     0.037
        54210.251799    16.125     0.039
        54210.260739    16.135     0.039
        54440.473910    16.135     0.030
        54454.398978    16.087     0.041
        54454.412147    16.089     0.037
        54454.425311    16.084     0.033
        54454.438842    16.137     0.030
        54454.452014    16.109     0.030
        54474.397533    16.145     0.033
        54474.410541    16.154     0.035
        54474.423548    16.105     0.024
        54474.436558    16.090     0.026
        54474.449571    16.178     0.033
        54508.352274    16.130     0.028
        54508.364471    16.102     0.028
        54508.376658    16.142     0.028
        54508.389008    16.090     0.028
        54508.401356    16.085     0.028
        54523.394597    16.330     0.037
        54523.406419    16.366     0.041
        54523.418301    16.590     0.052
        54523.430133    16.555     0.052
        54523.441962    16.387     0.046
        54530.271862    16.234     0.055
        54530.283171    16.131     0.050
        54530.287970    16.189     0.068
        54530.294663    16.136     0.031
        54530.299992    16.133     0.053
        54530.306140    16.150     0.030
        54530.311553    16.108     0.068
        54530.317489    16.115     0.048
        54535.395783    16.128     0.043
        54535.406798    16.220     0.046
        54535.417796    16.224     0.049
        54535.428801    16.253     0.049
        54535.439976    16.183     0.048
        54537.273078    16.198     0.039
        54537.284116    16.127     0.037
        54537.295172    16.150     0.030
        54537.306178    16.178     0.054
        54537.317245    16.149     0.026
        54554.302823    16.125     0.024
        54554.314803    16.118     0.024
        54554.326950    16.121     0.024
        54554.338945    16.132     0.026
        54554.350963    16.116     0.028
        54558.180523    16.137     0.041
        54558.192100    16.123     0.057
        54558.203679    16.093     0.046
        54558.215226    16.157     0.078
        54558.226830    16.117     0.052
        54564.245963    16.090     0.026
        54564.257281    16.111     0.028
        54564.268594    16.113     0.028
        54564.279909    16.115     0.028
        54564.291296    16.129     0.028
        54580.203079    16.052     0.058
        54580.213327    16.036     0.059
        54580.223617    16.137     0.061
        54580.234502    16.102     0.061
        54580.245419    16.041     0.059
        54585.242788    16.192     0.059
        54585.253074    16.141     0.035
        54585.263343    16.154     0.044
        54585.273646    16.127     0.031
        54585.283947    16.126     0.033
        54592.197163    16.116     0.035
        54592.207803    16.111     0.052
        54592.218320    16.125     0.037
        54592.228847    16.131     0.037
        54592.239378    16.107     0.037
        54611.187235    16.015     0.048
        54611.195485    16.077     0.051
        54615.167317    16.112     0.037
        54615.177823    16.098     0.037
        54615.188274    16.138     0.039
        54615.198745    16.121     0.039
        54615.209214    16.168     0.043
