        52721.432466    16.974     0.094
        52721.445130    17.104     0.107
        52721.457638    17.074     0.105
        52721.470171    17.078     0.105
        52721.482762    17.080     0.104
        52750.345693    16.907     0.120
        52750.356433    16.938     0.141
        52750.367284    17.567     0.438
        52750.378042    17.411     0.303
        52750.388815    17.228     0.379
        52781.322325    16.759     0.084
        52781.332948    16.869     0.096
        52781.343860    16.746     0.092
        52781.354473    16.861     0.106
        52781.365109    16.746     0.097
        52801.271570    16.551     0.159
        52801.281639    16.698     0.174
        52801.291797    16.679     0.163
        52801.301918    16.727     0.179
        52801.312088    16.765     0.194
        52809.292916    16.621     0.076
        52809.302823    16.532     0.068
        52809.312751    16.608     0.074
        52830.225358    16.665     0.113
        52830.235311    16.712     0.117
        52830.245249    16.740     0.118
        52830.255123    16.804     0.126
        52830.265032    16.834     0.128
        52845.214168    16.734     0.088
        52845.224398    16.772     0.092
        52845.234353    16.806     0.094
        52845.244249    16.701     0.084
        52845.254232    16.665     0.083
        52873.196952    16.868     0.109
        52873.209006    16.640     0.129
        52873.221053    16.748     0.098
        52897.177091    16.686     0.096
        52897.190280    16.479     0.085
        52897.202014    16.634     0.105
        52897.213818    16.658     0.113
        52897.225784    16.599     0.113
        52927.087138    16.716     0.076
        52927.098628    16.684     0.072
        52927.111154    16.706     0.070
        52927.123824    16.809     0.080
        52927.135359    16.847     0.091
        52948.077443    17.038     0.139
        52948.089328    17.027     0.139
        52948.101237    16.928     0.131
        52948.113280    17.177     0.168
        52948.125435    17.235     0.189
        53045.437679    16.767     0.118
        53045.448835    16.657     0.105
        53045.471876    16.960     0.130
        53045.483016    16.804     0.109
        53096.383808    16.616     0.098
        53096.393864    16.530     0.087
        53096.403900    16.584     0.091
        53096.413929    16.554     0.085
        53096.424038    16.572     0.081
        53108.362060    16.673     0.059
        53108.373031    16.675     0.063
        53108.384179    16.652     0.063
        53108.395242    16.716     0.065
        53108.406340    16.698     0.065
        53125.342205    16.567     0.093
        53125.352066    16.500     0.087
        53125.361942    16.491     0.083
        53125.371998    16.562     0.087
        53125.381868    16.531     0.083
        53134.296520    16.540     0.072
        53134.306018    16.585     0.080
        53134.315563    16.626     0.085
        53134.325061    16.692     0.093
        53155.307813    16.804     0.117
        53155.316756    16.718     0.107
        53155.325722    16.782     0.115
        53155.334628    16.705     0.109
        53163.274074    16.577     0.168
        53182.330595    17.006     0.102
        53182.340395    17.017     0.115
        53182.350202    17.376     0.252
        53182.360014    17.239     0.178
        53182.369827    17.077     0.261
        53193.251258    16.961     0.290
        53193.261343    16.960     0.115
        53193.271436    16.908     0.118
        53214.247517    16.493     0.141
        53244.186515    16.740     0.111
        53244.196687    16.785     0.118
        53244.206862    16.553     0.096
        53244.217092    16.644     0.105
        53244.227271    16.666     0.109
        53283.119445    16.712     0.067
        53283.129636    16.713     0.067
        53283.139850    16.777     0.072
        53283.150033    16.810     0.076
        53283.160237    16.710     0.072
        53303.078568    16.612     0.102
        53303.090497    16.658     0.105
        53303.102444    16.605     0.104
        53303.114383    16.696     0.118
        53303.126339    16.732     0.128
        53312.069846    16.776     0.091
        53312.081882    16.743     0.093
        53312.093919    16.629     0.085
        53312.105933    16.751     0.096
        53312.117968    16.931     0.120
        53400.494261    16.630     0.089
        53400.506910    16.613     0.083
        53400.519563    16.639     0.081
        53429.440104    16.545     0.085
        53429.451373    16.644     0.089
        53429.462607    16.607     0.085
        53429.473912    16.678     0.089
        53429.485221    16.617     0.081
        53461.391972    16.598     0.070
        53461.402301    16.619     0.070
        53461.412612    16.650     0.072
        53461.422973    16.683     0.072
        53461.433309    16.645     0.068
        53489.367523    16.962     0.161
        53489.377573    17.264     0.191
        53489.387642    17.057     0.120
        53489.397746    17.070     0.154
        53535.270656    16.785     0.080
        53535.280600    16.978     0.098
        53535.290539    16.922     0.089
        53535.300559    16.863     0.081
        53535.310540    16.761     0.076
        53563.237612    16.635     0.089
        53563.248203    16.652     0.076
        53563.258779    16.608     0.072
        53599.207441    16.994     0.170
        53599.219993    16.974     0.189
        53599.232474    16.946     0.174
        53599.245209    16.740     0.213
        53635.156701    17.078     0.126
        53635.167011    16.916     0.107
        53635.177521    17.112     0.183
        53635.187844    16.714     0.113
        53635.198137    16.699     0.131
        53664.081852    16.978     0.098
        53664.092939    16.961     0.098
        53664.103881    17.076     0.115
        53664.114853    17.112     0.135
        53664.125757    16.943     0.130
        53755.475102    16.892     0.128
        53755.487858    16.889     0.122
        53755.500865    16.933     0.124
        53755.513619    16.957     0.120
        53755.526478    17.022     0.124
        53775.488803    16.668     0.159
        53803.413248    16.719     0.091
        53803.426430    16.798     0.097
        53803.438406    16.615     0.079
        53803.450372    16.644     0.073
        53803.462490    16.655     0.071
        53807.430589    16.560     0.134
        53829.368884    16.726     0.299
        53829.402443    16.565     0.137
        53829.413635    17.381     0.454
        53833.370503    16.732     0.078
        53833.382640    16.722     0.078
        53833.394944    16.729     0.074
        53833.405758    16.731     0.073
        53833.415968    16.783     0.073
        53864.296946    17.024     0.188
        53864.306565    16.935     0.170
        53864.316408    16.962     0.172
        53864.326089    17.010     0.178
        53864.335815    16.855     0.147
        53876.357124    16.879     0.107
        53905.269701    16.651     0.074
        53905.279333    16.696     0.078
        53905.289239    16.735     0.079
        53905.298864    16.804     0.083
        53905.308516    16.782     0.083
        53933.221847    17.039     0.132
        53933.232174    16.991     0.140
        53933.242558    17.216     0.152
        53933.252842    17.313     0.165
        53933.263267    17.107     0.127
        53955.211908    16.919     0.220
        53955.223866    16.813     0.205
        53955.236256    16.997     0.252
        53955.248249    16.703     0.194
        53955.260169    17.243     0.326
        53991.170257    16.982     0.119
        53991.183242    17.002     0.127
        53991.194937    17.127     0.295
        53992.154392    16.595     0.102
        54021.084911    16.449     0.071
        54021.096547    16.366     0.068
        54021.108012    16.432     0.073
        54021.119473    16.376     0.071
        54021.130955    16.494     0.083
        54050.060244    16.532     0.063
        54050.072395    16.627     0.067
        54050.084770    16.499     0.065
        54050.096983    16.591     0.068
        54050.109247    16.594     0.072
        54139.473797    16.375     0.167
        54139.485604    16.413     0.140
        54139.497643    16.468     0.130
        54157.442593    16.808     0.091
        54157.453747    16.774     0.083
        54157.466679    16.802     0.086
        54157.479116    16.822     0.084
        54157.490279    16.813     0.081
        54524.453844    16.405     0.061
        54524.465835    16.431     0.063
        54524.477556    16.512     0.066
        54524.489045    16.581     0.073
        54524.500674    16.463     0.068
        54539.423312    16.449     0.071
        54539.434439    16.648     0.068
        54539.447152    16.622     0.069
        54539.458667    16.697     0.066
        54539.469865    16.686     0.066
        54571.352880    16.518     0.084
        54571.364928    16.523     0.084
        54571.377783    16.623     0.086
        54571.388561    16.577     0.081
        54571.399433    16.602     0.081
        54587.347676    17.012     0.188
        54587.357737    17.064     0.175
        54587.367742    16.909     0.165
        54620.270132    16.667     0.092
        54620.280319    16.546     0.081
        54620.291132    16.749     0.101
        54620.301313    16.553     0.084
        54620.311492    16.612     0.087
