        52721.432466    14.333     0.009
        52721.445130    14.334     0.011
        52721.457638    14.341     0.011
        52721.470171    14.356     0.011
        52721.482762    14.352     0.011
        52750.345693    14.404     0.015
        52750.356433    14.446     0.017
        52750.378042    14.490     0.022
        52781.322431    14.679     0.015
        52781.343969    14.634     0.016
        52781.354579    14.614     0.016
        52781.365215    14.552     0.015
        52801.271570    14.386     0.024
        52801.281639    14.403     0.022
        52801.291797    14.443     0.022
        52801.301918    14.444     0.024
        52801.312088    14.490     0.026
        52809.292916    14.329     0.011
        52809.302823    14.356     0.011
        52809.312751    14.373     0.011
        52830.225358    14.647     0.018
        52830.235311    14.657     0.018
        52830.245249    14.657     0.018
        52830.255123    14.651     0.018
        52830.265032    14.622     0.018
        52897.177091    14.485     0.015
        52897.190280    14.511     0.015
        52897.202014    14.534     0.017
        52897.213818    14.582     0.018
        52897.225784    14.600     0.018
        52927.087138    14.627     0.015
        52927.098628    14.637     0.015
        52927.111154    14.664     0.015
        52927.123824    14.660     0.015
        52927.135359    14.627     0.017
        52948.077443    14.346     0.013
        52948.089328    14.386     0.013
        52948.101237    14.406     0.015
        52948.113280    14.413     0.015
        52948.125435    14.457     0.017
        53045.437679    14.674     0.020
        53045.448835    14.638     0.018
        53045.471876    14.607     0.017
        53045.483016    14.575     0.017
        53096.383808    14.673     0.018
        53096.393864    14.648     0.018
        53096.403900    14.630     0.017
        53096.413929    14.606     0.017
        53096.424038    14.600     0.017
        53108.362060    14.530     0.011
        53108.373031    14.562     0.011
        53108.384179    14.560     0.011
        53108.395242    14.585     0.011
        53108.406340    14.610     0.011
        53125.342205    14.336     0.013
        53125.352066    14.340     0.013
        53125.361942    14.340     0.013
        53125.371998    14.376     0.013
        53125.381868    14.387     0.013
        53134.296520    14.625     0.015
        53134.306018    14.574     0.015
        53134.315563    14.539     0.015
        53134.325061    14.486     0.015
        53155.307813    14.612     0.017
        53155.316756    14.611     0.017
        53155.325722    14.609     0.017
        53155.334628    14.635     0.018
        53182.330595    14.321     0.011
        53182.340395    14.337     0.013
        53182.350202    14.311     0.018
        53182.360014    14.369     0.017
        53182.369827    14.340     0.026
        53193.231072    14.668     0.026
        53193.251258    14.606     0.037
        53193.261343    14.662     0.017
        53193.271436    14.651     0.017
        53214.247517    14.445     0.020
        53244.186515    14.670     0.018
        53244.196687    14.689     0.018
        53244.206862    14.678     0.018
        53244.217092    14.660     0.018
        53244.227271    14.635     0.018
        53283.119445    14.603     0.011
        53283.129636    14.552     0.011
        53283.139850    14.503     0.011
        53283.150033    14.457     0.011
        53283.160237    14.418     0.011
        53303.078568    14.426     0.015
        53303.090497    14.459     0.017
        53303.102444    14.476     0.017
        53303.114383    14.501     0.018
        53303.126339    14.551     0.020
        53312.069846    14.312     0.011
        53312.081882    14.353     0.013
        53312.093919    14.369     0.013
        53312.105933    14.397     0.013
        53312.117968    14.419     0.013
        53400.494261    14.383     0.013
        53400.506910    14.340     0.013
        53400.519563    14.333     0.013
        53429.440104    14.451     0.015
        53429.451373    14.434     0.015
        53429.462607    14.478     0.015
        53429.473912    14.498     0.015
        53429.485221    14.500     0.015
        53461.391972    14.661     0.015
        53461.402301    14.673     0.015
        53461.412612    14.659     0.013
        53461.422973    14.642     0.013
        53461.433309    14.625     0.013
        53489.367523    14.373     0.017
        53489.377573    14.362     0.015
        53489.387642    14.358     0.011
        53489.397746    14.385     0.015
        53535.270656    14.349     0.011
        53535.280600    14.369     0.011
        53535.290539    14.354     0.011
        53535.300559    14.355     0.011
        53535.310540    14.373     0.011
        53563.237612    14.653     0.017
        53563.248203    14.645     0.015
        53563.258779    14.666     0.015
        53599.207441    14.552     0.018
        53599.219993    14.514     0.020
        53599.232474    14.444     0.018
        53635.156701    14.340     0.011
        53635.167011    14.353     0.011
        53635.177521    14.327     0.013
        53635.187844    14.339     0.013
        53635.198137    14.351     0.015
        53664.081852    14.513     0.011
        53664.092939    14.518     0.011
        53664.103881    14.531     0.013
        53664.114853    14.562     0.015
        53664.125757    14.583     0.017
        53755.475102    14.350     0.015
        53755.487858    14.314     0.015
        53755.500865    14.341     0.015
        53755.513619    14.344     0.013
        53755.526478    14.360     0.013
        53803.413248    14.353     0.012
        53803.426430    14.356     0.012
        53803.438406    14.337     0.012
        53803.450372    14.350     0.010
        53803.462490    14.379     0.010
        53807.430589    14.371     0.020
        53833.370503    14.582     0.012
        53833.382640    14.588     0.012
        53833.394944    14.621     0.012
        53833.405758    14.641     0.012
        53833.415968    14.653     0.012
        53876.357124    14.697     0.018
        53905.269701    14.414     0.012
        53905.279333    14.381     0.012
        53905.289239    14.369     0.012
        53905.298864    14.360     0.012
        53905.308516    14.369     0.012
        53933.221847    14.477     0.016
        53933.232174    14.494     0.018
        53933.242558    14.510     0.016
        53933.252842    14.544     0.016
        53933.263267    14.577     0.015
        53955.211908    14.433     0.024
        53955.223866    14.402     0.024
        53955.236256    14.418     0.024
        53955.248249    14.365     0.024
        53955.260169    14.354     0.024
        53991.170257    14.372     0.013
        53991.183242    14.408     0.013
        53991.194937    14.417     0.025
        53992.154392    14.355     0.015
        54021.084911    14.602     0.015
        54021.096547    14.594     0.015
        54021.108012    14.632     0.015
        54021.119473    14.644     0.016
        54021.130955    14.650     0.016
        54050.060244    14.401     0.011
        54050.072395    14.376     0.009
        54050.084770    14.347     0.011
        54050.096983    14.337     0.009
        54050.109247    14.317     0.011
        54139.449498    14.642     0.036
        54139.497643    14.613     0.026
        54157.442593    14.467     0.013
        54157.453747    14.502     0.012
        54157.466679    14.541     0.013
        54157.479116    14.556     0.012
        54157.490279    14.600     0.013
        54524.453844    14.413     0.015
        54524.465835    14.439     0.015
        54524.477556    14.467     0.015
        54524.489045    14.510     0.015
        54524.500674    14.519     0.016
        54539.423312    14.439     0.020
        54539.434439    14.388     0.015
        54539.447152    14.388     0.015
        54539.458667    14.350     0.013
        54539.469865    14.341     0.013
        54571.352880    14.331     0.016
        54571.364928    14.385     0.016
        54571.377783    14.432     0.018
        54571.388561    14.448     0.016
        54571.399433    14.475     0.018
        54587.347676    14.429     0.025
        54587.357737    14.409     0.023
        54587.367742    14.413     0.023
        54587.388127    14.352     0.021
        54620.270132    14.393     0.020
        54620.280319    14.374     0.020
        54620.291132    14.381     0.020
        54620.301313    14.410     0.020
        54620.311492    14.417     0.020
