        52613.444595    15.368     0.020
        52613.459737    15.439     0.022
        52613.475013    15.335     0.020
        52613.490255    15.221     0.018
        52613.505464    15.174     0.018
        52618.451067    15.368     0.030
        52618.466368    15.576     0.043
        52618.481721    15.450     0.031
        52618.497219    15.247     0.028
        52618.512630    15.166     0.020
        52640.425505    15.093     0.015
        52640.441087    15.143     0.015
        52640.456332    15.190     0.015
        52640.471346    15.234     0.017
        52640.486194    15.345     0.017
        52643.376899    15.458     0.020
        52643.391170    15.468     0.022
        52643.405363    15.313     0.020
        52643.419629    15.219     0.018
        52643.433752    15.174     0.017
        52647.391952    15.125     0.017
        52647.406858    15.113     0.017
        52647.421239    15.129     0.018
        52647.435676    15.167     0.018
        52647.450047    15.196     0.018
        52666.337483    15.283     0.023
        52666.352403    15.157     0.021
        52670.333729    15.110     0.015
        52670.347702    15.083     0.015
        52670.361692    15.108     0.017
        52670.375698    15.105     0.017
        52670.389708    15.178     0.018
        52673.297533    15.334     0.018
        52673.312906    15.414     0.018
        52673.328160    15.352     0.018
        52673.343482    15.208     0.017
        52673.358666    15.181     0.017
        52678.311310    15.450     0.031
        52678.325415    15.505     0.050
        52678.339407    15.412     0.022
        52678.353392    15.298     0.020
        52678.367525    15.210     0.018
        52681.272358    15.091     0.026
        52681.289502    15.065     0.024
        52681.307363    15.078     0.020
        52681.326083    15.187     0.018
        52681.344539    15.291     0.020
        52698.287462    15.126     0.018
        52698.305318    15.110     0.018
        52698.319733    15.122     0.018
        52703.249097    15.441     0.020
        52703.262604    15.352     0.026
        52703.276540    15.179     0.026
        52703.290005    15.156     0.017
        52703.303411    15.126     0.020
        52725.267198    15.322     0.031
        52725.290666    15.370     0.030
        52725.302375    15.216     0.017
        52730.233327    15.143     0.017
        52730.244949    15.154     0.017
        52730.256688    15.240     0.018
        52730.268380    15.352     0.020
        52730.280136    15.435     0.022
        52733.244818    15.119     0.017
        52733.257249    15.111     0.017
        52733.269379    15.119     0.017
        52733.282474    15.201     0.018
        52733.294493    15.241     0.031
        52754.196737    15.138     0.017
        52754.208926    15.103     0.017
        52754.221188    15.092     0.017
        52754.233388    15.127     0.018
        52754.245567    15.174     0.020
        52758.149263    15.115     0.015
        52758.161264    15.105     0.015
        52758.173346    15.091     0.015
        52758.185501    15.117     0.015
        52758.197543    15.142     0.015
        52940.458413    15.247     0.048
        52940.471096    15.138     0.048
        52940.484577    15.191     0.070
        52940.497081    15.193     0.035
        52944.440316    15.088     0.026
        52944.452395    15.091     0.024
        52944.464262    15.139     0.024
        52944.476258    15.186     0.024
        52944.488293    15.230     0.024
        52964.460331    15.115     0.015
        52964.473355    15.108     0.015
        52964.486578    15.071     0.013
        52964.502240    15.066     0.013
        52966.407149    15.397     0.022
        52966.419895    15.255     0.018
        52966.432603    15.180     0.018
        52966.445329    15.136     0.017
        52966.458037    15.067     0.015
        52973.397857    15.367     0.022
        52973.410836    15.228     0.018
        52973.423935    15.163     0.017
        52973.436733    15.119     0.017
        52973.449803    15.102     0.015
        52993.389108    15.107     0.013
        52993.402195    15.167     0.015
        52993.415432    15.284     0.017
        52993.428670    15.406     0.015
        52993.441800    15.386     0.015
        52997.412733    15.234     0.052
        52997.438474    15.103     0.035
        53025.368403    15.175     0.015
        53025.381350    15.125     0.037
        53025.394451    15.046     0.011
        53028.340986    15.151     0.011
        53028.353631    15.220     0.013
        53028.378713    15.372     0.015
        53028.391201    15.282     0.013
        53033.279616    15.195     0.020
        53033.292293    15.131     0.018
        53033.304819    15.102     0.018
        53033.317308    15.119     0.016
        53033.329762    15.133     0.016
        53052.274674    15.092     0.013
        53052.286456    15.080     0.013
        53052.298323    15.049     0.013
        53052.310308    15.065     0.013
        53052.322110    15.088     0.015
        53061.276509    15.054     0.009
        53061.287800    15.080     0.011
        53061.299023    15.110     0.011
        53061.310181    15.168     0.011
        53061.321344    15.244     0.011
        53079.226003    15.161     0.018
        53079.237082    15.162     0.016
        53079.248135    15.267     0.018
        53079.259073    15.333     0.020
        53079.270036    15.421     0.020
        53082.282189    15.198     0.011
        53082.293516    15.255     0.013
        53082.305343    15.333     0.015
        53082.316772    15.348     0.015
        53082.328421    15.281     0.013
        53091.231973    15.115     0.013
        53091.253113    15.255     0.013
        53091.263617    15.367     0.015
        53091.274363    15.399     0.015
        53110.187933    15.084     0.020
        53110.198933    15.081     0.020
        53110.209811    15.098     0.020
        53110.220772    15.139     0.020
        53110.231696    15.189     0.021
        53116.254295    15.120     0.022
        53116.265506    15.103     0.033
        53116.276638    15.132     0.039
        53116.298997    15.223     0.044
        53138.155069    15.105     0.020
        53138.164799    15.113     0.020
        53138.175148    15.124     0.020
        53138.184799    15.156     0.020
        53138.194402    15.206     0.021
        53141.164460    15.114     0.017
        53141.173894    15.103     0.017
        53141.183671    15.079     0.015
        53141.193185    15.072     0.017
        53141.202837    15.066     0.017
        53144.175105    15.231     0.021
        53144.184058    15.229     0.023
        53144.192938    15.190     0.031
        53144.201803    15.157     0.026
        53316.458630    15.408     0.048
        53327.378126    15.442     0.048
        53327.390510    15.433     0.046
        53327.402893    15.283     0.030
        53327.415342    15.213     0.030
        53327.427710    15.118     0.026
        53347.470390    15.162     0.017
        53347.486804    15.103     0.017
        53347.501843    15.076     0.017
        53347.519507    15.063     0.015
        53353.394926    15.168     0.018
        53353.407856    15.153     0.018
        53353.420801    15.106     0.018
        53353.433724    15.103     0.018
        53353.446724    15.118     0.018
        53357.440090    15.361     0.020
        53357.453516    15.471     0.022
        53357.468572    15.425     0.022
        53357.482621    15.276     0.020
        53357.496912    15.172     0.017
        53376.416835    15.166     0.017
        53376.430657    15.278     0.018
        53376.444334    15.370     0.020
        53376.458036    15.284     0.018
        53376.471596    15.261     0.018
        53381.357761    15.143     0.018
        53381.371088    15.101     0.018
        53381.385070    15.104     0.033
        53381.399707    15.128     0.017
        53381.414494    15.162     0.022
        53403.358791    15.226     0.018
        53403.371640    15.147     0.017
        53403.385540    15.045     0.017
        53403.398494    15.016     0.017
        53432.284778    15.134     0.046
        53432.299218    15.156     0.035
        53432.311771    15.116     0.043
        53432.339037    15.324     0.055
        53437.234444    15.338     0.018
        53437.246930    15.212     0.017
        53437.258478    15.157     0.015
        53437.270051    15.121     0.015
        53437.281508    15.081     0.015
        53438.353038    15.061     0.015
        53438.365261    15.066     0.017
        53438.376789    15.112     0.017
        53438.388402    15.128     0.018
        53438.400000    15.203     0.020
        53440.239702    15.309     0.017
        53440.251434    15.395     0.018
        53440.263056    15.388     0.018
        53440.278223    15.287     0.017
        53440.290920    15.179     0.017
        53443.217791    15.050     0.013
        53443.228783    15.080     0.039
        53443.251175    15.177     0.028
        53443.262831    15.169     0.022
        53445.350431    15.038     0.017
        53445.361860    15.010     0.017
        53445.373484    15.046     0.017
        53445.386060    15.080     0.017
        53445.397787    15.165     0.018
        53446.219840    15.122     0.017
        53446.230432    15.122     0.017
        53446.241020    15.087     0.017
        53446.252124    15.033     0.015
        53446.263320    15.002     0.017
        53464.241523    15.270     0.018
        53464.251961    15.346     0.018
        53464.262794    15.397     0.020
        53464.273366    15.345     0.024
        53464.283796    15.257     0.024
        53495.195852    15.070     0.026
        53495.206160    15.147     0.026
        53495.216412    15.175     0.031
        53495.226625    15.233     0.031
        53495.236937    15.329     0.046
        53502.144593    15.107     0.018
        53502.155387    15.078     0.018
        53502.165937    15.102     0.018
        53502.176769    15.112     0.020
        53502.187151    15.084     0.020
        53705.453832    15.097     0.018
        53705.466830    15.127     0.018
        53705.479490    15.145     0.017
        53705.492197    15.175     0.018
        53705.504866    15.249     0.018
        53708.451502    15.176     0.017
        53708.464280    15.112     0.017
        53708.477223    15.116     0.017
        53708.490054    15.093     0.017
        53708.502707    15.076     0.017
        53712.397475    15.174     0.022
        53712.411648    15.109     0.020
        53712.428297    15.057     0.020
        53712.441945    15.059     0.018
        53712.455799    15.081     0.018
        53732.415362    15.458     0.031
        53732.428023    15.418     0.030
        53732.440800    15.264     0.026
        53732.453575    15.176     0.024
        53732.466346    15.145     0.024
        53735.445114    15.483     0.031
        53735.458260    15.467     0.024
        53738.402655    15.097     0.017
        53738.415767    15.106     0.017
        53738.428808    15.099     0.018
        53738.441805    15.128     0.018
        53738.454995    15.207     0.020
        53747.345407    15.265     0.046
        53747.358316    15.166     0.043
        53747.371137    15.141     0.037
        53747.384225    15.274     0.046
        53747.397673    15.131     0.035
        53759.347383    15.118     0.017
        53759.360290    15.106     0.017
        53759.372964    15.087     0.017
        53759.385641    15.067     0.017
        53759.398328    15.066     0.020
        53762.351359    15.399     0.020
        53762.364076    15.287     0.018
        53762.377082    15.200     0.017
        53762.389965    15.122     0.015
        53762.402990    15.086     0.015
        53769.324463    15.381     0.018
        53769.337778    15.404     0.018
        53769.351508    15.307     0.017
        53769.365342    15.194     0.015
        53769.379251    15.104     0.015
        53788.407871    15.039     0.018
        53788.419773    15.091     0.020
        53788.431727    15.109     0.020
        53789.292757    15.128     0.028
        53789.305359    15.129     0.020
        53789.318375    15.056     0.035
        53789.330847    15.134     0.036
        53790.285951    15.370     0.022
        53790.297727    15.417     0.024
        53790.309501    15.354     0.022
        53790.321256    15.282     0.020
        53790.333014    15.174     0.018
        53797.241177    15.135     0.017
        53797.252730    15.188     0.017
        53797.264375    15.249     0.017
        53797.275949    15.378     0.022
        53797.287518    15.400     0.020
        53799.281297    15.371     0.022
        53799.292779    15.275     0.020
        53799.304285    15.188     0.018
        53799.315795    15.154     0.018
        53799.327502    15.111     0.018
        53817.334256    15.382     0.026
        53817.345120    15.400     0.028
        53817.355980    15.332     0.028
        53817.366880    15.255     0.026
        53819.281621    15.231     0.020
        53819.292571    15.264     0.024
        53819.316526    15.455     0.033
        53819.327718    15.487     0.026
        53827.289550    15.127     0.018
        53827.300671    15.141     0.018
        53827.311598    15.134     0.018
        53827.333280    15.234     0.022
        53832.173524    15.310     0.044
        53845.187658    15.187     0.024
        53845.198365    15.198     0.024
        53845.209080    15.113     0.022
        53845.219947    15.097     0.022
        53845.230693    15.121     0.024
        53848.190360    15.501     0.031
        53848.200987    15.397     0.030
        53848.211691    15.288     0.028
        53848.222337    15.197     0.026
        53848.233662    15.148     0.026
        53850.220908    15.092     0.020
        53850.231542    15.081     0.018
        53850.242229    15.114     0.020
        53850.253139    15.088     0.020
        53850.264261    15.165     0.022
        53851.187693    15.203     0.025
        53851.197912    15.276     0.026
        53851.208191    15.372     0.030
        53851.218490    15.487     0.033
        53851.228831    15.505     0.035
        53853.191300    15.347     0.026
        53853.201728    15.430     0.028
        53853.213133    15.374     0.026
        53853.223541    15.267     0.024
        53853.233978    15.166     0.026
        53880.158989    15.093     0.023
        53880.170779    15.083     0.023
        53880.181429    15.150     0.025
        53880.192113    15.112     0.025
        53880.203001    15.136     0.026
        54036.436903    15.406     0.036
        54036.450339    15.305     0.031
        54036.462651    15.189     0.026
        54036.474872    15.208     0.026
        54036.486743    15.133     0.025
        54040.433448    15.150     0.033
        54040.445359    15.141     0.031
        54040.457942    15.116     0.030
        54040.470092    15.111     0.028
        54040.482215    15.171     0.030
        54057.455845    15.123     0.018
        54057.468389    15.079     0.018
        54057.480861    15.070     0.017
        54057.493359    15.145     0.018
        54057.505837    15.174     0.018
        54058.440150    15.440     0.028
        54058.453298    15.494     0.028
        54058.465892    15.439     0.028
        54058.478377    15.336     0.025
        54058.490790    15.185     0.021
        54060.432070    15.429     0.022
        54060.445998    15.338     0.020
        54060.458917    15.234     0.018
        54060.471820    15.174     0.018
        54060.484884    15.139     0.018
        54064.385170    15.426     0.031
        54064.397822    15.278     0.026
        54064.410391    15.197     0.023
        54064.423127    15.145     0.021
        54064.436076    15.119     0.021
        54067.449854    15.191     0.015
        54067.462926    15.103     0.015
        54067.475997    15.057     0.015
        54067.489259    15.052     0.013
        54067.502337    15.055     0.013
        54082.387100    14.966     0.040
        54082.399469    14.898     0.036
        54083.460276    15.129     0.024
        54083.474170    15.186     0.031
        54083.487464    15.234     0.022
        54083.500556    15.303     0.033
        54086.364878    15.161     0.020
        54086.378082    15.203     0.018
        54086.391016    15.350     0.022
        54086.403958    15.443     0.022
        54086.416896    15.362     0.020
        54091.370544    15.135     0.017
        54091.383121    15.147     0.017
        54091.395706    15.231     0.018
        54091.408629    15.328     0.020
        54091.421223    15.389     0.020
        54112.389809    15.385     0.028
        54112.402375    15.390     0.028
        54112.414874    15.204     0.025
        54112.427426    15.162     0.025
        54113.356578    15.110     0.018
        54113.382434    15.099     0.018
        54115.403544    15.266     0.025
        54115.416294    15.399     0.028
        54115.429169    15.411     0.028
        54115.442163    15.285     0.025
        54115.455413    15.191     0.023
        54123.335724    15.366     0.025
        54123.348193    15.291     0.023
        54123.360690    15.205     0.021
        54123.373156    15.133     0.020
        54123.385802    15.112     0.020
        54144.275276    15.313     0.021
        54144.287182    15.368     0.021
        54144.299164    15.318     0.021
        54144.308874    15.262     0.017
        54144.311110    15.214     0.020
        54144.319990    15.165     0.017
        54144.323041    15.151     0.023
        54144.331190    15.102     0.015
        54144.342291    15.084     0.015
        54144.353397    15.055     0.015
        54148.283383    15.140     0.020
        54148.295541    15.117     0.018
        54148.307283    15.098     0.018
        54148.318991    15.091     0.018
        54148.330818    15.118     0.020
        54153.279383    15.284     0.020
        54153.291104    15.220     0.020
        54153.303289    15.128     0.018
        54153.314976    15.119     0.018
        54153.327047    15.077     0.018
        54154.273700    15.145     0.015
        54154.285181    15.167     0.015
        54154.296684    15.236     0.017
        54154.308158    15.337     0.017
        54154.319625    15.379     0.018
        54173.263751    15.148     0.015
        54173.274593    15.223     0.015
        54173.285324    15.314     0.017
        54173.295993    15.409     0.018
        54173.306639    15.470     0.018
        54176.268859    15.059     0.015
        54176.279523    15.073     0.015
        54176.290071    15.088     0.015
        54176.300804    15.149     0.015
        54176.311453    15.179     0.017
        54179.284488    15.141     0.015
        54179.295523    15.120     0.015
        54179.306841    15.076     0.015
        54179.318009    15.094     0.015
        54179.328921    15.091     0.015
        54201.194683    15.107     0.026
        54201.204155    15.081     0.026
        54201.213383    15.139     0.025
        54201.222612    15.181     0.026
        54201.231922    15.202     0.028
        54206.219489    15.098     0.015
        54206.228538    15.115     0.015
        54206.237576    15.154     0.015
        54206.246627    15.217     0.017
        54206.255675    15.267     0.017
        54209.214349    15.167     0.037
        54209.223361    15.124     0.041
        54409.443784    15.122     0.020
        54409.456026    15.076     0.017
        54409.480473    14.991     0.015
        54419.452606    15.317     0.015
        54419.478089    15.118     0.013
        54419.490834    15.097     0.013
        54419.503587    15.052     0.013
        54439.389188    15.124     0.011
        54439.414948    15.097     0.011
        54439.427818    15.108     0.011
        54448.427778    15.195     0.011
        54507.273806    15.209     0.013
        54507.286038    15.137     0.011
        54507.298305    15.082     0.011
        54507.310706    15.049     0.011
        54507.323122    15.041     0.011
        54523.335515    15.335     0.017
        54523.347301    15.438     0.017
        54523.359003    15.409     0.017
        54523.370728    15.272     0.015
        54530.278331    15.157     0.028
        54530.289746    15.138     0.013
        54530.301274    15.203     0.013
        54530.312628    15.317     0.017
        54530.323978    15.471     0.043
        54536.218530    15.111     0.011
        54536.229617    15.190     0.011
        54536.240548    15.245     0.011
        54536.251501    15.314     0.013
        54536.262561    15.335     0.013
        54554.244816    15.086     0.011
        54554.256720    15.099     0.011
        54554.268871    15.071     0.011
        54554.280783    15.096     0.011
        54554.292714    15.147     0.011
        54559.124123    15.074     0.011
        54559.135766    15.074     0.013
        54559.147352    15.087     0.013
        54559.158809    15.138     0.013
        54559.170288    15.170     0.013
        54563.240001    15.051     0.011
        54563.251453    15.075     0.011
        54563.262918    15.099     0.013
        54563.274355    15.168     0.013
        54563.285821    15.257     0.013
        54581.190684    15.109     0.018
        54581.201352    15.156     0.018
        54581.212025    15.191     0.018
        54581.222700    15.305     0.022
        54581.233396    15.400     0.024
        54584.198573    15.045     0.015
        54584.209452    15.061     0.015
        54584.220345    15.108     0.015
        54584.231237    15.108     0.017
        54584.242158    15.165     0.017
        54591.194705    15.066     0.015
        54591.205113    15.074     0.017
        54591.215396    15.121     0.017
        54591.225666    15.149     0.018
        54591.235945    15.236     0.020
        54592.143526    15.220     0.031
        54592.153503    15.293     0.033
        54592.163243    15.337     0.035
        54592.172920    15.405     0.036
        54592.182465    15.387     0.036
