        52612.448763    15.936     0.035
        52612.463980    15.954     0.033
        52612.479162    15.991     0.035
        52612.494308    15.777     0.028
        52612.509625    15.882     0.031
        52652.315296    15.927     0.036
        52652.335188    15.928     0.036
        52652.356826    15.822     0.033
        52652.377825    15.883     0.033
        52652.394752    15.863     0.031
        52664.279784    16.050     0.038
        52664.280774    15.848     0.035
        52664.297241    16.205     0.040
        52664.298204    15.760     0.033
        52664.315322    15.596     0.030
        52681.273608    16.097     0.059
        52681.288430    16.887     0.127
        52681.303409    16.654     0.091
        52681.304296    15.552     0.051
        52696.276722    15.949     0.028
        52696.289355    15.807     0.024
        52696.301876    15.871     0.026
        52696.315135    15.946     0.028
        52696.328659    15.963     0.028
        52711.234137    15.894     0.046
        52711.247584    15.988     0.053
        52711.273786    16.012     0.054
        52711.286843    15.889     0.048
        52723.227173    15.917     0.048
        52723.238592    15.922     0.044
        52723.250058    15.922     0.035
        52723.261562    15.819     0.026
        52734.197338    15.930     0.033
        52734.209513    15.984     0.035
        52734.221391    15.991     0.036
        52734.233763    15.965     0.036
        52734.245997    15.790     0.033
        52752.183427    15.935     0.035
        52752.193607    15.861     0.033
        52752.203797    15.800     0.031
        52752.213935    15.871     0.035
        52752.224061    15.927     0.037
        52946.438084    16.005     0.052
        52946.449951    16.127     0.085
        52977.395874    15.750     0.035
        52977.419976    15.843     0.031
        52990.448251    15.973     0.045
        53002.365393    15.976     0.020
        53006.331027    15.874     0.035
        53006.343132    15.868     0.035
        53006.355974    15.910     0.037
        53006.368069    15.957     0.033
        53006.380168    15.998     0.037
        53035.344319    15.854     0.030
        53035.357402    15.892     0.030
        53035.369999    15.929     0.031
        53035.383807    15.981     0.033
        53035.396381    15.942     0.030
        53037.365992    16.012     0.036
        53037.378555    15.924     0.035
        53037.394421    15.786     0.031
        53049.288001    15.817     0.020
        53049.323443    15.957     0.024
        53077.298180    15.981     0.089
        53089.227209    15.879     0.020
        53089.237801    15.922     0.022
        53089.248616    15.965     0.022
        53089.259367    15.995     0.024
        53089.269949    15.985     0.024
        53107.186416    15.856     0.030
        53107.196844    15.906     0.031
        53107.207283    15.981     0.035
        53107.217822    15.989     0.033
        53136.155283    15.989     0.041
        53136.164030    16.025     0.043
        53136.172894    16.076     0.046
        53136.181734    15.877     0.043
        53136.190561    15.832     0.041
        53149.170231    15.920     0.043
        53149.179021    15.977     0.046
        53149.196340    16.000     0.051
        53294.470921    15.985     0.038
        53294.482441    15.947     0.036
        53313.430841    15.810     0.057
        53313.442769    15.964     0.063
        53313.454694    15.925     0.063
        53313.466615    15.960     0.065
        53313.478540    15.973     0.063
        53331.394251    15.883     0.048
        53331.407149    15.964     0.046
        53331.419815    16.015     0.046
        53331.432171    15.980     0.044
        53331.444529    15.966     0.043
        53341.408775    15.983     0.072
        53341.420780    15.972     0.068
        53341.433249    16.009     0.072
        53341.445264    15.966     0.067
        53341.457280    15.872     0.059
        53349.404670    15.832     0.040
        53349.418498    15.846     0.045
        53349.431979    15.916     0.045
        53349.445788    16.054     0.053
        53349.459297    15.954     0.045
        53355.473216    15.833     0.028
        53355.486423    15.894     0.033
        53355.499579    15.969     0.035
        53355.514856    15.997     0.036
        53360.413800    15.948     0.040
        53360.429118    15.994     0.043
        53360.444634    15.981     0.106
        53360.459368    15.990     0.091
        53387.492609    15.908     0.033
        53387.507861    15.822     0.030
        53387.522078    15.917     0.033
        53387.535157    15.960     0.037
        53474.197494    15.814     0.033
        53474.207192    15.901     0.035
        53474.217353    15.945     0.039
        53474.227076    15.968     0.041
        53474.236817    15.969     0.041
        53521.155084    15.861     0.050
        53521.165295    15.847     0.067
        53521.175484    15.840     0.096
        53521.185940    15.891     0.081
        53521.196150    16.043     0.067
        53683.448681    16.050     0.048
        53683.461061    15.971     0.041
        53683.473292    15.814     0.041
        53683.485696    15.885     0.035
        53683.497981    15.969     0.039
        53701.445374    15.931     0.043
        53701.470615    15.996     0.046
        53701.483165    16.049     0.044
        53701.495619    15.850     0.037
        53728.395580    15.826     0.041
        53728.408921    15.886     0.031
        53728.422450    15.936     0.041
        53728.435605    15.967     0.044
        53728.448720    15.936     0.035
        53742.354380    15.871     0.026
        53742.367301    15.925     0.026
        53742.380355    15.970     0.028
        53742.393364    15.931     0.028
        53742.406220    15.797     0.024
        53772.283847    15.904     0.033
        53772.296500    15.960     0.037
        53772.309299    15.951     0.037
        53772.321950    15.941     0.037
        53772.334699    15.779     0.031
        53786.297007    15.905     0.028
        53786.309999    15.935     0.036
        53786.323017    15.938     0.030
        53786.336066    15.918     0.031
        53786.349124    15.807     0.040
        53812.256904    15.855     0.041
        53812.267994    15.821     0.041
        53812.279061    15.931     0.046
        53812.290135    15.962     0.048
        53812.301222    15.948     0.048
        53824.308115    15.762     0.046
        53843.196126    15.922     0.039
        53843.207545    16.001     0.043
        53843.218864    16.050     0.044
        53843.230191    15.992     0.043
        53855.220752    15.783     0.040
        53878.158895    16.002     0.066
        53878.174550    15.807     0.061
        53878.225964    15.953     0.076
        54028.441471    15.853     0.056
        54028.465022    15.913     0.054
        54028.476794    15.908     0.053
        54028.489268    15.978     0.053
        54054.452922    15.911     0.043
        54054.465654    15.967     0.043
        54054.478383    15.958     0.041
        54054.491420    15.891     0.038
        54054.504884    15.846     0.036
        54068.397496    15.900     0.038
        54068.410464    15.972     0.040
        54068.423698    15.913     0.038
        54068.436692    15.867     0.035
        54068.449495    15.788     0.031
        54086.359936    15.957     0.051
        54086.373611    15.919     0.048
        54086.386970    15.876     0.045
        54086.400897    15.789     0.040
        54086.414356    15.859     0.041
        54109.331289    16.105     0.101
        54109.343080    15.959     0.086
        54109.354845    15.869     0.073
        54109.367081    15.892     0.087
        54169.244779    15.963     0.026
        54169.255684    15.963     0.028
        54186.224756    15.938     0.063
        54186.234893    15.965     0.068
        54186.245025    15.763     0.066
        54201.229373    15.976     0.031
        54201.238735    15.895     0.030
        54201.248539    15.782     0.028
        54201.257955    15.860     0.028
        54201.267746    15.898     0.030
        54209.192902    15.903     0.089
        54209.201927    15.880     0.048
        54209.210583    15.840     0.046
        54396.449865    15.879     0.046
        54396.462895    15.900     0.048
        54453.333087    15.870     0.026
        54453.346338    15.823     0.022
        54453.359428    15.902     0.024
        54453.372478    15.941     0.022
        54453.385509    16.010     0.022
        54478.336411    15.787     0.018
        54478.349402    15.821     0.024
        54478.375451    15.981     0.033
        54478.389104    15.943     0.031
        54508.296393    15.967     0.040
        54508.308415    16.015     0.041
        54508.320434    15.959     0.038
        54508.332413    15.829     0.031
        54508.344299    15.822     0.033
        54561.130658    15.998     0.068
        54561.141962    15.847     0.054
        54561.153279    15.826     0.056
        54561.164579    15.954     0.059
        54561.175876    15.935     0.064
        54568.182585    15.858     0.035
        54568.193823    15.774     0.033
        54568.204606    15.888     0.035
        54568.215449    15.904     0.041
        54568.226244    15.971     0.043
        54583.190558    15.816     0.051
        54583.200629    15.786     0.051
        54597.153659    15.978     0.102
        54614.161708    15.981     0.058
        54614.171912    15.865     0.051
        54614.182124    15.766     0.048
        54614.192760    15.872     0.056
        54614.204348    15.944     0.061
        54620.160274    15.853     0.035
        54620.174101    15.834     0.041
        54620.184227    15.908     0.039
        54620.194349    15.951     0.043
        54620.204479    15.972     0.041
