        52620.405919    13.954     0.020
        52620.421719    14.185     0.009
        52620.437198    14.255     0.009
        52620.452297    14.301     0.009
        52623.379498    14.183     0.011
        52623.394737    14.293     0.011
        52623.409991    14.319     0.009
        52623.425326    13.968     0.007
        52623.440764    14.045     0.007
        52637.400737    13.907     0.031
        52650.289448    13.932     0.007
        52650.306318    14.011     0.007
        52650.320772    14.150     0.007
        52650.335047    14.257     0.007
        52650.349340    14.290     0.007
        52652.378057    14.213     0.007
        52652.393191    14.284     0.007
        52652.408363    14.315     0.007
        52652.423586    14.048     0.007
        52652.438798    14.016     0.007
        52664.280017    14.093     0.007
        52664.295250    14.202     0.007
        52664.310521    14.275     0.007
        52664.325864    14.264     0.007
        52664.341118    13.889     0.006
        52680.327078    14.175     0.008
        52680.351271    14.111     0.008
        52680.369613    13.819     0.007
        52680.386118    14.033     0.008
        52680.403472    14.148     0.008
        52681.276043    13.933     0.011
        52681.292822    14.148     0.011
        52681.310954    14.248     0.009
        52681.329718    14.263     0.009
        52695.321687    13.900     0.006
        52695.340476    14.108     0.009
        52695.358803    14.201     0.011
        52712.185071    14.259     0.018
        52712.198538    14.264     0.018
        52712.211941    14.394     0.022
        52712.225548    14.291     0.020
        52712.239199    13.845     0.011
        52722.266166    13.878     0.006
        52722.282734    14.051     0.006
        52722.296856    14.186     0.007
        52722.312707    14.273     0.007
        52722.329036    14.277     0.007
        52751.191711    13.876     0.007
        52751.203703    14.031     0.007
        52751.215350    14.137     0.007
        52751.233069    14.245     0.009
        52751.244734    14.268     0.009
        52770.153467    14.181     0.017
        52770.164973    13.856     0.013
        52770.176575    13.883     0.013
        52770.188410    14.038     0.015
        52770.200143    14.153     0.017
        52782.160519    13.844     0.007
        52782.171140    13.903     0.007
        52782.181814    14.034     0.007
        52782.192392    14.157     0.009
        52782.203171    14.225     0.017
        52947.474093    13.941     0.007
        52947.486417    14.106     0.009
        52947.498669    14.202     0.009
        52976.362133    14.272     0.008
        52976.373246    14.141     0.007
        52978.388742    14.183     0.009
        52978.401573    14.276     0.011
        52978.414336    14.297     0.011
        52978.427198    14.161     0.009
        52978.439780    13.884     0.007
        52988.388246    13.982     0.007
        52988.401172    14.093     0.009
        52988.414128    14.184     0.011
        52988.427072    14.279     0.011
        52988.440086    14.264     0.011
        53008.337932    13.894     0.007
        53008.369459    14.131     0.009
        53008.382006    14.210     0.009
        53024.441570    13.812     0.010
        53038.347564    14.045     0.010
        53038.360046    14.153     0.010
        53038.372781    14.233     0.013
        53038.385129    14.292     0.012
        53045.283859    14.248     0.010
        53045.300984    14.154     0.008
        53045.325830    13.984     0.008
        53045.338784    14.110     0.008
        53065.227014    14.157     0.007
        53065.238988    14.242     0.007
        53065.250832    14.289     0.007
        53065.262389    14.224     0.007
        53065.273870    13.888     0.006
        53093.224796    14.096     0.007
        53093.235130    14.187     0.009
        53093.245561    14.219     0.007
        53093.255817    14.252     0.007
        53093.266081    14.302     0.007
        53122.201265    14.687     0.018
        53122.221932    14.399     0.015
        53122.232261    14.531     0.013
        53134.194236    14.889     0.020
        53134.203218    14.510     0.012
        53134.212213    14.092     0.008
        53134.221270    14.293     0.013
        53134.230285    15.759     0.094
        53153.163385    14.316     0.012
        53153.171833    14.305     0.012
        53153.180415    14.215     0.010
        53155.167658    13.966     0.018
        53155.177018    14.117     0.020
        53155.195002    14.343     0.023
        53155.204435    14.323     0.023
        53169.169079    14.503     0.013
        53169.178883    14.656     0.015
        53169.188544    14.717     0.016
        53169.198378    14.912     0.021
        53169.208285    14.423     0.013
        53294.423145    13.896     0.007
        53294.434166    13.955     0.007
        53294.445175    14.097     0.009
        53294.456192    14.182     0.009
        53294.467232    14.255     0.009
        53301.437808    14.185     0.011
        53301.449537    14.264     0.011
        53301.461206    14.305     0.013
        53301.472877    14.274     0.011
        53301.484550    13.969     0.009
        53319.457255    14.274     0.009
        53319.469124    14.199     0.009
        53319.481019    13.861     0.007
        53319.492876    14.008     0.007
        53319.504739    14.141     0.009
        53349.455392    14.203     0.009
        53349.472520    13.968     0.009
        53349.484770    14.124     0.009
        53349.496754    14.192     0.011
        53349.509188    14.271     0.011
        53355.478270    14.090     0.007
        53355.492739    14.235     0.009
        53355.506030    14.295     0.009
        53355.518854    14.354     0.011
        53359.403474    13.821     0.007
        53359.419712    13.963     0.007
        53359.435759    14.132     0.007
        53359.451845    14.198     0.007
        53359.468107    14.255     0.008
        53389.483496    14.064     0.007
        53389.499472    14.211     0.009
        53389.514579    14.288     0.009
        53401.292698    14.218     0.009
        53401.305315    13.896     0.007
        53401.317953    14.095     0.007
        53401.331093    14.194     0.009
        53401.344101    14.269     0.009
        53430.301013    14.058     0.007
        53430.312730    13.904     0.007
        53430.324969    14.063     0.007
        53430.336774    14.183     0.009
        53430.353290    14.293     0.009
        53491.214018    14.070     0.017
        53491.224974    14.209     0.013
        53491.235008    14.238     0.011
        53685.444309    14.165     0.009
        53700.444219    14.048     0.007
        53700.457257    14.035     0.007
        53700.470082    14.159     0.007
        53700.482812    14.247     0.009
        53700.495784    14.263     0.009
        53727.399042    13.905     0.007
        53727.411953    14.061     0.007
        53727.424731    14.183     0.011
        53727.437547    14.248     0.009
        53727.450404    14.286     0.009
        53757.320903    14.158     0.009
        53757.333653    14.258     0.009
        53757.346370    14.310     0.009
        53757.359176    14.343     0.011
        53757.371915    14.221     0.009
        53773.348651    14.179     0.009
        53773.361287    14.236     0.009
        53773.374507    14.299     0.009
        53773.387421    14.287     0.009
        53773.400306    13.953     0.007
        53827.250885    14.160     0.007
        53827.261519    14.211     0.007
        53827.272227    14.253     0.007
        53827.283002    14.237     0.007
        53842.190957    14.026     0.010
        53842.202834    14.152     0.010
        53842.214479    14.222     0.012
        53842.226161    14.254     0.013
        53842.237933    14.263     0.013
        53866.209304    14.224     0.028
        53877.168078    13.978     0.023
        54024.432327    14.169     0.013
        54024.447696    14.272     0.013
        54024.460219    14.303     0.013
        54024.474903    14.212     0.013
        54024.487759    13.851     0.008
        54052.449660    14.267     0.009
        54052.462133    14.252     0.009
        54052.474402    14.291     0.009
        54052.486649    14.266     0.009
        54052.498908    13.993     0.007
        54071.392015    13.904     0.012
        54071.404851    13.939     0.012
        54071.417693    14.061     0.012
        54071.430503    14.157     0.012
        54071.443300    14.230     0.012
        54080.364210    14.016     0.009
        54080.376248    14.128     0.011
        54080.388201    14.185     0.013
        54098.321396    14.282     0.012
        54098.333487    14.068     0.010
        54098.345666    13.831     0.008
        54098.358021    13.989     0.008
        54098.370132    14.116     0.008
        54124.329299    14.113     0.008
        54124.341767    14.205     0.008
        54124.354567    14.265     0.008
        54124.367027    14.259     0.008
        54124.379437    13.928     0.007
        54140.300395    14.332     0.007
        54140.312356    14.215     0.007
        54140.324206    13.845     0.006
        54140.336288    13.987     0.006
        54140.348545    14.121     0.007
        54148.273245    14.231     0.008
        54148.285047    14.044     0.007
        54148.297208    13.843     0.007
        54148.308975    13.992     0.007
        54148.320667    14.117     0.008
        54158.293405    14.245     0.013
        54158.304361    14.147     0.013
        54158.315385    13.810     0.010
        54158.326437    13.912     0.010
        54198.231928    14.254     0.013
        54198.241567    13.967     0.013
        54198.251181    13.902     0.007
        54198.260823    14.027     0.007
        54212.180372    14.229     0.012
        54212.188890    14.251     0.012
        54212.197404    14.245     0.012
        54212.205916    14.093     0.010
        54212.214465    13.803     0.008
        54218.186332    14.247     0.018
        54218.194969    14.241     0.018
        54218.203566    14.133     0.017
        54218.212196    13.875     0.013
        54218.220839    13.900     0.013
        54498.323149    14.193     0.012
        54498.335572    14.267     0.012
        54498.347408    14.312     0.012
        54498.359235    14.227     0.012
        54498.371092    13.891     0.010
        54526.274954    14.303     0.013
        54526.297489    14.074     0.012
        54526.308800    13.867     0.010
        54537.228073    13.938     0.015
        54537.239318    13.874     0.013
        54537.250123    14.015     0.015
        54559.237075    14.241     0.013
        54559.248601    13.876     0.010
        54559.260831    13.894     0.010
        54559.272723    14.016     0.012
        54559.284120    14.162     0.013
        54569.189342    14.006     0.013
        54569.200243    13.942     0.012
        54569.211178    14.091     0.013
        54569.233436    14.261     0.015
        54618.160095    13.920     0.016
        54618.170741    13.848     0.013
        54618.181100    14.011     0.015
        54618.191449    14.095     0.016
        54618.202322    14.173     0.016
