        52614.450906    14.761     0.024
        52614.466113    14.774     0.020
        52614.481626    14.777     0.017
        52614.496904    14.812     0.013
        52614.512060    14.833     0.013
        52619.456990    14.872     0.015
        52619.472494    14.857     0.015
        52619.487957    14.853     0.015
        52619.503415    14.888     0.015
        52619.518943    14.869     0.015
        52620.454043    14.744     0.011
        52620.469177    14.762     0.013
        52620.484246    14.740     0.013
        52620.499543    14.770     0.013
        52620.514630    14.774     0.017
        52639.402162    14.709     0.013
        52639.417192    14.702     0.013
        52639.432338    14.694     0.013
        52639.447655    14.724     0.013
        52639.463334    14.715     0.013
        52644.390179    14.747     0.011
        52644.423673    14.734     0.011
        52644.444345    14.774     0.011
        52644.459295    14.763     0.011
        52644.474268    14.802     0.011
        52648.325078    14.804     0.015
        52648.339700    14.840     0.015
        52648.354389    14.835     0.015
        52648.369314    14.852     0.015
        52648.383982    14.867     0.013
        52666.318852    14.803     0.011
        52666.334186    14.785     0.011
        52666.349609    14.779     0.011
        52666.365029    14.760     0.011
        52666.380650    14.737     0.011
        52671.323710    14.761     0.011
        52671.338862    14.739     0.011
        52671.354072    14.723     0.011
        52671.369382    14.736     0.011
        52671.384511    14.733     0.011
        52674.327994    14.801     0.011
        52674.343629    14.791     0.011
        52674.357883    14.755     0.013
        52674.372034    14.749     0.011
        52674.386130    14.751     0.011
        52698.243440    14.761     0.015
        52698.270522    14.744     0.043
        52698.284721    14.747     0.011
        52698.298723    14.764     0.011
        52704.303366    14.806     0.011
        52704.316768    14.792     0.011
        52704.330179    14.761     0.011
        52704.343693    14.743     0.011
        52704.357167    14.749     0.013
        52725.271759    17.299     0.353
        52725.283991    16.026     0.087
        52725.296733    15.053     0.016
        52725.309027    15.083     0.018
        52728.229439    14.841     0.013
        52728.241409    14.827     0.013
        52728.253683    14.810     0.013
        52728.266001    14.794     0.013
        52728.278627    14.783     0.013
        52731.261553    14.887     0.065
        52754.212963    15.149     0.020
        52754.225520    15.162     0.021
        52754.238245    15.197     0.023
        52754.250714    15.193     0.023
        52754.263200    15.200     0.023
        52760.148934    14.871     0.013
        52760.160737    14.850     0.013
        52760.172554    14.844     0.013
        52760.184454    14.823     0.013
        52760.196256    14.809     0.013
        52767.149289    15.998     0.064
        52767.149638    14.799     0.021
        52767.161048    15.980     0.064
        52767.173605    15.886     0.058
        52767.185840    14.781     0.021
        52767.197517    16.030     0.068
        52789.163194    14.756     0.015
        52789.173519    14.724     0.015
        52789.183857    14.737     0.015
        52789.194184    14.734     0.015
        52789.204645    14.737     0.017
        52963.466610    14.837     0.011
        52963.479091    14.811     0.011
        52963.491502    14.821     0.011
        52963.504055    14.808     0.011
        52967.439024    14.739     0.013
        52967.451776    14.746     0.011
        52967.464509    14.696     0.011
        52967.477280    14.738     0.011
        52967.489899    14.737     0.011
        52974.402867    14.859     0.011
        52974.416055    14.840     0.011
        52974.428919    14.872     0.013
        52974.441842    14.873     0.011
        52974.454684    14.884     0.011
        52993.395582    14.777     0.010
        52993.407928    14.706     0.010
        52993.420390    14.783     0.010
        52996.397851    14.777     0.009
        52996.411112    14.794     0.009
        52996.424504    14.809     0.009
        52996.437805    14.815     0.009
        52996.450921    14.839     0.009
        53001.400564    14.810     0.009
        53001.413595    14.841     0.009
        53001.426588    14.856     0.007
        53001.439729    14.876     0.009
        53001.452827    14.867     0.009
        53027.331488    14.748     0.009
        53027.344218    14.820     0.009
        53027.357074    14.814     0.007
        53027.369868    14.766     0.009
        53027.382542    14.760     0.009
        53034.333677    14.765     0.013
        53034.345539    14.711     0.013
        53034.357449    14.711     0.012
        53034.369442    14.728     0.013
        53034.381416    14.750     0.013
        53052.277252    14.765     0.009
        53052.289046    14.778     0.011
        53052.300965    14.812     0.011
        53052.312864    14.842     0.011
        53052.324770    14.814     0.011
        53079.228234    14.722     0.012
        53079.239310    14.753     0.012
        53079.250366    14.752     0.012
        53079.261295    14.788     0.012
        53079.272275    14.759     0.012
        53084.231672    14.802     0.007
        53084.253630    14.810     0.007
        53084.264610    14.786     0.007
        53084.275372    14.754     0.009
        53086.295268    14.784     0.012
        53086.306843    14.785     0.012
        53086.318389    14.762     0.010
        53086.330314    14.777     0.010
        53086.341893    14.739     0.012
        53110.190045    14.786     0.015
        53110.201034    14.756     0.015
        53110.211934    14.810     0.015
        53110.222864    14.783     0.015
        53110.233825    14.729     0.015
        53115.199730    14.799     0.009
        53115.210899    14.785     0.009
        53115.222235    14.772     0.009
        53115.244418    14.751     0.011
        53116.137015    14.799     0.011
        53116.148384    14.749     0.011
        53116.159356    14.767     0.013
        53116.159529    14.761     0.013
        53116.170682    14.807     0.011
        53116.181945    14.816     0.013
        53117.197894    14.742     0.008
        53117.208828    14.784     0.008
        53117.219831    14.755     0.008
        53117.236987    14.756     0.010
        53117.253259    14.747     0.010
        53138.157040    14.707     0.013
        53138.166762    14.716     0.013
        53138.177135    14.707     0.013
        53138.186763    14.772     0.013
        53138.196440    14.717     0.013
        53147.161878    14.806     0.012
        53147.170796    14.797     0.013
        53147.179732    14.765     0.013
        53147.188484    14.758     0.013
        53147.197305    14.752     0.013
        53348.393606    14.795     0.018
        53348.407063    14.804     0.015
        53348.420347    14.846     0.015
        53348.433718    14.819     0.015
        53348.446576    14.831     0.015
        53354.390490    14.751     0.013
        53354.403612    14.790     0.013
        53354.416754    14.762     0.013
        53354.429897    14.813     0.011
        53354.443043    14.800     0.011
        53357.454482    14.758     0.012
        53357.469017    14.883     0.013
        53357.483588    14.841     0.013
        53357.498146    14.813     0.013
        53357.512648    14.764     0.025
        53377.346477    14.851     0.013
        53377.359809    14.851     0.013
        53377.373096    14.825     0.013
        53377.386456    14.815     0.013
        53377.399812    14.814     0.011
        53382.435202    14.732     0.013
        53382.449873    14.710     0.011
        53382.464612    14.753     0.024
        53382.479352    14.724     0.011
        53382.493996    14.721     0.011
        53404.364882    14.813     0.009
        53404.377731    14.801     0.011
        53404.390530    14.759     0.011
        53404.403393    14.768     0.011
        53404.416882    14.767     0.011
        53415.352399    14.860     0.013
        53415.365294    14.840     0.013
        53415.377775    14.837     0.013
        53415.390820    14.802     0.013
        53415.403260    14.813     0.013
        53433.294847    14.827     0.011
        53433.309594    14.777     0.011
        53433.324393    14.753     0.011
        53433.340120    14.755     0.011
        53433.353272    14.764     0.011
        53438.233123    14.793     0.011
        53438.244708    14.760     0.011
        53438.256362    14.806     0.011
        53438.267968    14.799     0.011
        53438.279568    14.797     0.011
        53441.223442    14.816     0.011
        53441.235014    14.814     0.011
        53441.246469    14.814     0.011
        53441.258590    14.822     0.011
        53441.270061    14.787     0.011
        53493.242320    14.843     0.018
        53493.252622    14.786     0.018
        53493.263617    14.821     0.018
        53493.274420    14.811     0.020
        53493.284688    14.774     0.020
        53501.146087    14.792     0.015
        53501.157445    14.791     0.015
        53501.168452    14.812     0.015
        53501.179712    14.810     0.017
        53501.190203    14.867     0.017
        53706.467488    14.825     0.013
        53706.480255    14.821     0.018
        53706.505457    14.822     0.043
        53709.439699    14.793     0.013
        53709.453344    14.810     0.013
        53709.466779    14.807     0.013
        53709.479592    14.829     0.013
        53709.492321    14.821     0.011
        53712.458547    14.770     0.013
        53712.472055    14.800     0.013
        53712.485525    14.828     0.013
        53712.498679    14.848     0.013
        53712.511680    14.835     0.013
        53733.392507    14.829     0.013
        53733.405255    14.809     0.013
        53733.417998    14.817     0.013
        53733.430705    14.800     0.013
        53733.443580    14.809     0.013
        53738.405453    14.852     0.013
        53738.418586    14.838     0.015
        53738.431569    14.814     0.013
        53738.444585    14.826     0.013
        53769.382324    14.735     0.011
        53769.396090    14.736     0.011
        53769.409489    14.724     0.011
        53769.422918    14.738     0.013
        53769.436102    14.741     0.013
        53788.294613    14.727     0.016
        53788.307239    14.735     0.012
        53788.319983    14.719     0.012
        53788.332635    14.734     0.010
        53788.345417    14.748     0.010
        53788.459879    14.782     0.015
        53788.471766    14.798     0.017
        53788.483698    14.823     0.018
        53788.495667    14.788     0.018
        53788.507681    14.823     0.020
        53791.307926    14.763     0.013
        53791.319770    14.771     0.011
        53791.331527    14.738     0.013
        53791.343376    14.727     0.011
        53791.355257    14.698     0.011
        53792.280017    14.794     0.011
        53792.291944    14.819     0.011
        53792.303860    14.832     0.011
        53792.315768    14.841     0.013
        53792.327676    14.851     0.013
        53794.338808    14.747     0.013
        53794.350435    14.764     0.011
        53794.362272    14.758     0.011
        53794.373898    14.766     0.011
        53794.385532    14.741     0.011
        53813.262872    14.844     0.015
        53813.275482    14.830     0.015
        53813.286945    14.823     0.016
        53813.298297    14.810     0.016
        53813.309787    14.829     0.016
        53817.337544    14.795     0.015
        53817.348399    14.795     0.015
        53817.359274    14.811     0.017
        53817.370181    14.852     0.017
        53818.276170    14.813     0.015
        53818.286781    14.808     0.015
        53818.297387    14.795     0.015
        53818.308025    14.777     0.015
        53818.318716    14.769     0.015
        53820.234739    14.821     0.033
        53823.257291    14.738     0.013
        53823.267909    14.694     0.013
        53823.278806    14.719     0.013
        53823.289509    14.734     0.013
        53823.301986    14.757     0.013
        53825.233493    14.710     0.013
        53825.243871    14.733     0.013
        53825.254253    14.708     0.013
        53825.264635    14.714     0.013
        53825.275028    14.731     0.013
        53829.226785    14.799     0.022
        53829.248026    14.786     0.041
        53844.189642    14.739     0.013
        53844.200771    14.748     0.013
        53844.211992    14.738     0.013
        53844.223244    14.734     0.013
        53844.234418    14.727     0.013
        53848.192549    14.822     0.018
        53848.203208    14.781     0.018
        53848.213875    14.842     0.018
        53848.224513    14.820     0.018
        53848.235857    14.810     0.018
        53849.198766    14.716     0.013
        53849.209553    14.720     0.013
        53849.220575    14.734     0.015
        53849.231689    14.760     0.015
        53849.242750    14.751     0.015
        53852.192324    14.674     0.016
        53852.199551    14.750     0.015
        53852.202631    14.740     0.016
        53852.211384    14.724     0.015
        53852.212850    14.739     0.016
        53852.222788    14.720     0.017
        53852.223015    14.729     0.016
        53852.233203    14.734     0.018
        53852.234216    14.736     0.017
        53852.249343    14.742     0.017
        53855.197336    14.739     0.015
        53855.208009    14.686     0.015
        53855.218701    14.714     0.015
        53855.229364    14.750     0.015
        53855.240029    14.746     0.017
        53858.211335    14.694     0.030
        53858.231768    14.708     0.022
        53881.158271    14.750     0.016
        53881.160432    14.750     0.018
        53881.168230    14.739     0.016
        53881.171578    14.785     0.018
        53881.178383    14.706     0.016
        53881.182636    14.779     0.018
        53881.190747    14.800     0.016
        53881.193740    14.817     0.020
        53881.200916    14.778     0.016
        53881.204955    14.822     0.020
        53883.162918    14.813     0.018
        53883.176135    14.766     0.020
        53883.189208    14.781     0.020
        53883.200599    14.756     0.020
        53883.212069    14.830     0.022
        53886.155437    14.711     0.020
        53886.165494    14.767     0.021
        53886.175402    14.744     0.021
        53887.162823    14.560     0.026
        53887.173031    14.641     0.030
        53887.183441    14.501     0.031
        54041.436117    14.737     0.021
        54041.449246    14.750     0.021
        54041.461464    14.854     0.020
        54041.474052    14.736     0.018
        54041.486384    14.706     0.018
        54054.416941    14.711     0.017
        54054.428688    14.694     0.015
        54054.440181    14.733     0.015
        54054.463532    14.754     0.015
        54057.444385    14.700     0.016
        54057.458421    14.745     0.015
        54057.472211    14.719     0.015
        54057.485426    14.726     0.015
        54057.498356    14.720     0.015
        54058.435062    14.839     0.015
        54058.447582    14.838     0.013
        54058.460094    14.818     0.013
        54058.472624    14.804     0.013
        54058.485130    14.785     0.013
        54061.437087    14.837     0.013
        54061.449636    14.839     0.013
        54061.462189    14.836     0.013
        54061.474740    14.834     0.013
        54061.487296    14.808     0.013
        54066.427920    14.743     0.017
        54066.440335    14.775     0.013
        54066.452771    14.787     0.013
        54068.449663    14.702     0.011
        54068.462570    14.717     0.011
        54068.475480    14.730     0.011
        54068.488389    14.726     0.011
        54068.501283    14.743     0.018
        54083.397513    14.788     0.023
        54083.410335    14.861     0.028
        54083.423314    14.818     0.026
        54083.449014    14.853     0.023
        54084.404468    14.748     0.013
        54084.424253    14.731     0.013
        54084.440992    14.713     0.013
        54084.457480    14.749     0.013
        54084.473148    14.747     0.011
        54087.405528    14.768     0.017
        54087.418533    14.760     0.017
        54087.431547    14.750     0.020
        54087.444560    14.738     0.013
        54121.337492    14.718     0.012
        54121.349985    14.779     0.012
        54121.362454    14.778     0.012
        54121.375079    14.785     0.012
        54121.387608    14.793     0.012
        54124.328160    14.757     0.009
        54124.345194    14.757     0.009
        54124.359602    14.780     0.009
        54124.373955    14.755     0.009
        54124.389047    14.770     0.009
        54149.282652    14.807     0.013
        54149.294475    14.767     0.012
        54149.306287    14.770     0.012
        54149.318094    14.804     0.012
        54149.329869    14.742     0.013
        54154.278543    14.787     0.013
        54154.290283    14.779     0.013
        54154.301904    14.765     0.013
        54154.313465    14.739     0.012
        54154.324960    14.759     0.012
        54169.270269    14.773     0.012
        54169.281126    14.790     0.013
        54169.292050    14.838     0.013
        54169.303137    14.836     0.015
        54169.313971    14.814     0.015
        54175.270244    14.715     0.011
        54175.280903    14.727     0.011
        54175.291545    14.729     0.011
        54175.302200    14.740     0.011
        54175.312991    14.743     0.011
        54207.221060    14.747     0.013
        54207.230194    14.722     0.013
        54207.239453    14.793     0.013
        54207.248591    14.741     0.013
        54207.257736    14.775     0.013
        54208.175161    14.842     0.015
        54208.183831    14.823     0.015
        54208.192622    14.787     0.015
        54208.201229    14.823     0.015
        54208.209827    14.807     0.015
        54210.219541    14.706     0.013
        54210.228477    14.693     0.013
        54210.237383    14.718     0.013
        54210.246269    14.716     0.013
        54210.255195    14.700     0.013
        54422.469803    14.866     0.009
        54422.482419    14.873     0.009
        54422.495078    14.882     0.009
        54422.507732    14.847     0.009
        54422.520425    14.881     0.009
        54424.446562    14.849     0.009
        54424.459254    14.866     0.009
        54424.471885    14.828     0.009
        54424.484488    14.828     0.009
        54424.497252    14.819     0.009
        54447.392941    14.760     0.007
        54447.405915    14.782     0.007
        54447.418894    14.768     0.007
        54447.431863    14.803     0.009
        54447.444828    14.822     0.009
        54454.333556    14.830     0.013
        54454.346876    14.827     0.013
        54454.360068    14.875     0.013
        54454.373260    14.875     0.011
        54454.386486    14.868     0.011
        54475.336039    14.803     0.009
        54475.348773    14.799     0.009
        54475.361508    14.785     0.009
        54475.374309    14.774     0.009
        54475.387039    14.778     0.009
        54483.266506    14.836     0.018
        54483.279477    14.845     0.017
        54483.292716    14.825     0.017
        54483.318783    14.867     0.017
        54495.400684    14.850     0.011
        54495.413215    14.862     0.011
        54495.425864    14.850     0.011
        54495.438640    14.839     0.011
        54495.451299    14.872     0.011
        54508.294712    14.786     0.009
        54508.306917    14.818     0.011
        54508.319217    14.828     0.011
        54508.331424    14.836     0.009
        54508.343640    14.833     0.009
        54524.332167    14.876     0.009
        54524.343654    14.855     0.009
        54524.355317    14.869     0.009
        54524.366853    14.847     0.009
        54524.378398    14.863     0.009
        54537.219769    14.841     0.007
        54537.230934    14.854     0.007
        54537.242040    14.860     0.007
        54537.253549    14.853     0.009
        54537.264641    14.852     0.009
        54555.242727    14.770     0.009
        54555.254592    14.789     0.009
        54555.266472    14.749     0.007
        54555.278347    14.744     0.007
        54555.290114    14.727     0.007
        54564.239776    14.827     0.009
        54564.251100    14.865     0.009
        54564.262432    14.835     0.009
        54564.273742    14.827     0.009
        54564.285078    14.813     0.009
        54586.191228    14.701     0.020
        54586.211594    14.768     0.015
        54594.200232    14.818     0.015
        54594.210657    14.796     0.013
        54594.220987    14.851     0.013
        54594.231338    14.794     0.013
        54594.241655    14.849     0.015
        54612.162394    14.818     0.025
        54612.171037    14.818     0.025
        54612.179569    14.814     0.025
        54612.188353    14.841     0.025
        54618.158283    14.786     0.015
        54618.168493    14.791     0.015
        54618.178676    14.806     0.013
        54618.188920    14.819     0.013
        54618.199126    14.798     0.013
