        52613.455990    16.385     0.059
        52613.471270    16.241     0.050
        52613.486508    16.251     0.052
        52613.501713    16.348     0.052
        52613.517008    16.446     0.057
        52641.459122    16.953     0.072
        52641.474413    17.016     0.078
        52641.489727    16.986     0.076
        52641.504541    17.021     0.074
        52641.520021    17.047     0.078
        52643.444872    16.970     0.076
        52643.458869    16.956     0.072
        52643.472801    17.079     0.080
        52643.486889    16.982     0.068
        52643.501285    17.105     0.076
        52647.461851    16.553     0.061
        52647.476642    16.593     0.059
        52647.490998    16.576     0.061
        52647.505741    16.688     0.067
        52667.399577    16.993     0.076
        52667.414987    16.916     0.072
        52667.430372    17.063     0.083
        52667.445600    16.967     0.081
        52667.460947    17.003     0.087
        52670.401846    16.755     0.068
        52670.415758    16.806     0.070
        52670.429776    16.829     0.072
        52670.443683    16.885     0.072
        52670.457604    16.767     0.068
        52673.371506    16.940     0.076
        52673.386715    16.967     0.072
        52673.401961    16.954     0.068
        52673.417315    16.916     0.068
        52673.432702    16.935     0.072
        52703.315380    16.634     0.093
        52703.328556    16.932     0.228
        52703.341886    16.604     0.072
        52703.355993    16.779     0.181
        52703.369262    16.674     0.128
        52707.313004    17.023     0.078
        52707.326788    17.032     0.076
        52707.340005    16.997     0.074
        52707.353711    17.050     0.078
        52707.367050    17.036     0.081
        52709.306174    16.869     0.081
        52709.319484    16.956     0.087
        52709.333156    16.857     0.080
        52709.346769    16.905     0.081
        52709.360123    16.948     0.083
        52730.291718    17.200     0.087
        52730.303287    17.233     0.089
        52730.314925    17.082     0.076
        52730.326478    17.012     0.074
        52730.338035    16.756     0.059
        52738.240061    16.998     0.085
        52738.251493    17.171     0.098
        52738.263429    17.183     0.098
        52738.274851    17.149     0.094
        52738.286466    17.100     0.089
        52755.202889    17.135     0.112
        52755.214790    17.060     0.104
        52755.226748    17.161     0.117
        52755.238749    17.134     0.114
        52755.250659    17.307     0.134
        52758.207720    17.022     0.074
        52758.219577    16.849     0.065
        52758.231470    16.922     0.070
        52758.243471    16.999     0.074
        52758.255326    16.953     0.074
        52761.197909    16.085     0.068
        52761.209925    16.172     0.068
        52761.222039    16.206     0.076
        52761.234115    16.396     0.063
        52761.246136    16.467     0.065
        52788.173537    17.475     0.444
        52788.183806    17.100     0.117
        52788.194111    17.225     0.348
        52788.215149    17.190     0.429
        52793.224773    16.796     0.107
        52793.234781    16.834     0.109
        52793.244725    16.840     0.118
        52966.468848    16.838     0.089
        52966.481264    16.805     0.087
        52966.493842    16.795     0.081
        52966.506383    16.916     0.087
        52973.435392    17.011     0.130
        52973.447583    16.992     0.117
        52973.459932    17.009     0.114
        52973.471820    16.992     0.109
        52973.482910    17.052     0.116
        52995.466005    16.512     0.037
        52995.479536    16.504     0.037
        52995.493514    16.498     0.037
        52995.506727    16.498     0.037
        52995.520829    16.545     0.039
        53000.421111    16.762     0.048
        53000.434276    16.793     0.048
        53000.447577    16.795     0.044
        53000.460668    16.784     0.044
        53000.474392    16.757     0.043
        53026.416133    16.719     0.050
        53026.430168    16.850     0.074
        53026.442977    16.897     0.100
        53026.455987    16.802     0.061
        53026.470441    16.760     0.150
        53033.338942    16.759     0.065
        53033.351156    16.741     0.063
        53033.363220    16.702     0.061
        53033.388096    16.755     0.078
        53054.369205    17.121     0.070
        53054.383721    17.054     0.067
        53054.395721    17.104     0.068
        53054.408385    17.053     0.067
        53054.422024    16.951     0.065
        53058.340635    16.614     0.037
        53058.353175    16.627     0.037
        53058.365539    16.719     0.039
        53058.377688    16.690     0.039
        53058.395827    16.766     0.044
        53065.341901    16.964     0.079
        53065.354181    16.884     0.074
        53065.368432    17.001     0.084
        53065.383806    16.905     0.074
        53065.400871    17.016     0.079
        53080.284227    17.150     0.081
        53080.295815    17.104     0.081
        53080.307760    17.053     0.076
        53080.319108    17.182     0.083
        53080.330391    17.129     0.080
        53083.334996    16.765     0.050
        53083.345682    16.814     0.052
        53083.356714    16.893     0.054
        53083.367890    16.847     0.054
        53083.378702    16.822     0.059
        53086.341460    16.358     0.041
        53086.352264    16.078     0.033
        53086.363008    16.020     0.026
        53086.374002    16.047     0.031
        53086.384956    16.140     0.033
        53092.284989    16.508     0.044
        53092.295331    16.524     0.046
        53092.305826    16.610     0.050
        53092.316235    16.620     0.050
        53092.326753    16.686     0.052
        53114.250702    17.010     0.061
        53114.262145    16.915     0.065
        53114.273281    16.950     0.059
        53114.284349    16.912     0.061
        53114.295659    17.170     0.070
        53117.298231    16.768     0.054
        53117.308758    16.733     0.054
        53117.319415    16.740     0.054
        53117.329937    16.788     0.059
        53117.340614    16.814     0.063
        53139.200552    16.913     0.083
        53139.209864    17.092     0.098
        53139.219166    17.025     0.091
        53139.228464    17.057     0.102
        53139.237928    17.035     0.098
        53142.210256    16.492     0.115
        53142.219785    16.615     0.044
        53142.229342    16.614     0.048
        53142.238949    16.524     0.122
        53142.248476    16.713     0.065
        53146.208548    17.020     0.065
        53146.217696    17.056     0.070
        53146.226873    17.029     0.068
        53146.235918    16.993     0.068
        53146.244999    16.963     0.070
        53171.169584    16.932     0.085
        53171.179788    17.001     0.094
        53171.190099    17.085     0.104
        53171.200304    16.925     0.091
        53171.210626    16.963     0.102
        53346.444140    16.879     0.119
        53346.456692    17.099     0.142
        53346.468921    16.991     0.120
        53346.481120    16.959     0.114
        53346.493415    17.203     0.147
        53351.493824    16.740     0.106
        53351.508179    16.723     0.096
        53351.522479    16.755     0.099
        53353.461296    17.067     0.115
        53353.474707    17.019     0.107
        53353.487547    17.055     0.102
        53353.500389    17.064     0.100
        53353.513815    16.913     0.085
        53376.486413    16.705     0.059
        53376.499564    16.755     0.061
        53376.513232    16.756     0.059
        53376.530490    16.763     0.059
        53381.426298    16.672     0.148
        53381.439150    16.755     0.128
        53403.410122    16.898     0.089
        53403.423081    17.109     0.100
        53403.439457    16.833     0.080
        53403.452953    17.024     0.096
        53403.466537    17.018     0.100
        53432.350130    16.303     0.189
        53432.372933    16.678     0.098
        53432.384300    16.698     0.068
        53432.395991    16.790     0.080
        53437.349860    17.186     0.089
        53437.361189    17.149     0.087
        53437.372822    17.168     0.091
        53437.384132    17.257     0.098
        53437.397293    17.159     0.093
        53438.296940    16.889     0.074
        53438.309926    16.855     0.072
        53440.363998    16.722     0.063
        53440.374978    16.789     0.068
        53440.386537    16.761     0.068
        53440.397661    16.885     0.078
        53440.408143    16.816     0.076
        53443.275134    17.196     0.083
        53443.286612    17.281     0.089
        53443.297480    17.196     0.083
        53443.308883    17.149     0.080
        53443.319739    17.264     0.091
        53446.283177    17.227     0.192
        53446.294106    16.990     0.117
        53446.305017    17.170     0.115
        53446.316128    17.229     0.205
        53446.326996    17.094     0.078
        53447.303019    16.777     0.072
        53447.313810    16.915     0.078
        53447.325165    16.884     0.078
        53447.335931    17.014     0.087
        53447.346726    16.942     0.080
        53464.294902    16.886     0.072
        53464.305076    16.888     0.072
        53464.315260    16.780     0.063
        53464.325418    16.993     0.087
        53464.335575    16.947     0.085
        53495.248520    17.039     0.198
        53495.258625    16.957     0.192
        53495.268694    17.001     0.207
        53495.278772    17.213     0.268
        53495.288801    17.281     0.500
        53496.199047    16.991     0.104
        53496.209268    16.881     0.100
        53496.219597    16.878     0.100
        53496.229787    16.983     0.111
        53496.240060    17.016     0.118
        53503.229222    17.075     0.094
        53503.237843    17.099     0.100
        53503.246726    16.981     0.094
        53503.255746    17.076     0.102
        53503.264751    17.079     0.102
        53525.166237    16.772     0.100
        53525.186604    16.686     0.091
        53525.196799    16.627     0.091
        53525.206951    16.664     0.093
        53527.167516    17.028     0.117
        53527.177801    17.049     0.122
        53527.187686    17.031     0.120
        53527.197471    17.092     0.135
        53527.207235    17.084     0.133
        53708.462622    16.737     0.080
        53708.475582    16.703     0.074
        53708.488417    16.711     0.076
        53708.501066    16.725     0.072
        53708.513855    16.711     0.070
        53710.455309    16.898     0.111
        53710.468667    17.035     0.120
        53710.481348    17.104     0.122
        53710.493923    16.875     0.102
        53710.506493    17.020     0.115
        53732.477722    16.862     0.111
        53732.491274    16.855     0.113
        53732.504170    16.827     0.104
        53732.516951    16.822     0.105
        53732.529674    16.853     0.102
        53735.469389    17.039     0.157
        53735.482789    17.020     0.128
        53735.508471    17.222     0.377
        53746.404853    16.770     0.109
        53746.417317    16.710     0.102
        53746.429873    16.712     0.100
        53746.442560    16.781     0.104
        53746.455028    16.817     0.104
        53759.410153    17.055     0.098
        53759.422941    17.149     0.137
        53759.435532    17.058     0.152
        53759.460741    17.041     0.248
        53762.414710    16.994     0.089
        53762.427456    16.997     0.102
        53762.440093    16.941     0.148
        53762.452819    16.942     0.109
        53762.465592    16.919     0.081
        53790.344033    16.399     0.050
        53790.355733    16.137     0.041
        53790.367426    16.124     0.041
        53790.379122    16.185     0.044
        53790.390829    16.242     0.048
        53791.354158    17.063     0.081
        53791.365966    16.969     0.076
        53791.377876    16.934     0.071
        53791.389506    16.876     0.069
        53791.401397    16.669     0.059
        53793.349889    17.033     0.100
        53793.361617    17.187     0.111
        53793.373350    17.189     0.104
        53793.385102    17.213     0.094
        53793.396841    17.280     0.261
        53797.322214    16.460     0.046
        53797.333786    16.481     0.044
        53797.345425    16.479     0.044
        53799.338376    17.038     0.072
        53799.349809    17.003     0.072
        53799.361235    16.953     0.068
        53799.372676    16.613     0.054
        53799.384118    16.089     0.037
        53817.265941    17.126     0.091
        53817.277214    17.121     0.091
        53817.288478    17.164     0.097
        53817.299801    17.140     0.097
        53817.311128    17.263     0.107
        53819.341559    17.126     0.098
        53819.355649    17.072     0.098
        53819.370159    17.076     0.118
        53819.384175    17.079     0.141
        53819.396415    17.097     0.120
        53820.358594    17.519     0.500
        53826.289513    17.078     0.093
        53826.313952    17.167     0.098
        53826.325440    17.167     0.118
        53826.337044    17.085     0.113
        53827.347451    17.090     0.104
        53827.359243    17.174     0.128
        53827.371730    16.985     0.115
        53827.384342    17.044     0.155
        53832.227764    17.213     0.133
        53832.239771    17.260     0.139
        53832.250361    17.119     0.122
        53832.260951    17.210     0.130
        53832.272050    17.177     0.128
        53845.262523    16.867     0.158
        53845.273757    16.984     0.125
        53845.285038    16.862     0.155
        53848.244282    16.314     0.063
        53848.254735    16.398     0.070
        53848.265481    16.426     0.076
        53848.276369    16.474     0.076
        53848.286841    16.499     0.078
        53850.197487    17.086     0.114
        53850.207880    16.971     0.106
        53850.218394    17.002     0.112
        53850.228892    17.014     0.109
        53850.239568    17.039     0.112
        53850.275980    17.077     0.102
        53850.287099    17.105     0.109
        53850.299502    16.957     0.093
        53850.310487    16.985     0.096
        53850.322056    16.854     0.089
        53853.245824    16.927     0.098
        53853.256230    16.962     0.104
        53853.267270    16.876     0.094
        53853.278040    17.007     0.107
        53853.288472    17.001     0.109
        53856.278751    16.632     0.072
        53856.291518    16.617     0.074
        53856.303046    16.685     0.078
        53856.313194    16.769     0.087
        53856.323364    16.739     0.087
        53880.168093    16.778     0.091
        53880.179263    16.798     0.089
        53880.189949    16.675     0.079
        53880.200764    16.773     0.094
        53880.211692    16.646     0.081
        53882.171493    16.688     0.070
        53882.184699    16.726     0.076
        53882.196586    16.684     0.070
        53882.207821    16.651     0.072
        53882.219722    16.648     0.072
        53884.163545    17.041     0.118
        53884.164507    16.882     0.096
        53884.175263    16.958     0.104
        53884.175294    16.928     0.111
        53884.186470    17.115     0.122
        53884.187049    17.090     0.133
        53884.197193    17.014     0.116
        53884.198850    17.075     0.137
        53884.208073    17.059     0.122
        53884.210626    17.046     0.130
        54080.486994    16.722     0.185
        54080.499614    16.877     0.196
        54086.428223    16.864     0.093
        54086.441173    16.740     0.080
        54086.454021    16.856     0.089
        54086.466873    16.832     0.085
        54086.479846    16.864     0.085
        54113.393709    16.695     0.084
        54113.407060    16.578     0.078
        54113.421048    16.592     0.091
        54113.433814    16.568     0.099
        54113.446712    16.679     0.099
        54115.467176    16.985     0.124
        54115.479802    17.009     0.125
        54115.492756    16.922     0.119
        54115.506608    16.845     0.107
        54115.519368    16.606     0.087
        54123.397067    17.273     0.129
        54123.409483    17.140     0.112
        54123.421902    17.135     0.111
        54123.434945    16.971     0.097
        54123.447452    17.048     0.107
        54144.363731    16.868     0.057
        54144.374817    16.897     0.061
        54144.386481    16.855     0.059
        54144.397552    16.998     0.068
        54144.409899    16.963     0.068
        54148.341887    17.114     0.104
        54148.353458    17.099     0.106
        54148.365044    17.059     0.102
        54148.376988    17.060     0.109
        54148.388622    17.007     0.104
        54154.331858    16.293     0.031
        54154.344211    16.373     0.035
        54154.355818    16.429     0.035
        54154.367457    16.487     0.039
        54154.379068    16.538     0.041
        54155.351751    16.125     0.031
        54155.363576    16.130     0.030
        54155.375415    16.173     0.031
        54155.387361    16.283     0.037
        54155.399207    16.337     0.039
        54173.316986    17.139     0.081
        54173.327726    17.110     0.083
        54173.338458    17.130     0.080
        54173.349222    17.125     0.081
        54173.360831    17.053     0.074
        54174.272506    17.047     0.092
        54174.283360    17.132     0.099
        54174.294433    17.053     0.107
        54174.305487    17.164     0.117
        54174.316597    17.039     0.097
        54176.322980    17.011     0.074
        54176.333864    17.035     0.076
        54176.344692    17.038     0.074
        54176.355776    17.017     0.072
        54176.366645    17.056     0.076
        54179.340755    16.620     0.054
        54179.351742    16.663     0.057
        54179.362698    16.712     0.059
        54179.373770    16.673     0.059
        54179.384887    16.740     0.065
        54180.280640    16.845     0.071
        54180.290976    16.742     0.063
        54180.301451    16.345     0.045
        54180.312182    16.184     0.038
        54180.322538    16.213     0.041
        54200.221497    17.077     0.120
        54200.231056    17.005     0.112
        54206.266590    17.033     0.068
        54206.276091    16.998     0.068
        54206.285241    16.832     0.063
        54206.294384    16.719     0.057
        54206.303522    16.500     0.048
        54209.262488    17.111     0.185
        54209.271566    17.182     0.200
        54209.280634    17.050     0.191
        54209.289689    17.024     0.189
        54209.298751    16.864     0.231
        54440.475355    16.936     0.055
        54448.452013    16.927     0.057
        54448.465164    16.996     0.057
        54448.478273    16.894     0.054
        54448.491369    16.938     0.055
        54448.504462    16.928     0.057
        54474.399799    17.030     0.094
        54474.412804    16.967     0.072
        54474.425813    16.980     0.054
        54474.438839    17.048     0.059
        54474.451831    17.050     0.083
        54507.456563    17.278     0.109
        54507.468497    17.128     0.099
        54507.480444    17.109     0.097
        54507.493256    17.032     0.081
        54507.505242    17.091     0.089
        54508.354018    16.916     0.052
        54508.366217    16.901     0.052
        54508.378414    16.986     0.055
        54508.390763    16.993     0.057
        54508.403116    17.005     0.055
        54523.396559    17.169     0.078
        54523.408367    17.007     0.070
        54523.420262    17.012     0.074
        54523.432085    17.155     0.085
        54523.443918    16.972     0.076
        54530.335654    17.108     0.111
        54530.346904    16.957     0.087
        54530.358164    17.110     0.078
        54530.369438    17.084     0.057
        54530.380710    17.119     0.061
        54535.441358    16.893     0.081
        54535.452353    17.033     0.096
        54535.463239    16.962     0.096
        54535.474125    16.880     0.097
        54535.485218    17.089     0.129
        54537.275740    17.272     0.118
        54537.286791    17.060     0.094
        54537.297841    17.039     0.055
        54537.308934    17.018     0.087
        54537.319907    16.861     0.068
        54554.304573    16.789     0.037
        54554.316726    16.542     0.031
        54554.328691    16.367     0.026
        54554.340680    16.366     0.028
        54554.352712    16.361     0.031
        54558.182704    16.716     0.076
        54558.194273    16.702     0.081
        54558.205848    16.785     0.078
        54558.217397    16.880     0.253
        54558.229001    16.858     0.076
        54563.296295    17.040     0.052
        54563.308004    16.970     0.048
        54563.319437    16.877     0.043
        54563.330870    16.694     0.037
        54563.342318    16.601     0.041
        54580.197942    17.181     0.085
        54580.208554    17.055     0.076
        54580.219160    17.098     0.085
        54580.229774    17.033     0.085
        54580.240445    17.144     0.104
        54585.244183    16.769     0.105
        54585.254459    16.854     0.068
        54585.264737    16.851     0.085
        54585.275045    16.852     0.061
        54585.285339    16.830     0.063
        54590.197207    16.832     0.120
        54590.216681    16.795     0.135
        54590.226505    16.936     0.142
        54590.236301    16.864     0.132
        54592.240785    16.846     0.068
        54592.251493    16.849     0.068
        54592.261952    16.874     0.074
        54592.272406    16.941     0.076
        54592.282825    17.031     0.081
        54611.164373    16.762     0.055
        54611.174674    16.802     0.057
        54611.184626    16.759     0.055
        54611.194534    16.703     0.054
        54611.204340    16.653     0.050
        54615.168592    16.870     0.067
        54615.179073    16.872     0.068
        54615.189521    16.936     0.072
        54615.210461    16.990     0.081
