        52614.451824    17.150     0.202
        52614.467031    17.379     0.211
        52614.482543    17.124     0.120
        52614.497822    17.187     0.104
        52614.512978    17.205     0.100
        52619.457909    16.764     0.076
        52619.473414    16.804     0.081
        52619.488878    16.717     0.076
        52619.504345    16.765     0.080
        52619.519865    16.718     0.074
        52640.429290    16.691     0.054
        52640.445207    16.707     0.055
        52640.460124    16.794     0.059
        52640.475051    16.703     0.055
        52640.489979    16.724     0.055
        52644.391169    17.078     0.080
        52644.427616    17.040     0.078
        52644.445328    17.055     0.078
        52644.460188    17.202     0.091
        52644.475151    17.158     0.087
        52648.326087    16.894     0.089
        52648.340707    16.890     0.087
        52648.355490    16.867     0.085
        52648.370319    16.919     0.083
        52648.384993    16.943     0.083
        52666.319372    16.992     0.074
        52666.334705    16.927     0.068
        52666.350129    16.974     0.070
        52666.365549    16.953     0.068
        52666.381234    16.891     0.067
        52671.324621    16.926     0.076
        52671.339774    17.046     0.083
        52671.354987    17.035     0.083
        52671.370294    16.980     0.080
        52671.385460    17.044     0.083
        52674.329122    16.943     0.076
        52674.344657    16.962     0.078
        52674.358931    16.994     0.081
        52674.372984    17.048     0.085
        52674.387101    16.989     0.081
        52698.257921    16.852     0.081
        52698.285692    16.989     0.072
        52698.299742    16.960     0.070
        52704.304429    17.072     0.083
        52704.317830    16.954     0.076
        52704.331238    16.936     0.074
        52704.344811    17.009     0.083
        52704.358240    16.912     0.078
        52725.310837    16.901     0.086
        52725.310952    16.942     0.076
        52725.323765    16.983     0.183
        52725.323880    16.959     0.157
        52725.337050    16.867     0.165
        52725.337165    16.976     0.157
        52725.349955    17.241     0.317
        52725.350071    17.169     0.226
        52725.362647    16.885     0.139
        52725.362762    16.980     0.135
        52728.230399    16.978     0.078
        52728.242359    16.887     0.072
        52728.254831    16.918     0.072
        52728.267028    16.944     0.076
        52728.279575    16.915     0.072
        52731.262497    17.532     0.542
        52754.199369    16.688     0.063
        52754.211545    16.657     0.063
        52754.223809    16.732     0.072
        52754.235971    16.741     0.072
        52754.248155    16.743     0.074
        52760.149739    16.743     0.065
        52760.161533    16.680     0.061
        52760.173356    16.667     0.061
        52760.185249    16.642     0.059
        52760.197046    16.682     0.059
        52767.150222    16.840     0.122
        52767.150331    17.080     0.149
        52767.162699    16.846     0.122
        52767.162808    16.863     0.125
        52767.174511    16.748     0.112
        52767.174620    16.910     0.135
        52767.186407    16.905     0.127
        52767.198423    16.903     0.135
        52789.164059    17.172     0.124
        52789.174386    17.235     0.130
        52789.184720    17.057     0.113
        52789.195047    17.143     0.124
        52789.205516    17.227     0.139
        52794.163661    16.814     0.102
        52794.173705    16.742     0.094
        52794.183603    16.841     0.105
        52794.193527    16.730     0.100
        52794.203478    16.728     0.107
        52963.467644    17.314     0.102
        52963.480143    17.294     0.100
        52963.492636    17.250     0.094
        52963.505254    17.196     0.091
        52967.439980    16.824     0.074
        52967.452734    16.741     0.068
        52967.465468    16.703     0.063
        52967.478242    16.730     0.063
        52967.490860    16.854     0.070
        52974.403739    16.743     0.063
        52974.416866    16.673     0.059
        52974.429760    16.783     0.065
        52974.442654    16.787     0.065
        52974.455528    16.731     0.059
        52993.396250    17.174     0.073
        52993.408594    17.182     0.074
        52993.421056    17.184     0.079
        52996.398775    17.184     0.072
        52996.412037    17.168     0.070
        52996.425429    17.131     0.065
        52996.438730    17.115     0.063
        52996.451846    17.130     0.063
        53001.401494    16.819     0.046
        53001.414519    16.725     0.043
        53001.427513    16.803     0.044
        53001.440654    16.813     0.044
        53001.453752    16.822     0.044
        53027.332403    16.882     0.048
        53027.345134    16.913     0.048
        53027.357990    16.917     0.048
        53027.370785    16.931     0.048
        53027.383459    16.832     0.044
        53034.334087    16.820     0.078
        53034.345946    16.843     0.078
        53034.357858    16.842     0.078
        53034.369853    16.759     0.071
        53034.381828    16.810     0.076
        53052.278048    16.785     0.055
        53052.289840    16.832     0.059
        53052.301749    16.774     0.055
        53052.313658    16.779     0.055
        53052.325636    16.805     0.057
        53079.228744    16.735     0.066
        53079.239820    16.804     0.066
        53079.250870    16.671     0.061
        53079.261804    16.684     0.061
        53079.272784    16.756     0.064
        53084.222246    17.097     0.057
        53084.232943    17.105     0.055
        53084.243945    17.133     0.054
        53084.254900    17.119     0.057
        53084.265897    17.113     0.054
        53084.279507    17.011     0.050
        53084.290415    17.004     0.052
        53084.301303    17.028     0.055
        53084.312544    17.027     0.055
        53084.325740    16.970     0.054
        53086.296032    17.019     0.078
        53086.307605    16.879     0.076
        53086.319151    16.992     0.074
        53086.331078    16.954     0.073
        53086.342658    16.976     0.069
        53089.222286    16.836     0.052
        53089.232770    16.878     0.052
        53089.243526    16.894     0.054
        53089.254439    16.916     0.055
        53089.264909    16.883     0.054
        53110.190685    16.980     0.099
        53110.201680    16.804     0.084
        53110.212574    16.858     0.091
        53110.223509    16.877     0.094
        53110.234464    16.904     0.092
        53115.247072    16.759     0.054
        53115.258303    16.718     0.052
        53115.269529    16.724     0.055
        53115.280610    16.777     0.054
        53115.291713    16.706     0.054
        53116.137074    16.937     0.063
        53116.137533    16.818     0.061
        53116.137879    16.784     0.057
        53116.147946    16.893     0.068
        53116.148902    16.814     0.063
        53116.149248    16.778     0.059
        53116.158731    16.884     0.083
        53116.160057    16.795     0.074
        53116.160402    16.825     0.072
        53116.169344    16.955     0.073
        53116.171200    16.811     0.065
        53116.171546    16.815     0.067
        53116.180756    16.937     0.069
        53116.182463    16.815     0.063
        53116.182809    16.853     0.063
        53117.198378    17.118     0.071
        53117.209311    17.177     0.073
        53117.220313    17.154     0.074
        53117.237470    17.114     0.073
        53117.253742    17.146     0.078
        53138.157631    17.170     0.114
        53138.167355    17.357     0.127
        53138.177726    17.208     0.116
        53138.187355    17.240     0.117
        53138.197030    17.248     0.111
        53147.162294    17.110     0.092
        53147.171212    17.332     0.117
        53147.180148    17.217     0.109
        53147.188901    17.139     0.106
        53147.197724    17.271     0.120
        53348.394575    17.148     0.126
        53348.408023    17.264     0.126
        53348.421328    17.199     0.115
        53348.434684    17.208     0.115
        53348.447544    17.173     0.109
        53354.391486    17.142     0.102
        53354.404606    17.154     0.102
        53354.417750    17.180     0.098
        53354.430891    17.177     0.094
        53354.444038    17.233     0.098
        53357.443463    17.249     0.098
        53357.456849    17.276     0.104
        53357.471984    17.126     0.096
        53357.487085    17.273     0.109
        53357.501595    17.161     0.094
        53377.347518    16.700     0.061
        53377.360833    16.774     0.065
        53377.374114    16.682     0.059
        53377.387471    16.717     0.061
        53377.400852    16.717     0.061
        53382.436196    16.697     0.072
        53382.450871    16.760     0.070
        53382.465609    16.662     0.063
        53382.480351    16.694     0.065
        53382.494992    16.741     0.070
        53404.365776    16.690     0.050
        53404.378632    16.662     0.052
        53404.391424    16.647     0.052
        53404.404305    16.677     0.055
        53404.417775    16.750     0.063
        53415.353278    16.778     0.063
        53415.366199    16.832     0.074
        53415.378664    16.783     0.070
        53415.391715    16.697     0.063
        53415.404138    16.803     0.078
        53433.295728    16.980     0.072
        53433.310491    16.995     0.070
        53433.325273    16.921     0.068
        53433.341012    16.902     0.070
        53433.354127    16.905     0.068
        53436.254417    16.935     0.070
        53436.266121    16.864     0.068
        53436.277787    16.948     0.072
        53436.289437    16.887     0.065
        53436.301803    16.945     0.070
        53437.287853    16.708     0.057
        53437.299473    16.719     0.057
        53437.311485    16.749     0.061
        53437.323112    16.676     0.057
        53437.334830    16.708     0.059
        53438.281437    16.933     0.065
        53438.281770    16.922     0.067
        53438.286122    16.928     0.067
        53438.293651    16.983     0.068
        53438.294010    16.910     0.067
        53438.298320    16.944     0.068
        53438.306659    16.993     0.070
        53438.307023    16.937     0.068
        53438.311312    17.002     0.072
        53438.318776    16.952     0.072
        53438.319192    16.947     0.072
        53438.323506    17.057     0.081
        53438.330906    17.003     0.076
        53438.331320    17.005     0.080
        53438.335932    16.908     0.070
        53441.277317    16.925     0.067
        53441.288786    16.959     0.068
        53441.300170    17.019     0.072
        53441.311596    16.936     0.068
        53441.322996    16.997     0.072
        53446.218203    16.569     0.057
        53446.239374    16.580     0.057
        53446.250482    16.555     0.055
        53446.261686    16.582     0.055
        53471.259801    16.922     0.093
        53471.270467    16.835     0.081
        53471.280505    16.901     0.087
        53471.290443    16.930     0.093
        53471.300161    16.854     0.087
        53493.243263    17.003     0.124
        53493.253539    16.880     0.113
        53493.264535    16.813     0.117
        53493.275345    17.034     0.148
        53493.285609    16.984     0.139
        53501.191143    16.853     0.091
        53501.202928    16.826     0.089
        53501.213251    16.740     0.083
        53501.223289    16.740     0.091
        53501.233240    16.875     0.102
        53523.164894    17.187     0.139
        53523.175412    17.293     0.148
        53523.185964    17.367     0.161
        53523.196489    17.067     0.135
        53523.207006    17.155     0.146
        53706.468463    17.210     0.100
        53706.481184    17.043     0.155
        53709.440902    17.243     0.111
        53709.454279    17.292     0.115
        53709.467814    17.239     0.107
        53709.480526    17.255     0.102
        53709.493255    17.244     0.093
        53712.459264    17.359     0.130
        53712.472773    17.127     0.100
        53712.486305    17.308     0.118
        53712.499399    16.965     0.083
        53712.512399    17.182     0.100
        53733.393452    17.152     0.104
        53733.406184    17.296     0.117
        53733.418929    17.296     0.122
        53733.431634    17.301     0.117
        53733.444509    17.322     0.120
        53738.406177    16.736     0.068
        53738.419310    16.721     0.070
        53738.432293    16.701     0.070
        53738.445328    16.702     0.070
        53738.458493    16.729     0.085
        53769.383080    17.222     0.087
        53769.396844    17.105     0.080
        53769.410299    17.186     0.085
        53769.423674    17.347     0.115
        53769.436860    17.194     0.105
        53788.295499    16.826     0.112
        53788.308122    16.895     0.081
        53788.320872    16.836     0.069
        53788.333520    16.832     0.059
        53788.346371    16.865     0.061
        53788.461514    16.675     0.080
        53788.473423    16.658     0.080
        53788.485366    16.739     0.089
        53788.497350    16.665     0.093
        53788.509382    16.692     0.102
        53791.308912    16.866     0.070
        53791.320681    16.826     0.070
        53791.332519    16.792     0.068
        53791.344285    16.857     0.070
        53791.356463    16.822     0.068
        53794.290298    17.019     0.300
        53794.313913    16.877     0.070
        53794.326036    16.863     0.070
        53794.339721    16.847     0.072
        53794.351349    16.804     0.067
        53794.363184    16.796     0.067
        53794.374814    16.891     0.074
        53794.386446    16.831     0.070
        53813.263697    16.715     0.081
        53813.276307    16.790     0.087
        53813.287787    16.854     0.096
        53813.299126    16.810     0.092
        53813.310620    16.720     0.091
        53817.338835    16.970     0.102
        53817.349692    16.961     0.100
        53817.360561    16.911     0.102
        53817.371476    16.945     0.105
        53818.277018    16.942     0.093
        53818.287628    16.981     0.094
        53818.298238    16.839     0.085
        53818.308936    16.892     0.089
        53818.319562    16.886     0.085
        53823.258132    16.970     0.083
        53823.268743    16.915     0.080
        53823.279646    16.986     0.087
        53823.290348    16.965     0.087
        53823.302842    16.962     0.089
        53825.234310    16.684     0.067
        53825.244689    16.725     0.068
        53825.255072    16.821     0.074
        53825.265454    16.691     0.068
        53825.275844    16.725     0.074
        53828.173030    16.666     0.074
        53828.183326    16.681     0.070
        53828.193753    16.634     0.076
        53828.204056    16.732     0.102
        53828.214383    16.668     0.089
        53829.228329    16.804     0.139
        53829.249030    17.361     0.315
        53829.271205    16.790     0.178
        53845.190557    17.088     0.124
        53845.201268    17.038     0.117
        53845.212124    17.060     0.117
        53845.222855    17.062     0.122
        53845.233599    17.125     0.133
        53848.193485    17.288     0.152
        53848.204150    17.173     0.133
        53848.214814    17.163     0.141
        53848.225455    17.089     0.131
        53848.236792    17.007     0.120
        53849.199543    16.763     0.076
        53849.210331    16.696     0.072
        53849.221352    16.675     0.072
        53849.232466    16.714     0.080
        53849.243529    16.753     0.080
        53852.193063    16.609     0.081
        53852.200304    16.707     0.085
        53852.203367    16.633     0.084
        53852.212145    16.721     0.087
        53852.213589    16.846     0.104
        53852.223544    16.809     0.094
        53852.223753    16.781     0.099
        53852.233938    16.690     0.091
        53852.234974    16.705     0.089
        53852.250102    16.672     0.091
        53855.198072    16.766     0.085
        53855.208744    16.787     0.089
        53855.219436    16.716     0.085
        53855.230098    16.758     0.089
        53855.240767    16.765     0.091
        53858.202019    16.672     0.178
        53858.232554    16.729     0.120
        53881.159103    17.140     0.132
        53881.161180    17.155     0.148
        53881.169065    17.250     0.144
        53881.172328    17.306     0.167
        53881.179278    17.111     0.124
        53881.183382    17.101     0.142
        53881.191647    17.073     0.127
        53881.194494    17.236     0.161
        53881.201751    17.220     0.150
        53881.205702    17.173     0.154
        53883.164013    16.886     0.115
        53883.177199    16.866     0.117
        53883.189944    16.757     0.111
        53883.201338    16.848     0.120
        53883.212837    16.879     0.126
        53886.156314    16.840     0.122
        53886.166325    16.837     0.122
        53886.176323    16.776     0.114
        53887.163514    17.424     0.294
        53887.173719    17.341     0.297
        54041.437212    16.869     0.144
        54041.450159    16.994     0.155
        54041.462369    16.782     0.122
        54041.474949    16.627     0.107
        54041.487361    16.644     0.099
        54054.417831    16.795     0.104
        54054.429576    16.852     0.100
        54054.441152    16.797     0.089
        54054.452642    16.815     0.091
        54054.464417    16.713     0.080
        54057.445234    16.935     0.114
        54057.459271    16.887     0.099
        54057.473062    17.010     0.111
        54057.486294    17.044     0.109
        54057.499209    16.882     0.094
        54058.435979    17.449     0.142
        54058.448490    17.236     0.113
        54058.461007    17.336     0.115
        54058.473532    17.224     0.105
        54058.486040    17.242     0.105
        54061.438011    17.202     0.105
        54061.450559    17.152     0.098
        54061.463114    17.195     0.098
        54061.475665    17.218     0.098
        54061.488221    17.217     0.102
        54066.441283    16.826     0.074
        54066.453719    16.729     0.067
        54067.453230    17.197     0.078
        54067.466301    17.182     0.080
        54067.479378    17.190     0.083
        54067.492629    17.116     0.076
        54067.505719    17.141     0.072
        54083.463038    16.759     0.178
        54083.489392    16.751     0.119
        54084.405525    16.854     0.087
        54084.425242    16.796     0.078
        54084.441979    16.730     0.087
        54084.458466    16.796     0.093
        54084.474155    16.751     0.067
        54087.406466    16.783     0.089
        54087.419474    16.729     0.087
        54087.432487    16.705     0.105
        54087.445499    16.783     0.067
        54121.338430    17.230     0.092
        54121.350907    17.182     0.089
        54121.363372    17.267     0.091
        54121.375997    17.222     0.091
        54121.388529    17.261     0.092
        54124.329172    17.051     0.065
        54124.346207    17.104     0.067
        54124.360615    17.151     0.070
        54124.375194    17.119     0.070
        54124.390316    17.150     0.072
        54144.278439    16.824     0.066
        54144.290341    16.720     0.059
        54144.302424    16.790     0.064
        54144.314292    16.756     0.064
        54144.326230    16.738     0.068
        54149.332366    16.987     0.087
        54149.344402    16.846     0.074
        54149.356372    16.802     0.069
        54149.368893    16.808     0.073
        54149.380930    16.924     0.083
        54153.306454    16.784     0.068
        54153.318455    16.752     0.066
        54153.330418    16.769     0.071
        54175.271119    17.049     0.074
        54175.281779    17.052     0.076
        54175.292420    17.018     0.072
        54175.303074    17.042     0.072
        54175.313871    17.148     0.083
        54207.221828    16.698     0.067
        54207.230971    16.699     0.068
        54207.240219    16.664     0.065
        54207.249371    16.677     0.065
        54207.258802    16.748     0.068
        54208.210984    16.929     0.087
        54208.219722    16.948     0.092
        54208.228416    17.004     0.102
        54208.237272    16.989     0.094
        54208.245982    16.917     0.091
        54210.220300    16.651     0.063
        54210.229257    16.747     0.068
        54210.238131    16.681     0.065
        54210.247046    16.690     0.068
        54210.255942    16.699     0.068
        54422.470805    17.221     0.072
        54422.483419    17.280     0.074
        54422.496080    17.212     0.068
        54422.508738    17.144     0.065
        54422.521430    17.229     0.076
        54424.448184    16.863     0.057
        54424.460869    16.861     0.054
        54424.473500    16.845     0.054
        54424.486103    16.875     0.054
        54424.498872    16.821     0.052
        54447.393751    16.734     0.044
        54447.406725    16.668     0.043
        54447.419700    16.655     0.043
        54447.432671    16.677     0.044
        54447.445636    16.651     0.044
        54454.335268    16.703     0.072
        54454.348586    16.779     0.074
        54454.361776    16.750     0.068
        54454.374970    16.790     0.067
        54454.388196    16.839     0.067
        54475.337157    16.727     0.046
        54475.349890    16.767     0.048
        54475.362625    16.834     0.050
        54475.375422    16.801     0.052
        54475.388158    16.840     0.059
        54483.281299    16.775     0.098
        54483.294540    16.786     0.093
        54483.307564    16.758     0.087
        54483.320608    16.794     0.083
        54495.401917    16.757     0.055
        54495.414452    16.737     0.054
        54495.427093    16.729     0.054
        54495.439873    16.729     0.057
        54495.452531    16.688     0.055
        54508.295481    16.725     0.048
        54508.307688    16.716     0.052
        54508.319983    16.752     0.054
        54508.332193    16.741     0.041
        54508.344410    16.744     0.048
        54524.333276    17.128     0.061
        54524.344764    17.155     0.063
        54524.356428    17.148     0.065
        54524.367962    17.107     0.061
        54524.379508    17.122     0.067
        54537.220517    16.798     0.041
        54537.231682    16.818     0.043
        54537.242789    16.811     0.043
        54537.254297    16.845     0.044
        54537.265393    16.747     0.046
        54555.243698    16.879     0.050
        54555.255560    16.880     0.050
        54555.267438    16.824     0.046
        54555.279316    16.879     0.050
        54555.291082    16.834     0.046
        54559.128183    16.663     0.046
        54559.139839    16.744     0.048
        54559.151437    16.740     0.050
        54559.162882    16.703     0.046
        54559.174363    16.716     0.046
        54564.240681    16.932     0.054
        54564.251988    16.965     0.055
        54564.263322    16.905     0.054
        54564.274631    16.857     0.052
        54564.285965    16.878     0.054
        54581.193576    16.926     0.076
        54581.204240    16.943     0.078
        54581.214913    16.973     0.078
        54581.225589    16.893     0.074
        54581.236290    16.908     0.076
        54586.192109    16.817     0.161
        54586.212474    16.739     0.057
        54594.201122    17.049     0.094
        54594.211543    17.003     0.083
        54594.221873    16.933     0.081
        54594.232225    16.883     0.080
        54594.242541    17.001     0.089
        54618.158943    17.054     0.096
        54618.169155    17.080     0.100
        54618.179352    17.080     0.094
        54618.189588    16.976     0.087
        54618.199784    17.067     0.091
