        52614.451562    16.240     0.089
        52614.466770    16.180     0.076
        52614.482281    16.272     0.061
        52614.497560    16.224     0.044
        52614.512718    16.249     0.044
        52619.457649    16.189     0.046
        52619.473154    16.208     0.048
        52619.488616    16.256     0.052
        52619.504085    16.291     0.052
        52619.519603    16.295     0.052
        52639.402289    15.974     0.036
        52639.417319    16.000     0.036
        52639.432465    16.025     0.036
        52639.447782    16.044     0.036
        52639.463461    16.094     0.038
        52642.423490    15.926     0.031
        52642.437663    15.966     0.031
        52642.451991    15.999     0.033
        52642.466322    16.035     0.033
        52642.480568    16.115     0.035
        52644.390906    15.928     0.028
        52644.426272    15.992     0.030
        52644.445073    16.018     0.030
        52644.459928    16.063     0.031
        52644.474894    16.142     0.033
        52648.325710    15.963     0.037
        52648.340329    15.918     0.035
        52648.355018    15.938     0.035
        52648.369942    15.895     0.033
        52648.384613    15.905     0.033
        52666.319115    16.178     0.035
        52666.334449    16.122     0.033
        52666.349873    16.066     0.031
        52666.365292    16.001     0.028
        52666.380912    15.953     0.030
        52671.324362    16.199     0.039
        52671.354727    16.133     0.035
        52671.370034    16.019     0.033
        52674.328645    16.223     0.039
        52674.344300    16.142     0.037
        52674.358572    16.081     0.037
        52674.372625    16.019     0.035
        52674.386741    15.966     0.033
        52698.257650    16.188     0.067
        52698.271234    16.130     0.122
        52698.285423    16.204     0.035
        52698.299466    16.248     0.035
        52703.239510    15.991     0.031
        52703.252808    16.068     0.033
        52703.266350    16.104     0.059
        52703.280337    16.167     0.043
        52703.293671    16.165     0.035
        52704.304170    16.232     0.039
        52704.317571    16.203     0.039
        52704.330980    16.234     0.041
        52704.344547    16.236     0.043
        52704.357978    16.240     0.043
        52724.240284    15.932     0.035
        52724.264439    15.970     0.035
        52724.277637    16.006     0.035
        52724.289084    15.985     0.028
        52724.289768    16.052     0.036
        52728.230160    15.901     0.030
        52728.242120    15.949     0.031
        52728.254502    15.969     0.031
        52728.266712    16.013     0.031
        52728.279334    16.024     0.033
        52731.262259    15.904     0.098
        52754.213322    15.976     0.041
        52754.251056    15.893     0.041
        52754.263541    15.854     0.040
        52760.149626    16.320     0.043
        52760.161420    16.243     0.041
        52760.173243    16.289     0.043
        52760.185136    16.288     0.043
        52760.196934    16.197     0.039
        52767.174157    15.725     0.051
        52767.186061    16.227     0.081
        52789.163841    16.214     0.050
        52789.174166    16.242     0.052
        52789.184504    16.216     0.052
        52789.194832    16.255     0.054
        52789.205295    16.271     0.057
        52967.439742    15.960     0.035
        52967.452495    15.980     0.035
        52967.465229    15.962     0.033
        52967.478002    16.036     0.035
        52967.490621    16.103     0.035
        52974.403199    15.883     0.030
        52974.416327    15.911     0.030
        52974.429218    15.898     0.030
        52974.442113    15.932     0.030
        52974.454988    15.951     0.031
        52992.471666    15.866     0.025
        52992.484470    15.849     0.026
        52992.497410    15.907     0.028
        52992.511067    15.851     0.061
        52992.524283    15.997     0.030
        52996.398036    15.976     0.026
        52996.411297    15.949     0.024
        52996.424689    15.896     0.022
        52996.437990    15.877     0.022
        52996.451106    15.874     0.020
        53001.400755    16.024     0.024
        53001.426774    15.916     0.020
        53001.439914    15.875     0.020
        53001.453013    15.862     0.020
        53027.331671    16.242     0.028
        53027.344401    16.230     0.028
        53027.357258    16.255     0.026
        53027.370052    16.224     0.026
        53027.382726    16.255     0.026
        53034.333878    16.230     0.046
        53034.345738    16.226     0.046
        53034.357650    16.276     0.046
        53034.369643    16.258     0.048
        53034.381619    16.378     0.051
        53078.268510    15.899     0.036
        53078.279665    15.865     0.030
        53078.290672    15.842     0.030
        53078.301780    15.872     0.031
        53078.312668    15.867     0.031
        53086.295464    15.905     0.028
        53086.307038    15.947     0.028
        53086.318585    15.871     0.026
        53086.330510    15.881     0.026
        53086.342089    15.855     0.031
        53109.188023    16.206     0.045
        53109.198358    16.268     0.048
        53109.208771    16.215     0.046
        53109.219231    16.193     0.045
        53109.229480    16.245     0.046
        53115.247423    16.286     0.035
        53115.258786    16.279     0.035
        53115.269880    16.242     0.035
        53115.280961    16.213     0.033
        53115.292064    16.127     0.031
        53117.198057    16.187     0.030
        53117.208990    16.186     0.030
        53117.219992    16.216     0.031
        53117.237148    16.224     0.031
        53117.253421    16.253     0.035
        53137.157476    15.954     0.038
        53137.167258    15.944     0.040
        53137.177286    16.007     0.043
        53137.187511    16.088     0.046
        53137.199100    16.153     0.051
        53147.162019    15.947     0.033
        53147.170936    15.961     0.035
        53147.179873    15.997     0.038
        53147.188626    15.950     0.036
        53147.197449    16.017     0.040
        53348.394143    16.248     0.057
        53348.407596    16.254     0.050
        53348.420902    16.264     0.050
        53348.434258    16.275     0.050
        53348.447116    16.170     0.044
        53354.391048    16.220     0.044
        53354.404167    16.261     0.046
        53354.417311    16.249     0.043
        53354.430452    16.286     0.041
        53354.443598    16.241     0.041
        53357.454600    16.199     0.040
        53357.469118    16.215     0.043
        53357.483689    16.127     0.040
        53357.498248    16.055     0.036
        53357.512760    16.165     0.079
        53377.347064    15.986     0.031
        53377.360377    16.056     0.033
        53377.373661    16.139     0.035
        53377.387021    16.132     0.035
        53377.400402    16.184     0.037
        53382.435472    16.228     0.046
        53382.450143    16.260     0.044
        53382.464882    16.202     0.144
        53382.479622    16.290     0.044
        53382.494266    16.241     0.044
        53404.365127    15.927     0.026
        53404.377976    15.951     0.026
        53404.390775    15.974     0.028
        53404.403639    15.991     0.030
        53404.417128    16.028     0.033
        53415.352645    15.898     0.030
        53415.365540    15.870     0.031
        53415.378021    15.905     0.035
        53415.391066    15.969     0.031
        53415.403506    15.957     0.035
        53433.295085    16.217     0.035
        53433.309833    16.136     0.033
        53433.324633    16.043     0.031
        53433.340359    15.980     0.030
        53433.353511    15.930     0.028
        53438.285423    16.251     0.035
        53438.297669    16.260     0.037
        53438.310653    16.195     0.035
        53438.322853    16.085     0.033
        53438.335297    16.033     0.031
        53441.276658    16.245     0.035
        53441.288148    16.251     0.037
        53441.299530    16.246     0.035
        53441.310931    16.217     0.035
        53441.322370    16.201     0.035
        53445.231252    16.242     0.039
        53445.242456    16.238     0.039
        53445.255103    16.262     0.039
        53445.277526    16.311     0.041
        53493.242852    15.978     0.050
        53493.253129    15.978     0.050
        53493.264126    16.014     0.052
        53493.274934    16.070     0.061
        53493.285200    16.122     0.065
        53501.190946    15.901     0.039
        53501.202731    15.909     0.041
        53501.213055    15.960     0.043
        53501.223092    15.901     0.043
        53501.233043    15.936     0.044
        53706.467750    16.224     0.041
        53706.480519    16.132     0.072
        53709.439963    16.220     0.046
        53709.453607    16.267     0.046
        53709.467043    16.229     0.044
        53709.479856    16.263     0.043
        53709.492584    16.281     0.039
        53713.408947    16.104     0.080
        53713.421983    16.093     0.070
        53713.435182    16.099     0.063
        53713.448047    16.230     0.070
        53713.461201    16.241     0.076
        53733.392769    15.953     0.035
        53733.405518    15.932     0.033
        53733.418261    15.960     0.037
        53733.430967    15.990     0.037
        53733.443841    15.971     0.037
        53739.423212    15.857     0.102
        53739.436207    15.979     0.050
        53739.449446    16.034     0.041
        53739.463043    16.072     0.035
        53770.287446    16.238     0.041
        53770.300413    16.270     0.041
        53770.313556    16.291     0.041
        53770.327699    16.230     0.037
        53770.341414    16.227     0.039
        53788.294912    16.245     0.074
        53788.307536    16.284     0.049
        53788.320282    16.219     0.046
        53788.332933    16.292     0.038
        53788.345715    16.251     0.036
        53788.460295    15.904     0.039
        53788.472184    15.935     0.041
        53788.484122    15.902     0.043
        53788.496096    15.953     0.048
        53788.508116    15.924     0.052
        53791.308187    16.234     0.041
        53791.320031    16.253     0.043
        53791.331785    16.236     0.043
        53791.343634    16.268     0.043
        53791.355516    16.291     0.044
        53794.339070    16.231     0.041
        53794.350696    16.230     0.039
        53794.362534    16.269     0.043
        53794.374160    16.260     0.041
        53794.385794    16.237     0.041
        53813.263149    16.034     0.043
        53813.275760    16.091     0.046
        53813.287225    16.063     0.048
        53813.298579    16.137     0.051
        53813.310073    16.198     0.054
        53815.227792    15.957     0.033
        53815.239253    15.911     0.041
        53815.250858    15.915     0.038
        53815.262435    15.942     0.033
        53815.273782    15.988     0.035
        53816.231502    15.904     0.033
        53816.242586    15.952     0.035
        53816.253772    15.933     0.031
        53816.264900    16.022     0.033
        53816.276026    16.031     0.035
        53817.337778    16.131     0.046
        53817.348635    16.209     0.050
        53817.359506    16.251     0.054
        53817.370418    16.248     0.055
        53818.276412    16.010     0.039
        53818.287022    16.040     0.041
        53818.297631    16.058     0.041
        53818.308268    16.120     0.043
        53818.318955    16.166     0.044
        53823.257531    15.956     0.033
        53823.268148    15.979     0.035
        53823.279047    15.982     0.035
        53823.289751    16.057     0.037
        53823.302226    16.027     0.037
        53825.233729    15.885     0.033
        53825.244105    15.910     0.033
        53825.254488    15.942     0.033
        53825.264871    15.941     0.035
        53825.275259    15.939     0.037
        53844.189755    16.159     0.046
        53844.200883    16.057     0.045
        53844.212104    16.051     0.045
        53844.223355    15.999     0.043
        53844.234530    16.012     0.045
        53848.192788    16.174     0.054
        53849.209776    16.061     0.041
        53849.220795    16.006     0.041
        53849.231912    15.936     0.039
        53849.242972    15.953     0.041
        53852.192687    16.173     0.058
        53852.199766    16.154     0.050
        53852.202996    16.147     0.058
        53852.211607    16.126     0.048
        53852.213214    16.078     0.054
        53852.223002    16.053     0.046
        53852.223381    15.965     0.051
        53852.233567    15.936     0.049
        53852.234432    16.026     0.046
        53852.249561    15.935     0.046
        53855.197545    16.228     0.052
        53855.208219    16.140     0.048
        53855.218914    16.091     0.048
        53855.229572    16.055     0.046
        53855.240239    16.008     0.046
        53858.201465    16.318     0.130
        53858.211562    16.222     0.109
        53858.231996    16.144     0.068
        53881.158357    16.257     0.059
        53881.160803    16.162     0.059
        53881.168316    16.280     0.061
        53881.171948    16.213     0.059
        53881.178470    16.310     0.063
        53881.183002    16.122     0.057
        53881.190835    16.221     0.058
        53881.194111    16.232     0.065
        53881.201002    16.280     0.063
        53881.205322    16.278     0.070
        53883.163482    16.236     0.063
        53883.176665    16.291     0.070
        53883.189408    16.350     0.074
        53883.200801    16.325     0.074
        53883.212292    16.314     0.076
        53886.155530    16.211     0.073
        53886.165581    16.171     0.069
        53886.175494    16.202     0.071
        53886.188777    16.128     0.066
        53886.198572    16.281     0.079
        53887.163161    16.095     0.094
        53887.173371    16.164     0.104
        53887.183781    16.260     0.122
        53887.194164    16.210     0.130
        54041.436561    16.080     0.074
        54041.449689    16.069     0.068
        54041.461907    16.041     0.064
        54041.474497    16.234     0.074
        54041.486910    16.242     0.068
        54054.417574    15.918     0.044
        54054.429321    15.915     0.043
        54054.440898    15.977     0.043
        54054.452389    15.973     0.044
        54054.464164    16.011     0.044
        54057.444670    15.981     0.049
        54057.458707    15.969     0.046
        54057.472497    16.072     0.049
        54057.485729    16.023     0.046
        54057.498643    16.135     0.049
        54058.435715    15.984     0.037
        54058.448234    15.989     0.035
        54058.460746    16.013     0.035
        54058.473276    16.040     0.035
        54058.485784    16.055     0.037
        54061.437746    15.946     0.033
        54061.450295    15.970     0.033
        54061.462848    16.001     0.033
        54061.475400    15.980     0.031
        54061.487956    16.043     0.035
        54066.441012    15.926     0.033
        54066.453448    15.943     0.033
        54068.449806    15.988     0.030
        54068.462713    15.980     0.030
        54068.475623    15.968     0.033
        54068.488532    16.039     0.030
        54068.501426    16.122     0.065
        54083.397984    16.059     0.074
        54083.410808    16.041     0.076
        54083.423787    15.932     0.058
        54083.449486    16.003     0.066
        54084.405247    15.939     0.039
        54084.424965    15.919     0.035
        54084.441701    15.893     0.039
        54084.458189    15.901     0.041
        54084.473874    15.883     0.030
        54087.406202    15.931     0.048
        54087.419210    15.949     0.044
        54087.432224    15.929     0.061
        54087.445236    15.954     0.031
        54121.338151    16.244     0.048
        54121.350644    16.207     0.046
        54121.363110    16.273     0.048
        54121.375734    16.242     0.048
        54121.388268    16.223     0.046
        54124.328882    16.219     0.031
        54124.345919    16.218     0.031
        54124.360324    16.220     0.031
        54124.374904    16.245     0.033
        54124.390028    16.254     0.033
        54149.332111    16.058     0.040
        54149.344149    16.070     0.038
        54149.356117    16.053     0.038
        54149.368638    16.167     0.043
        54149.380676    16.175     0.045
        54154.278677    15.897     0.036
        54154.290417    15.851     0.033
        54154.302036    15.898     0.033
        54154.313600    15.932     0.035
        54154.325095    15.953     0.035
        54169.270399    15.942     0.036
        54169.281256    15.961     0.038
        54169.292180    15.905     0.040
        54169.303266    15.944     0.045
        54169.314101    15.878     0.043
        54175.270876    15.974     0.028
        54175.281535    15.923     0.028
        54175.292177    15.938     0.028
        54175.302832    15.909     0.028
        54175.313629    15.909     0.026
        54205.219724    16.213     0.054
        54205.228953    16.274     0.054
        54205.238206    16.223     0.051
        54205.247540    16.237     0.054
        54205.256968    16.215     0.054
        54207.221613    16.267     0.043
        54207.230762    16.268     0.043
        54207.240011    16.290     0.043
        54207.249144    16.280     0.041
        54207.258593    16.261     0.039
        54208.175683    16.169     0.049
        54208.184274    16.213     0.051
        54208.193065    16.199     0.051
        54208.201674    16.212     0.051
        54208.210270    16.226     0.053
        54210.220089    16.255     0.039
        54210.229050    16.279     0.039
        54210.237925    16.263     0.039
        54210.246840    16.298     0.041
        54210.255738    16.270     0.041
        54421.449364    16.052     0.030
        54421.461889    15.940     0.026
        54421.474346    15.951     0.024
        54421.486812    15.935     0.024
        54421.499281    15.931     0.024
        54424.447459    16.081     0.028
        54424.460149    16.008     0.026
        54424.472781    15.957     0.024
        54424.485386    15.917     0.022
        54424.498151    15.912     0.022
        54447.393341    16.214     0.030
        54447.406315    16.191     0.028
        54447.419292    16.246     0.030
        54447.432262    16.243     0.030
        54447.445227    16.223     0.030
        54450.397189    16.191     0.028
        54450.410213    16.242     0.030
        54450.436311    16.239     0.030
        54454.334502    16.057     0.041
        54454.347824    16.075     0.039
        54454.361013    16.163     0.041
        54454.374208    16.155     0.039
        54454.387434    16.218     0.039
        54475.336193    15.928     0.022
        54475.348926    15.981     0.022
        54475.361662    16.018     0.024
        54475.374460    16.069     0.026
        54475.387192    16.085     0.026
        54483.267502    16.206     0.067
        54483.280476    16.095     0.054
        54483.293716    16.004     0.046
        54483.306725    15.981     0.046
        54483.319783    15.939     0.043
        54495.401093    15.981     0.030
        54495.413627    16.052     0.030
        54495.426274    16.084     0.031
        54495.439048    16.106     0.033
        54495.451708    16.148     0.035
        54509.272843    16.162     0.026
        54509.284896    16.093     0.024
        54509.296892    16.052     0.022
        54509.308970    15.996     0.022
        54509.321111    15.946     0.020
        54524.332536    16.030     0.022
        54524.344024    15.969     0.022
        54524.355688    15.956     0.022
        54524.367223    15.933     0.022
        54524.378767    15.913     0.022
        54532.273893    16.260     0.026
        54532.285116    16.254     0.026
        54532.296481    16.240     0.026
        54532.308224    16.213     0.024
        54532.320131    16.171     0.024
        54555.243051    16.119     0.026
        54555.254913    16.152     0.028
        54555.266792    16.179     0.028
        54555.278668    16.204     0.028
        54555.290436    16.221     0.028
        54581.217660    16.147     0.102
        54586.191356    16.037     0.083
        54586.211722    15.970     0.052
        54586.232217    15.929     0.054
        54594.200367    15.881     0.033
        54594.200477    15.794     0.066
        54594.209939    15.835     0.061
        54594.210791    15.912     0.031
        54594.219577    15.807     0.061
        54594.221119    15.916     0.033
        54594.229045    15.929     0.073
        54594.231472    15.916     0.033
        54594.238532    15.854     0.071
        54594.241787    15.939     0.035
        54612.162499    16.350     0.074
        54612.171142    16.348     0.074
        54612.179675    16.220     0.069
        54612.188459    16.219     0.069
        54618.158391    16.248     0.046
        54618.168602    16.208     0.044
        54618.178784    16.195     0.041
        54618.189028    16.102     0.039
        54618.199234    16.047     0.037
