        52643.415330    14.379     0.012
        52643.431481    14.431     0.012
        52643.447787    14.448     0.012
        52643.464154    14.524     0.010
        52643.480658    14.536     0.010
        52649.468320    14.625     0.011
        52649.484432    14.587     0.009
        52649.499115    14.615     0.011
        52649.513265    14.666     0.011
        52649.527652    14.674     0.011
        52666.394200    14.866     0.015
        52666.409140    14.874     0.015
        52666.423789    14.875     0.016
        52666.438428    14.879     0.015
        52666.453263    14.888     0.015
        52670.425890    14.622     0.013
        52670.440562    14.660     0.013
        52670.455159    14.709     0.015
        52670.469761    14.757     0.015
        52670.484364    14.775     0.015
        52676.294038    14.465     0.011
        52676.309465    14.504     0.011
        52676.325054    14.549     0.011
        52676.340665    14.569     0.011
        52676.356420    14.590     0.011
        52698.332813    14.353     0.010
        52698.345860    14.370     0.010
        52698.359581    14.418     0.010
        52698.372626    14.429     0.015
        52703.309733    14.689     0.043
        52703.331726    14.792     0.045
        52703.349905    14.792     0.015
        52703.365429    14.897     0.040
        52703.380290    14.810     0.025
        52725.314180    14.558     0.011
        52725.325865    14.578     0.015
        52725.337704    14.617     0.018
        52725.349483    14.631     0.020
        52725.361146    14.630     0.013
        52730.245636    14.840     0.015
        52730.258310    14.852     0.015
        52730.270296    14.870     0.015
        52730.282341    14.870     0.015
        52730.294548    14.875     0.015
        52738.244680    14.839     0.016
        52738.256821    14.749     0.015
        52738.268651    14.564     0.013
        52738.280314    14.376     0.012
        52738.292180    14.196     0.010
        52754.205225    14.840     0.013
        52754.217389    14.812     0.013
        52754.229682    14.879     0.013
        52754.241862    14.867     0.013
        52754.253991    14.866     0.013
        52761.204436    14.644     0.018
        52761.216474    14.685     0.020
        52761.228551    14.704     0.015
        52761.240636    14.721     0.013
        52761.252657    14.744     0.011
        52764.206164    14.675     0.015
        52764.218118    14.688     0.015
        52764.230063    14.721     0.015
        52764.242288    14.754     0.015
        52764.254257    14.762     0.015
        52789.168908    14.408     0.013
        52789.179516    14.438     0.013
        52789.190069    14.456     0.013
        52789.200766    14.461     0.013
        52789.211424    14.463     0.015
        52791.169560    14.681     0.051
        52973.460578    14.860     0.015
        52973.473516    14.846     0.013
        52973.486520    14.834     0.013
        52973.499343    14.870     0.013
        52973.512281    14.893     0.013
        52993.452759    14.416     0.006
        52993.466068    14.453     0.006
        52993.479444    14.503     0.006
        52993.492691    14.522     0.007
        52993.506328    14.551     0.007
        53000.438128    14.949     0.008
        53000.452798    14.913     0.008
        53000.467259    14.793     0.008
        53002.458426    14.552     0.006
        53002.471728    14.579     0.006
        53002.485328    14.613     0.007
        53002.498731    14.642     0.007
        53002.512286    14.679     0.007
        53033.341240    14.488     0.010
        53033.353572    14.347     0.008
        53033.365782    14.244     0.008
        53033.378311    14.210     0.008
        53033.390606    14.256     0.010
        53052.332700    14.900     0.011
        53052.345022    14.945     0.011
        53052.357504    14.923     0.011
        53052.369361    14.961     0.011
        53052.381202    14.997     0.011
        53054.365697    14.451     0.007
        53054.380406    14.482     0.007
        53054.392398    14.509     0.007
        53054.405064    14.538     0.007
        53054.416997    14.562     0.009
        53055.364771    14.982     0.031
        53062.352696    14.874     0.036
        53062.365101    14.836     0.018
        53062.378018    14.852     0.016
        53062.390308    14.870     0.021
        53062.402310    14.902     0.028
        53079.279437    14.871     0.013
        53079.290591    14.787     0.012
        53079.301575    14.693     0.012
        53079.312669    14.601     0.010
        53079.323592    14.492     0.010
        53087.284459    14.594     0.007
        53087.297757    14.616     0.007
        53087.309220    14.693     0.007
        53087.320256    14.691     0.008
        53087.331371    14.695     0.008
        53087.331494    14.733     0.007
        53087.341904    14.763     0.007
        53087.352352    14.774     0.007
        53087.363054    14.779     0.009
        53087.373681    14.800     0.009
        53089.274219    14.826     0.009
        53089.284732    14.827     0.009
        53089.295329    14.849     0.009
        53089.305722    14.839     0.011
        53089.316215    14.867     0.011
        53090.283583    14.612     0.010
        53090.294508    14.646     0.010
        53090.316240    14.668     0.010
        53090.327006    14.698     0.018
        53091.222146    14.960     0.011
        53091.232705    14.928     0.011
        53091.253846    14.772     0.009
        53091.264454    14.652     0.007
        53110.241277    14.870     0.015
        53110.252159    14.901     0.016
        53110.262996    14.873     0.015
        53110.274001    14.919     0.015
        53110.284904    14.924     0.015
        53138.203346    14.791     0.013
        53138.213217    14.823     0.013
        53138.223103    14.831     0.013
        53138.232884    14.836     0.013
        53138.242712    14.826     0.015
        53148.201155    14.824     0.013
        53148.210104    14.775     0.011
        53148.219056    14.683     0.011
        53148.228012    14.614     0.013
        53148.236996    14.651     0.013
        53166.170517    14.659     0.016
        53166.181472    14.667     0.016
        53166.191240    14.687     0.018
        53166.201101    14.733     0.018
        53166.210878    14.749     0.018
        53175.171914    14.749     0.011
        53175.181832    14.773     0.011
        53175.191938    14.786     0.011
        53175.201858    14.791     0.011
        53175.211784    14.813     0.011
        53348.456111    14.843     0.018
        53348.469048    14.817     0.017
        53348.481499    14.814     0.015
        53348.495326    14.854     0.033
        53348.508514    14.847     0.015
        53354.452384    14.834     0.013
        53354.465328    14.844     0.013
        53354.478089    14.834     0.013
        53354.492237    14.849     0.011
        53354.505063    14.862     0.013
        53377.409756    14.063     0.007
        53377.422920    14.114     0.007
        53377.437364    14.198     0.007
        53377.450892    14.270     0.007
        53377.464598    14.306     0.007
        53410.479883    14.710     0.009
        53410.492336    14.721     0.009
        53410.504796    14.757     0.009
        53410.517207    14.776     0.009
        53438.410995    14.453     0.009
        53438.423417    14.480     0.009
        53438.435374    14.515     0.009
        53438.447191    14.524     0.009
        53438.459047    14.566     0.011
        53465.286168    14.416     0.009
        53465.297525    14.463     0.009
        53465.309476    14.471     0.009
        53465.320151    14.483     0.009
        53465.331436    14.499     0.009
        53471.266458    14.418     0.009
        53471.277074    14.454     0.009
        53471.287133    14.460     0.011
        53471.297031    14.510     0.011
        53471.306774    14.511     0.011
        53502.195168    14.476     0.011
        53502.206334    14.322     0.009
        53502.216802    14.282     0.009
        53502.228410    14.216     0.009
        53502.240852    14.209     0.009
        53523.170421    14.312     0.011
        53523.180953    14.344     0.009
        53523.191513    14.334     0.011
        53523.202030    14.390     0.011
        53523.212560    14.343     0.024
        53737.471724    14.900     0.013
        53737.484977    14.842     0.011
        53737.498300    14.747     0.011
        53737.511579    14.624     0.009
        53737.524902    14.495     0.009
        53789.354866    14.856     0.035
        53789.367627    14.870     0.036
        53789.380029    14.863     0.013
        53789.392638    14.902     0.012
        53789.405224    14.923     0.015
        53799.291231    14.687     0.010
        53799.303203    14.715     0.010
        53799.315048    14.732     0.010
        53799.326818    14.759     0.010
        53799.338594    14.779     0.012
        53845.251335    14.635     0.039
        53845.262469    14.693     0.061
        53845.273326    14.678     0.017
        53845.284175    14.685     0.017
        53851.238067    14.635     0.015
        53851.248259    14.649     0.015
        53851.258586    14.681     0.015
        53851.268975    14.694     0.015
        53851.279323    14.734     0.016
        53880.160675    14.860     0.018
        53880.171829    14.892     0.018
        53880.183031    14.921     0.018
        53880.194192    14.902     0.018
        53880.205382    14.904     0.018
        53881.207714    14.829     0.016
        53881.217745    14.849     0.016
        53881.227703    14.860     0.018
        53881.237878    14.851     0.018
        53881.247980    14.866     0.020
        53885.162819    14.446     0.013
        53885.175012    14.489     0.013
        53885.187101    14.498     0.015
        53885.199230    14.542     0.015
        53885.211360    14.518     0.015
        53886.162339    14.946     0.020
        53886.172259    14.929     0.020
        53886.184866    14.871     0.018
        53886.194701    14.810     0.018
        53886.204506    14.753     0.018
        54064.447289    14.575     0.016
        54064.462840    14.625     0.016
        54064.476367    14.622     0.016
        54064.489434    14.677     0.016
        54064.502017    14.696     0.015
        54067.460947    14.684     0.009
        54067.474024    14.699     0.011
        54067.487107    14.728     0.011
        54067.500363    14.760     0.009
        54067.513444    14.785     0.009
        54112.437920    14.905     0.021
        54112.450550    14.882     0.020
        54112.463436    14.902     0.033
        54112.476081    14.883     0.020
        54112.488875    14.902     0.020
        54144.333333    14.336     0.008
        54144.345261    14.384     0.010
        54144.357176    14.427     0.012
        54144.369427    14.464     0.010
        54144.381417    14.490     0.018
        54153.337700    14.479     0.010
        54153.349617    14.504     0.012
        54153.361317    14.554     0.012
        54153.373254    14.547     0.013
        54153.385026    14.560     0.020
        54201.240847    14.753     0.016
        54201.250179    14.735     0.016
        54201.259424    14.768     0.016
        54201.268666    14.773     0.018
        54201.277965    14.814     0.018
        54450.458187    14.880     0.009
        54450.471354    14.886     0.009
        54450.484508    14.893     0.009
        54450.497698    14.891     0.007
        54450.510857    14.879     0.007
        54475.396673    14.737     0.013
        54475.409571    14.746     0.009
        54475.422556    14.791     0.009
        54475.435408    14.808     0.009
        54475.448247    14.826     0.009
        54483.335271    14.864     0.018
        54483.348488    14.897     0.017
        54483.361399    14.886     0.015
        54483.374691    14.897     0.015
        54483.387848    14.895     0.015
        54509.332372    14.524     0.006
        54509.344590    14.549     0.007
        54509.356637    14.588     0.007
        54509.368676    14.611     0.007
        54509.380752    14.628     0.007
        54532.328464    14.879     0.007
        54532.339929    14.875     0.007
        54532.351327    14.888     0.009
        54532.362607    14.910     0.009
        54532.373870    14.917     0.009
        54538.306254    14.872     0.009
        54538.317367    14.886     0.009
        54538.328460    14.877     0.009
        54538.339472    14.889     0.009
        54538.350618    14.895     0.009
        54559.183767    14.910     0.011
        54559.195337    14.886     0.009
        54559.206901    14.886     0.009
        54559.218628    14.908     0.009
        54559.230193    14.902     0.009
        54581.243248    14.873     0.011
        54581.253821    14.881     0.013
        54581.264371    14.868     0.015
        54581.275024    14.899     0.017
        54581.285577    14.874     0.017
        54594.208035    14.653     0.011
        54594.218368    14.680     0.011
        54594.228710    14.698     0.011
        54594.239039    14.724     0.011
        54594.249364    14.725     0.011
        54618.164797    14.818     0.013
        54618.174985    14.819     0.011
        54618.185218    14.825     0.011
        54618.195433    14.829     0.011
        54618.205617    14.834     0.011
