        52610.387413    17.250     0.137
        52610.402539    17.298     0.200
        52610.417702    17.080     0.093
        52610.432853    17.588     0.401
        52614.376489    16.831     0.085
        52614.391592    16.824     0.085
        52614.421874    16.869     0.120
        52614.437099    16.915     0.124
        52619.381327    17.298     0.118
        52619.396571    17.096     0.100
        52619.411811    17.185     0.109
        52619.427116    17.158     0.107
        52619.442496    17.035     0.100
        52622.361186    16.703     0.079
        52622.375808    16.741     0.079
        52622.390502    16.744     0.078
        52622.405031    16.701     0.076
        52622.419919    16.838     0.083
        52638.304565    16.979     0.099
        52638.319684    16.864     0.078
        52638.334812    16.934     0.084
        52638.349878    16.877     0.078
        52638.364940    17.061     0.092
        52644.308873    17.061     0.076
        52644.324515    17.102     0.081
        52644.339942    17.080     0.078
        52644.355559    17.210     0.087
        52648.252061    16.744     0.068
        52648.266910    16.747     0.067
        52648.281517    16.685     0.063
        52648.296713    16.790     0.072
        52648.311505    16.788     0.074
        52649.359227    16.751     0.071
        52649.374529    16.734     0.071
        52649.390250    16.835     0.079
        52649.405683    16.961     0.094
        52649.421433    16.966     0.096
        52671.249256    17.171     0.091
        52671.264482    17.228     0.096
        52671.279739    17.276     0.102
        52671.295036    17.221     0.098
        52671.310396    17.240     0.100
        52674.249727    16.764     0.072
        52674.264950    16.791     0.070
        52674.280289    16.721     0.068
        52674.295687    16.815     0.070
        52674.311102    16.850     0.074
        52677.249139    17.165     0.104
        52677.264028    17.210     0.101
        52677.278827    16.835     0.071
        52677.293643    16.411     0.051
        52677.308301    16.267     0.046
        52696.266654    17.105     0.081
        52696.292951    17.034     0.080
        52704.179159    17.134     0.091
        52704.192775    17.197     0.093
        52704.206502    17.177     0.091
        52704.219746    17.215     0.094
        52704.233155    17.027     0.080
        52723.171446    17.072     0.085
        52723.194431    17.151     0.091
        52723.218503    17.203     0.137
        52728.181727    16.499     0.055
        52728.193603    16.343     0.050
        52728.205531    16.333     0.050
        52731.176043    17.141     0.168
        52752.134891    16.694     0.074
        52752.155433    16.745     0.078
        52752.175943    16.760     0.085
        52760.139693    16.798     0.076
        52760.151501    16.815     0.081
        52760.163290    16.904     0.089
        52760.175170    16.871     0.085
        52917.457750    16.475     0.074
        52917.471905    16.543     0.078
        52917.485810    16.546     0.076
        52934.437286    16.491     0.076
        52934.448770    16.495     0.072
        52934.460237    16.544     0.076
        52934.471600    16.608     0.078
        52945.440140    16.924     0.097
        52945.476604    16.478     0.059
        52945.488805    16.313     0.053
        52963.402087    17.086     0.072
        52963.415089    17.201     0.080
        52963.427738    17.099     0.074
        52967.376793    16.900     0.076
        52967.389413    16.856     0.076
        52967.401864    16.788     0.072
        52967.414353    16.787     0.068
        52967.426879    16.983     0.081
        52977.389034    16.603     0.070
        52977.401045    16.651     0.076
        52977.413208    16.697     0.072
        52977.425149    16.736     0.067
        52977.437168    16.705     0.065
        52991.349777    16.922     0.059
        52991.375902    16.998     0.068
        52996.333914    16.964     0.059
        52996.346973    16.689     0.052
        53001.335853    16.779     0.048
        53001.348981    16.797     0.048
        53001.361926    16.774     0.048
        53001.375532    16.870     0.052
        53024.277327    17.225     0.168
        53035.280348    16.915     0.089
        53035.293710    17.029     0.100
        53035.306119    16.965     0.093
        53035.320792    16.936     0.087
        53035.333729    17.009     0.094
        53050.253236    17.202     0.083
        53050.264917    17.196     0.081
        53078.201661    16.969     0.091
        53078.223074    16.947     0.087
        53084.177123    17.345     0.159
        53084.187750    17.115     0.063
        53089.115243    16.392     0.035
        53089.125869    16.147     0.033
        53089.136683    16.112     0.030
        53089.147280    16.162     0.030
        53089.158186    16.194     0.046
        53109.137900    16.978     0.087
        53109.148835    16.914     0.080
        53109.159898    17.069     0.093
        53109.170848    17.101     0.094
        53109.182043    17.095     0.096
        53115.154062    16.301     0.039
        53115.165339    16.355     0.039
        53115.176578    16.455     0.043
        53115.187877    16.497     0.046
        53117.153202    16.998     0.068
        53137.149979    17.102     0.117
        53137.159545    17.142     0.126
        53137.169074    17.146     0.130
        53137.178575    17.065     0.131
        53137.188116    17.123     0.144
        53288.430821    16.344     0.071
        53288.441939    16.368     0.071
        53288.463612    16.490     0.076
        53293.439651    16.694     0.083
        53293.472458    16.734     0.083
        53299.440024    17.360     0.179
        53299.451693    17.164     0.170
        53299.463367    17.157     0.181
        53299.475110    17.199     0.248
        53328.371352    17.027     0.139
        53328.420061    17.087     0.200
        53331.481435    16.767     0.091
        53331.497603    16.770     0.091
        53348.331033    16.354     0.122
        53348.356168    16.389     0.065
        53348.368463    16.496     0.122
        53348.380761    16.447     0.070
        53354.319152    16.917     0.081
        53354.332497    16.884     0.080
        53354.364412    16.890     0.076
        53354.377825    16.898     0.080
        53377.280390    16.979     0.203
        53377.293855    17.109     0.081
        53377.307864    17.120     0.170
        53377.321364    17.048     0.080
        53377.334343    17.117     0.085
        53381.348211    16.808     0.065
        53381.362726    16.877     0.083
        53381.376062    16.890     0.131
        53381.390026    16.858     0.131
        53381.404672    16.932     0.093
        53382.406332    16.891     0.091
        53382.420733    16.853     0.089
        53382.425138    16.870     0.085
        53382.439990    16.775     0.089
        53382.454764    16.872     0.161
        53382.469457    16.940     0.091
        53382.484148    16.933     0.094
        53383.340579    16.366     0.044
        53383.354716    16.441     0.050
        53383.367620    16.550     0.057
        53383.380703    16.506     0.057
        53383.394354    16.552     0.065
        53384.392834    16.339     0.326
        53386.356188    17.134     0.091
        53386.369210    17.118     0.089
        53386.382720    17.130     0.089
        53386.395748    17.092     0.089
        53389.343798    16.892     0.093
        53389.357758    16.844     0.089
        53389.371252    16.926     0.104
        53389.384992    16.974     0.104
        53389.399661    17.057     0.100
        53404.296152    17.182     0.081
        53404.313714    17.141     0.080
        53404.326237    17.166     0.081
        53404.351733    17.116     0.081
        53415.243080    16.806     0.070
        53415.256105    16.830     0.070
        53415.268413    16.875     0.070
        53415.280725    16.844     0.070
        53433.228304    16.629     0.055
        53433.240229    16.629     0.055
        53433.265415    16.684     0.059
        53443.277079    16.616     0.054
        53443.288560    16.663     0.057
        53443.299412    16.627     0.055
        53443.310827    16.700     0.065
        53443.321669    16.707     0.067
        53473.175785    17.081     0.117
        53473.185482    17.209     0.131
        53473.195215    17.126     0.124
        53473.204960    17.128     0.126
        53473.214661    17.043     0.118
        53498.146829    17.107     0.120
        53498.156904    17.232     0.167
        53498.167237    17.186     0.142
        53646.439730    17.033     0.157
        53646.450643    17.019     0.139
        53646.461578    17.037     0.122
        53646.472505    17.046     0.118
        53651.422392    17.171     0.157
        53651.433297    17.321     0.170
        53651.444193    17.141     0.135
        53651.455077    17.161     0.135
        53651.465962    17.076     0.130
        53657.425323    16.659     0.087
        53657.436561    16.632     0.080
        53657.447817    16.649     0.078
        53657.459023    16.646     0.078
        53657.470258    16.726     0.081
        53673.439715    16.962     0.100
        53673.452529    17.056     0.111
        53673.464657    17.091     0.107
        53673.476816    16.996     0.104
        53673.489533    16.912     0.093
        53676.442085    16.404     0.072
        53676.455110    16.549     0.072
        53676.467118    16.610     0.078
        53676.479106    16.582     0.070
        53676.491058    16.667     0.085
        53682.418888    16.795     0.081
        53682.431516    16.851     0.093
        53682.444184    16.802     0.091
        53682.456894    16.896     0.098
        53702.370556    16.423     0.054
        53702.383597    16.135     0.039
        53702.400135    16.163     0.041
        53702.413187    16.297     0.044
        53702.425951    16.320     0.046
        53706.441294    17.197     0.309
        53709.372520    16.669     0.061
        53709.385623    16.662     0.065
        53709.398341    16.690     0.068
        53709.423912    16.851     0.078
        53733.328432    16.873     0.078
        53733.341554    16.924     0.081
        53733.354308    17.050     0.094
        53733.367095    17.092     0.096
        53733.379747    17.001     0.087
        53734.333334    16.708     0.059
        53734.346550    16.746     0.063
        53734.360348    16.860     0.068
        53734.373933    16.880     0.072
        53734.387412    16.867     0.074
        53735.331143    16.624     0.057
        53735.345187    16.681     0.063
        53735.358710    16.720     0.065
        53735.371898    16.787     0.072
        53735.385387    16.823     0.074
        53741.355037    17.191     0.081
        53741.367726    17.149     0.081
        53741.381110    17.250     0.091
        53771.220260    17.314     0.194
        53771.245543    17.187     0.115
        53771.258195    16.939     0.111
        53771.270917    16.770     0.080
        53786.224325    16.634     0.055
        53786.236256    16.589     0.059
        53786.248191    16.732     0.057
        53786.260294    16.774     0.057
        53786.272239    16.794     0.059
        53788.344276    16.719     0.068
        53788.356462    16.639     0.067
        53788.380523    16.792     0.120
        53788.392681    16.878     0.109
        53794.263803    17.037     0.218
        53812.201074    16.509     0.058
        53812.212304    16.631     0.071
        53812.236190    16.663     0.079
        53817.232254    17.251     0.128
        53817.243257    17.171     0.124
        53817.265019    17.207     0.130
        53817.275966    17.286     0.139
        53818.221587    17.149     0.120
        53818.232132    17.203     0.131
        53818.242674    17.149     0.128
        53818.253229    17.091     0.122
        53818.263831    17.273     0.146
        53823.194576    17.198     0.117
        53823.206589    16.885     0.087
        53823.219315    16.453     0.059
        53823.231682    16.235     0.048
        53823.243844    16.266     0.050
        53825.179037    17.097     0.131
        53825.189401    17.163     0.131
        53825.222334    17.036     0.107
        53829.172150    16.730     0.157
        53829.182837    16.697     0.126
        53829.193062    16.833     0.154
        53829.203200    16.784     0.159
        53829.213365    16.688     0.167
        53843.155986    17.019     0.111
        53843.168071    17.126     0.124
        53849.142935    17.128     0.117
        53849.164508    17.169     0.122
        53849.187024    16.743     0.087
        53852.143608    17.165     0.130
        53852.154067    17.074     0.122
        53852.164590    17.110     0.130
        53852.175118    17.121     0.131
        53852.185823    17.089     0.142
        53854.139510    16.778     0.145
        53854.149877    16.671     0.145
        53854.160257    16.939     0.172
        53854.170656    16.835     0.185
        53854.181221    17.058     0.193
        53855.144513    16.550     0.078
        53855.154765    16.740     0.091
        53855.165082    16.791     0.098
        53855.175429    16.819     0.104
        53855.186355    16.782     0.102
        54009.416569    16.771     0.114
        54009.432880    16.718     0.094
        54009.447883    16.822     0.096
        54009.460601    16.855     0.101
        54009.473226    16.803     0.091
        54027.446806    16.888     0.107
        54027.458520    16.719     0.091
        54027.484802    16.803     0.099
        54027.496326    16.823     0.099
        54028.433886    16.537     0.092
        54028.445856    16.592     0.101
        54028.457461    16.636     0.106
        54028.469243    16.644     0.097
        54037.444355    16.517     0.064
        54037.456410    16.538     0.064
        54037.480860    16.593     0.068
        54054.359061    16.373     0.052
        54054.370467    16.335     0.050
        54054.381838    16.445     0.055
        54054.393218    16.481     0.057
        54054.404599    16.545     0.059
        54055.376230    16.370     0.059
        54055.389240    16.118     0.045
        54055.401834    16.130     0.043
        54055.409310    16.311     0.044
        54055.414904    16.209     0.046
        54055.420984    16.346     0.044
        54055.427470    16.312     0.051
        54055.432645    16.408     0.048
        54055.455984    16.589     0.061
        54058.385216    17.150     0.093
        54058.397472    17.126     0.093
        54058.421956    17.224     0.100
        54061.373717    16.783     0.070
        54061.386139    16.838     0.074
        54061.399078    16.851     0.070
        54061.411516    16.908     0.074
        54061.423968    16.922     0.074
        54066.389407    17.188     0.094
        54067.387681    16.970     0.091
        54067.400503    17.013     0.089
        54067.413374    16.942     0.084
        54067.426383    16.869     0.076
        54067.439550    16.858     0.073
        54084.335168    17.166     0.107
        54084.348659    17.110     0.102
        54084.362153    17.036     0.094
        54084.375647    17.120     0.094
        54084.389150    17.141     0.098
        54085.338420    17.141     0.150
        54085.364728    17.076     0.122
        54085.377747    16.994     0.112
        54085.390707    17.192     0.137
        54087.340665    16.780     0.070
        54087.353651    16.830     0.080
        54087.392433    16.971     0.102
        54110.287600    17.170     0.109
        54110.302493    17.123     0.105
        54110.317370    17.211     0.118
        54110.336038    17.424     0.203
        54121.273571    16.706     0.087
        54121.286094    16.720     0.073
        54121.299318    16.981     0.097
        54121.312054    16.870     0.078
        54121.324766    16.841     0.078
        54123.265168    16.317     0.052
        54123.277398    16.427     0.054
        54123.289599    16.436     0.055
        54123.314026    16.622     0.067
        54124.302056    16.161     0.033
        54124.314328    16.236     0.037
        54149.222193    16.319     0.048
        54149.233908    16.325     0.046
        54149.246281    16.365     0.048
        54149.258017    16.400     0.051
        54149.269721    16.441     0.054
        54156.205795    17.102     0.137
        54156.216775    17.094     0.134
        54156.228154    17.000     0.124
        54156.239199    17.044     0.139
        54156.250219    17.070     0.196
        54175.214981    16.468     0.046
        54175.225522    16.495     0.048
        54175.236150    16.524     0.050
        54175.246712    16.616     0.054
        54207.173027    16.955     0.087
        54207.173779    16.777     0.155
        54207.182190    16.847     0.087
        54207.183033    16.885     0.163
        54207.191324    16.797     0.081
        54207.192312    16.909     0.165
        54207.200810    17.049     0.104
        54207.202004    16.807     0.162
        54207.209979    17.031     0.102
        54207.211512    16.782     0.162
        54210.173560    16.225     0.043
        54385.425800    17.020     0.076
        54385.448278    17.036     0.074
        54385.470844    17.110     0.076
        54388.426503    16.865     0.074
        54388.449176    16.918     0.074
        54388.460467    16.871     0.068
        54388.471847    16.941     0.072
        54395.434801    16.903     0.106
        54395.448434    16.806     0.097
        54395.464310    17.006     0.112
        54411.469674    16.972     0.068
        54411.482037    17.021     0.072
        54411.494395    17.100     0.076
        54413.432617    16.992     0.059
        54413.444860    16.992     0.061
        54413.457065    17.021     0.059
        54413.469273    17.065     0.061
        54413.481513    17.021     0.057
        54422.431961    16.983     0.059
        54422.444511    16.982     0.059
        54424.326189    16.379     0.048
        54424.338691    16.479     0.050
        54424.351363    16.465     0.046
        54424.363855    16.488     0.044
        54424.376527    16.520     0.041
        54447.329042    16.920     0.052
        54447.341957    16.889     0.054
        54454.273001    17.043     0.094
        54454.286103    16.932     0.083
        54454.299188    16.920     0.080
        54454.312271    17.068     0.087
        54470.330280    17.096     0.185
        54470.343144    17.052     0.083
        54470.368755    16.617     0.094
        54475.272812    16.655     0.065
        54475.310840    16.704     0.044
        54475.323985    16.800     0.048
        54495.334276    16.316     0.041
        54495.346738    16.418     0.044
        54495.359191    16.438     0.048
        54495.371812    16.511     0.048
        54495.385392    16.624     0.059
        54509.184843    16.574     0.043
        54509.196680    16.657     0.046
        54509.208532    16.653     0.044
        54524.272049    16.982     0.078
        54524.283499    16.962     0.072
        54524.306350    17.014     0.087
        54524.317781    17.027     0.083
        54555.183959    16.270     0.033
        54555.195630    16.089     0.030
        54555.207287    16.124     0.030
        54555.218971    16.214     0.033
        54564.217117    16.241     0.033
        54564.228395    16.308     0.037
        54573.137865    17.015     0.148
        54573.148550    17.197     0.174
        54573.159255    17.196     0.172
        54573.170026    17.100     0.159
        54573.180746    17.074     0.159
        54582.141179    16.995     0.158
        54582.152256    16.951     0.153
        54582.183835    16.966     0.158
        54586.140913    17.028     0.087
        54586.151049    16.880     0.074
        54586.161232    16.897     0.096
        54586.181550    17.029     0.091
        54594.148972    17.109     0.109
        54594.190508    17.442     0.240
