        52641.463285    14.065     0.007
        52641.478571    14.082     0.007
        52641.493782    14.119     0.007
        52641.508975    14.125     0.007
        52641.524091    14.117     0.007
        52644.487705    14.087     0.007
        52644.502602    14.070     0.009
        52644.517447    14.085     0.009
        52644.532183    14.094     0.009
        52648.398118    14.273     0.009
        52648.413167    14.260     0.009
        52648.427856    14.267     0.009
        52648.443004    14.196     0.009
        52648.458592    14.133     0.007
        52667.466042    14.201     0.007
        52667.481273    14.232     0.009
        52667.496524    14.194     0.009
        52667.511658    14.232     0.009
        52667.527119    14.239     0.009
        52671.399934    13.852     0.006
        52671.415296    13.892     0.006
        52671.430478    13.908     0.006
        52671.445751    13.962     0.007
        52671.461079    13.981     0.007
        52674.399446    13.819     0.006
        52674.413439    13.859     0.006
        52674.427433    13.884     0.006
        52674.441312    13.895     0.006
        52674.455251    13.934     0.007
        52704.371373    14.030     0.007
        52704.384549    13.992     0.007
        52704.397912    13.949     0.007
        52704.411084    13.941     0.007
        52704.424165    13.910     0.007
        52707.313408    14.245     0.010
        52707.314011    14.459     0.013
        52707.326454    14.248     0.010
        52707.339741    14.188     0.010
        52707.340350    14.377     0.012
        52707.353001    14.115     0.008
        52707.366514    14.051     0.008
        52713.336407    14.231     0.020
        52713.348836    14.223     0.015
        52728.291425    14.243     0.007
        52728.304012    14.265     0.007
        52728.316682    14.271     0.007
        52728.342996    14.297     0.009
        52731.311195    14.269     0.022
        52731.323170    14.273     0.009
        52731.335161    14.280     0.026
        52731.347174    14.293     0.011
        52737.303169    14.252     0.007
        52737.327777    14.269     0.007
        52737.339652    14.296     0.007
        52737.351554    14.311     0.007
        52737.363579    14.317     0.009
        52756.204582    14.006     0.008
        52756.216691    14.014     0.008
        52756.228870    14.023     0.010
        52756.241117    14.040     0.010
        52756.253309    14.042     0.010
        52760.206804    14.264     0.007
        52760.218732    14.225     0.007
        52760.230660    14.154     0.007
        52760.242602    14.084     0.007
        52760.254524    14.019     0.007
        52764.144238    14.154     0.006
        52764.157330    14.165     0.006
        52764.169673    14.181     0.006
        52764.182888    14.192     0.006
        52764.195195    14.203     0.006
        52789.214384    13.843     0.007
        52789.224676    13.859     0.007
        52789.235100    13.883     0.007
        52789.245413    13.911     0.007
        52789.255800    13.937     0.007
        52794.172368    14.095     0.007
        52794.182377    14.117     0.009
        52794.192309    14.111     0.009
        52794.202262    14.120     0.009
        52794.212235    14.133     0.009
        52816.169366    14.035     0.009
        52816.179152    14.033     0.009
        52816.189805    13.971     0.009
        52816.199672    13.988     0.011
        52816.209501    13.993     0.013
        52987.471522    14.174     0.017
        52987.484518    14.188     0.017
        52987.497473    14.107     0.013
        52987.510341    14.082     0.009
        52995.484039    14.365     0.007
        52995.497986    14.344     0.007
        52995.511422    14.301     0.006
        52995.525226    14.107     0.006
        53000.479683    14.365     0.006
        53000.492565    14.391     0.006
        53000.505529    14.393     0.006
        53000.518549    14.296     0.006
        53000.531466    14.321     0.006
        53026.420144    14.360     0.007
        53026.434159    14.359     0.009
        53026.447175    14.325     0.011
        53026.461752    14.308     0.007
        53033.393957    14.113     0.009
        53033.406261    14.163     0.007
        53033.418773    14.155     0.007
        53033.430826    14.161     0.007
        53033.443014    14.183     0.007
        53054.373695    14.059     0.006
        53054.387254    14.087     0.006
        53054.399266    14.116     0.006
        53054.411921    14.109     0.006
        53054.425553    14.113     0.006
        53058.345346    14.316     0.006
        53058.357695    14.207     0.006
        53058.370037    14.149     0.006
        53058.381440    14.053     0.006
        53058.399700    14.042     0.006
        53060.300140    13.928     0.005
        53060.312327    13.930     0.005
        53060.324459    13.955     0.005
        53060.336560    13.975     0.005
        53060.338257    14.098     0.006
        53060.348606    13.996     0.005
        53060.351510    14.107     0.006
        53080.288397    14.126     0.007
        53080.300359    14.144     0.007
        53080.311710    14.140     0.007
        53080.323041    14.152     0.007
        53080.334328    14.163     0.007
        53081.344998    14.038     0.007
        53081.356618    14.053     0.007
        53081.368300    14.048     0.007
        53081.379767    14.033     0.007
        53081.391105    14.035     0.007
        53083.338722    14.200     0.006
        53083.349407    14.230     0.006
        53083.360644    14.214     0.006
        53083.382458    14.265     0.006
        53086.345186    14.260     0.007
        53086.356026    14.275     0.007
        53086.366769    14.248     0.007
        53086.388831    14.242     0.007
        53087.283241    14.012     0.005
        53087.296456    14.049     0.005
        53087.308028    14.181     0.005
        53087.319141    14.030     0.005
        53087.330137    14.013     0.005
        53092.352322    14.234     0.006
        53092.372686    14.247     0.006
        53114.254470    14.317     0.006
        53114.265778    14.217     0.006
        53114.299289    13.984     0.006
        53117.302107    13.945     0.006
        53117.323290    13.924     0.006
        53139.203459    14.161     0.007
        53139.212771    14.169     0.007
        53139.222070    14.179     0.009
        53139.231369    14.155     0.009
        53139.240834    14.178     0.009
        53142.213422    14.181     0.007
        53142.222953    14.213     0.006
        53142.232572    14.213     0.006
        53142.242116    14.217     0.009
        53142.251644    14.212     0.007
        53146.211747    14.020     0.006
        53146.220792    14.027     0.006
        53146.229968    14.049     0.006
        53146.239041    14.059     0.006
        53146.248093    14.079     0.006
        53169.173445    14.048     0.007
        53169.183567    14.040     0.007
        53169.193661    14.064     0.007
        53169.203760    14.085     0.009
        53169.213871    14.095     0.009
        53171.172815    14.296     0.007
        53171.183113    14.244     0.007
        53171.193328    14.279     0.007
        53171.203558    14.278     0.009
        53171.213857    14.317     0.009
        53174.173249    14.274     0.007
        53174.183319    14.277     0.007
        53174.193839    14.271     0.007
        53174.204074    14.274     0.007
        53174.214376    14.335     0.007
        53346.458512    14.062     0.013
        53346.472256    14.058     0.013
        53346.485529    14.084     0.013
        53346.498184    14.108     0.013
        53346.510328    14.112     0.011
        53348.459323    14.236     0.011
        53348.471784    14.263     0.011
        53348.484236    14.280     0.011
        53348.498064    14.243     0.013
        53348.511253    14.265     0.009
        53354.455206    14.281     0.011
        53354.468151    14.270     0.009
        53354.482295    14.303     0.009
        53354.495121    14.329     0.009
        53354.508076    14.324     0.009
        53377.412612    14.306     0.009
        53377.425776    14.290     0.009
        53377.440225    14.243     0.007
        53377.453751    14.221     0.007
        53377.467456    14.134     0.007
        53382.507340    14.074     0.007
        53382.522110    14.151     0.007
        53382.537674    14.114     0.007
        53404.430237    14.349     0.009
        53404.442551    14.372     0.009
        53404.455989    14.361     0.009
        53404.468868    14.372     0.009
        53404.482593    14.360     0.009
        53433.365221    14.082     0.007
        53433.376670    14.058     0.006
        53433.388126    14.038     0.007
        53433.401041    14.019     0.007
        53433.412750    13.990     0.007
        53440.427406    14.225     0.009
        53440.437896    14.250     0.009
        53440.448393    14.262     0.009
        53440.460074    14.244     0.009
        53440.471698    14.282     0.009
        53465.280811    13.850     0.006
        53465.281402    13.833     0.007
        53465.289207    13.826     0.006
        53465.291914    13.828     0.006
        53465.292767    13.832     0.007
        53465.300122    13.833     0.006
        53465.303457    13.827     0.006
        53465.304709    13.805     0.007
        53465.312051    13.870     0.007
        53465.314762    13.852     0.006
        53465.315356    13.844     0.006
        53465.322736    13.884     0.007
        53465.325262    13.850     0.006
        53465.326543    13.843     0.007
        53465.334018    13.884     0.007
        53466.261301    14.191     0.009
        53466.271179    14.221     0.009
        53466.280525    14.249     0.007
        53466.290203    14.259     0.009
        53466.301672    14.266     0.009
        53467.274580    14.086     0.007
        53467.284839    14.125     0.007
        53467.295351    14.137     0.007
        53467.304983    14.063     0.009
        53467.315828    14.124     0.013
        53468.276711    13.867     0.018
        53468.286165    13.869     0.009
        53468.296167    13.876     0.009
        53473.274682    14.056     0.007
        53473.286924    14.075     0.007
        53473.298235    14.105     0.007
        53473.309114    14.114     0.007
        53473.321057    14.101     0.009
        53478.226205    14.209     0.015
        53478.237171    14.230     0.015
        53478.247224    14.213     0.013
        53478.257370    14.216     0.013
        53478.267414    14.200     0.013
        53479.277483    14.157     0.015
        53479.290568    14.146     0.017
        53479.302828    14.193     0.018
        53479.312754    14.186     0.018
        53479.322587    14.117     0.018
        53493.295892    14.202     0.011
        53493.306243    14.227     0.013
        53493.316854    14.215     0.011
        53493.326908    14.219     0.011
        53493.336992    14.203     0.011
        53496.202415    14.164     0.009
        53496.212615    14.166     0.009
        53496.222936    14.188     0.009
        53496.233204    14.168     0.009
        53496.243406    14.206     0.009
        53526.193221    14.152     0.015
        53526.214204    14.125     0.013
        53527.169890    13.830     0.007
        53527.180183    13.811     0.007
        53527.190081    13.836     0.007
        53527.199845    13.819     0.007
        53527.209650    13.880     0.007
        53733.456440    14.004     0.007
        53733.469089    14.026     0.007
        53733.481821    14.019     0.011
        53733.507380    14.030     0.030
        53746.461441    14.310     0.013
        53746.473863    14.172     0.011
        53746.486558    14.070     0.009
        53746.499012    14.003     0.009
        53746.511529    13.982     0.007
        53791.358621    14.228     0.008
        53791.368301    14.260     0.009
        53791.370405    14.238     0.008
        53791.380043    14.245     0.009
        53791.382188    14.220     0.008
        53791.391797    14.256     0.009
        53791.393814    14.242     0.008
        53791.403551    14.246     0.009
        53791.405700    14.237     0.008
        53791.415314    14.259     0.009
        53794.398153    14.242     0.007
        53794.409766    14.252     0.007
        53794.421395    14.273     0.007
        53794.433024    14.254     0.007
        53794.444650    14.278     0.007
        53815.292598    14.135     0.013
        53815.303775    14.159     0.009
        53815.314960    14.146     0.009
        53815.326148    14.145     0.009
        53815.337349    14.152     0.011
        53817.269860    14.229     0.008
        53817.281126    14.242     0.008
        53817.292390    14.248     0.008
        53817.303730    14.268     0.008
        53817.315079    14.274     0.008
        53818.331748    14.154     0.009
        53818.343361    14.156     0.009
        53818.355923    14.173     0.009
        53818.367704    14.163     0.009
        53818.380514    14.159     0.009
        53823.316564    14.257     0.009
        53823.329316    14.289     0.009
        53823.342467    14.281     0.009
        53823.358258    14.279     0.009
        53823.373490    14.230     0.009
        53825.286136    13.869     0.007
        53825.298608    13.871     0.009
        53825.309629    13.894     0.007
        53825.320683    13.906     0.007
        53825.332315    13.826     0.011
        53829.325763    14.264     0.015
        53846.239361    14.209     0.010
        53846.249938    14.165     0.010
        53846.260538    14.080     0.008
        53846.271235    13.981     0.008
        53846.281818    13.967     0.008
        53848.291222    14.029     0.011
        53848.301983    14.064     0.011
        53848.312638    14.029     0.011
        53848.323426    14.079     0.011
        53848.334317    14.070     0.011
        53849.255073    14.149     0.009
        53849.265759    14.052     0.007
        53849.276455    13.991     0.007
        53849.287153    13.976     0.007
        53849.298147    13.953     0.007
        53850.243280    14.195     0.015
        53850.253674    14.215     0.010
        53850.263955    14.217     0.010
        53850.274296    14.229     0.010
        53850.284691    14.220     0.010
        53852.259561    14.138     0.009
        53852.270377    14.061     0.009
        53852.280750    14.001     0.009
        53852.291787    13.985     0.009
        53852.303543    13.953     0.009
        53855.250593    14.188     0.009
        53855.261702    14.138     0.009
        53855.273342    14.042     0.009
        53855.284247    13.999     0.009
        53855.294928    13.972     0.009
        53858.244342    14.230     0.026
        53858.257035    14.144     0.026
        53858.267714    14.080     0.022
        53858.278742    14.011     0.018
        53858.289367    13.995     0.009
        53880.215831    14.145     0.010
        53880.227016    14.175     0.010
        53880.238168    14.224     0.010
        53880.249459    14.202     0.010
        53880.260469    14.192     0.010
        53883.222506    14.147     0.011
        53883.233915    14.149     0.011
        53883.245418    14.139     0.011
        53883.256869    14.173     0.011
        53883.268297    14.181     0.013
        53884.167062    13.924     0.009
        53884.178816    13.935     0.009
        53884.190581    13.939     0.009
        53884.202380    13.955     0.009
        53884.211443    13.940     0.008
        53884.214161    13.960     0.009
        53884.224274    13.943     0.008
        53884.236878    13.948     0.008
        53884.249619    13.951     0.008
        53884.261884    13.995     0.010
        53901.179471    14.079     0.020
        53901.189410    14.042     0.015
        53901.199425    14.065     0.015
        53901.209485    14.087     0.018
        54080.478729    14.248     0.023
        54080.491284    14.227     0.021
        54084.487179    14.262     0.009
        54084.500908    14.283     0.011
        54084.514642    14.231     0.011
        54084.528369    14.343     0.013
        54121.400063    14.282     0.010
        54121.412813    14.296     0.010
        54121.425375    14.322     0.010
        54121.437774    14.320     0.010
        54121.450301    14.312     0.010
        54124.404467    14.304     0.007
        54124.420562    14.335     0.007
        54124.433456    14.355     0.007
        54124.447271    14.338     0.007
        54124.460359    14.366     0.007
        54149.392651    14.099     0.008
        54149.404367    14.105     0.008
        54149.416224    14.120     0.008
        54149.428897    14.122     0.008
        54149.440803    14.137     0.008
        54155.355739    14.066     0.006
        54155.367559    14.102     0.006
        54155.379398    14.099     0.006
        54155.391354    14.126     0.006
        54155.403194    14.137     0.007
        54156.327181    14.272     0.007
        54156.338795    14.214     0.007
        54156.350311    14.126     0.007
        54156.361838    14.116     0.007
        54156.373364    14.091     0.007
        54174.276293    14.256     0.008
        54174.287271    14.279     0.010
        54174.298227    14.295     0.010
        54174.309281    14.304     0.010
        54174.320420    14.313     0.010
        54175.326045    14.177     0.007
        54175.336796    14.191     0.007
        54175.347416    14.203     0.007
        54175.358132    14.221     0.007
        54175.368814    14.228     0.007
        54180.284352    14.266     0.008
        54180.294812    14.276     0.008
        54180.305386    14.285     0.008
        54180.315899    14.287     0.008
        54180.326260    14.298     0.008
        54200.263760    13.900     0.008
        54200.282788    13.876     0.008
        54200.292267    13.856     0.008
        54200.301734    13.870     0.008
        54207.268465    14.222     0.007
        54207.277611    14.217     0.007
        54207.286795    14.206     0.007
        54210.265480    14.215     0.007
        54210.274491    14.213     0.007
        54210.283474    14.223     0.009
        54210.292466    14.230     0.009
        54210.301489    14.234     0.009
        54447.457669    14.217     0.007
        54447.470737    14.217     0.007
        54447.484516    14.233     0.007
        54447.497566    14.272     0.007
        54447.510619    14.353     0.007
        54454.461308    14.181     0.007
        54454.474546    14.185     0.007
        54454.487697    14.199     0.007
        54454.500732    14.245     0.007
        54454.513758    14.226     0.007
        54474.404237    14.208     0.006
        54474.417236    14.109     0.007
        54474.430250    14.100     0.007
        54474.443268    14.238     0.007
        54474.456254    14.059     0.007
        54483.395452    14.187     0.011
        54483.408589    14.150     0.009
        54483.421819    14.260     0.009
        54483.434731    14.284     0.009
        54483.447632    14.233     0.007
        54495.467817    14.281     0.007
        54495.480422    14.244     0.007
        54495.493027    14.280     0.007
        54495.505640    14.286     0.007
        54495.518224    14.269     0.007
        54508.409373    14.336     0.006
        54508.421483    14.340     0.006
        54508.433569    14.307     0.006
        54508.445661    14.339     0.007
        54508.457798    14.367     0.007
        54524.393817    14.261     0.006
        54524.405830    14.188     0.006
        54524.417582    14.325     0.007
        54524.429288    14.139     0.006
        54524.441137    14.162     0.006
        54535.447884    14.218     0.012
        54535.458904    14.262     0.013
        54535.469789    14.236     0.013
        54535.480666    14.267     0.013
        54535.491757    14.307     0.013
        54537.325213    14.338     0.011
        54537.336274    14.319     0.009
        54537.347264    14.281     0.011
        54537.358214    14.213     0.007
        54537.369190    14.147     0.007
        54543.244424    14.262     0.011
        54543.255373    14.386     0.013
        54543.266186    14.360     0.011
        54555.303014    14.367     0.007
        54555.314826    14.309     0.006
        54555.326771    14.341     0.007
        54555.338795    14.318     0.006
        54555.350640    14.290     0.006
        54564.296202    14.336     0.007
        54564.307608    14.342     0.007
        54564.318966    14.351     0.007
        54564.330312    14.340     0.007
        54564.341635    14.391     0.007
        54580.244091    14.112     0.007
        54580.254724    14.159     0.009
        54580.265318    14.116     0.007
        54580.275922    14.132     0.009
        54580.286528    14.122     0.009
        54585.247777    14.155     0.015
        54585.258037    14.216     0.009
        54585.268340    14.218     0.009
        54585.278637    14.229     0.007
        54585.288994    14.240     0.007
        54590.200526    14.336     0.018
        54590.210294    14.307     0.018
        54590.219961    14.310     0.020
        54590.229920    14.324     0.016
        54590.239594    14.262     0.018
        54592.244448    14.024     0.006
        54592.255139    14.026     0.006
        54592.265619    14.055     0.006
        54592.276047    14.082     0.007
        54592.286464    14.075     0.007
        54611.207847    14.287     0.007
        54611.217739    14.293     0.007
        54611.227595    14.302     0.007
        54611.237621    14.321     0.007
        54611.247410    14.297     0.007
        54615.213731    14.158     0.007
        54615.224444    14.163     0.007
        54615.234903    14.183     0.009
        54615.245346    14.185     0.009
        54615.255861    14.208     0.009
