        52650.366106    15.429     0.022
        52650.380211    15.450     0.022
        52650.394372    15.487     0.020
        52650.408489    15.588     0.022
        52650.422635    15.613     0.022
        52681.348451    15.687     0.040
        52681.363178    15.724     0.038
        52681.407865    16.089     0.035
        52681.408623    15.871     0.048
        52696.347711    16.079     0.038
        52696.347830    15.897     0.038
        52696.361991    16.071     0.038
        52696.362108    15.936     0.040
        52696.375629    16.126     0.079
        52696.375746    16.223     0.099
        52696.389209    16.240     0.058
        52696.389328    16.126     0.124
        52696.402818    16.226     0.046
        52696.402934    15.968     0.048
        52712.268179    15.960     0.076
        52712.281681    15.961     0.054
        52712.282041    15.748     0.074
        52712.294847    15.949     0.053
        52712.295279    15.827     0.079
        52712.308222    16.073     0.061
        52723.334897    15.561     0.033
        52723.335526    15.412     0.038
        52723.347153    15.594     0.130
        52752.240999    16.063     0.043
        52752.251694    16.067     0.043
        52752.262714    16.173     0.046
        52752.273356    16.182     0.048
        52752.284088    16.194     0.049
        52771.222729    15.477     0.049
        52771.235599    15.547     0.051
        52771.247243    15.582     0.053
        52771.258736    15.631     0.056
        52782.213620    16.287     0.155
        52800.193344    16.182     0.147
        52800.203539    16.188     0.132
        52800.213772    16.282     0.150
        52810.175978    15.866     0.043
        52810.185824    15.873     0.041
        52810.205609    15.969     0.097
        52810.215527    15.942     0.049
        52812.177420    15.720     0.036
        52812.195473    15.382     0.028
        52812.206203    15.396     0.028
        52812.216409    15.434     0.030
        52812.226612    15.436     0.031
        52826.169242    15.883     0.066
        52826.179283    15.966     0.069
        52826.189210    15.979     0.073
        52826.199525    15.935     0.071
        52976.460570    16.220     0.044
        52976.473776    16.173     0.043
        52976.487078    16.151     0.041
        52976.500400    16.139     0.037
        52976.513481    16.144     0.037
        52990.461549    16.317     0.068
        52990.474137    16.312     0.049
        52990.486757    16.274     0.046
        52990.499353    16.145     0.040
        52990.512439    15.836     0.030
        53023.392775    16.302     0.038
        53023.406520    16.235     0.035
        53023.418542    16.290     0.035
        53023.430636    16.267     0.035
        53023.442672    16.289     0.035
        53035.423859    16.074     0.033
        53035.436135    16.056     0.031
        53035.448514    16.110     0.035
        53035.460837    16.203     0.063
        53037.408811    15.537     0.023
        53037.421163    15.613     0.023
        53037.433565    15.675     0.025
        53037.446551    15.721     0.025
        53037.460000    15.785     0.026
        53049.335976    16.148     0.031
        53049.347839    16.151     0.031
        53049.359703    16.183     0.031
        53049.371564    16.166     0.033
        53049.383426    16.185     0.033
        53065.290363    16.134     0.036
        53065.302437    16.169     0.036
        53065.314578    16.157     0.035
        53065.326342    16.224     0.038
        53065.338164    16.222     0.036
        53107.239216    15.859     0.028
        53107.249576    15.876     0.028
        53107.260046    15.916     0.030
        53107.270456    15.964     0.031
        53122.246013    16.097     0.037
        53122.256368    16.077     0.037
        53122.266722    16.114     0.039
        53122.277073    16.114     0.037
        53122.287745    16.151     0.039
        53136.200423    16.273     0.051
        53136.210486    16.199     0.048
        53136.219236    16.207     0.049
        53136.227966    16.221     0.049
        53136.237586    16.263     0.054
        53153.209626    16.188     0.050
        53153.218577    16.231     0.052
        53153.227442    16.187     0.050
        53153.236204    16.212     0.052
        53153.244963    16.180     0.052
        53154.205268    16.052     0.074
        53154.215783    16.134     0.083
        53154.224013    16.133     0.084
        53154.232407    16.235     0.096
        53154.240769    16.195     0.091
        53164.174661    15.813     0.035
        53164.184166    15.781     0.033
        53164.193838    15.873     0.038
        53164.203469    15.892     0.038
        53164.213008    15.882     0.038
        53178.176050    16.123     0.035
        53178.186189    16.125     0.035
        53178.196267    16.109     0.037
        53178.206482    16.161     0.039
        53178.216562    16.162     0.039
        53330.469157    16.392     0.083
        53330.483861    16.401     0.079
        53330.512390    16.320     0.073
        53341.469924    15.759     0.057
        53341.481996    15.848     0.059
        53341.494069    15.875     0.061
        53341.506652    15.869     0.059
        53341.518730    15.901     0.061
        53358.465732    15.764     0.030
        53358.478371    15.776     0.030
        53358.491003    15.846     0.031
        53358.503637    15.869     0.030
        53358.523231    15.905     0.031
        53386.478382    16.140     0.037
        53386.491344    16.182     0.039
        53386.504300    16.283     0.043
        53386.517593    16.233     0.043
        53386.532576    16.298     0.046
        53401.381297    16.095     0.061
        53401.394429    16.065     0.061
        53422.341892    15.681     0.055
        53422.353898    15.724     0.057
        53422.365876    15.762     0.063
        53441.391137    16.059     0.033
        53441.402043    15.759     0.026
        53441.412999    15.552     0.022
        53441.424475    15.412     0.020
        53441.435380    15.428     0.020
        53450.277791    16.223     0.063
        53450.289272    16.250     0.065
        53450.300359    16.230     0.061
        53450.311052    16.204     0.061
        53450.322969    16.227     0.061
        53474.297448    16.172     0.041
        53474.311200    16.219     0.041
        53474.324650    16.213     0.041
        53474.334648    16.269     0.044
        53474.344972    16.292     0.046
        53521.207218    16.414     0.137
        53521.217562    16.391     0.063
        53521.227855    16.348     0.072
        53521.238196    16.268     0.093
        53521.248508    16.141     0.081
        53538.174853    16.213     0.104
        53538.184622    16.318     0.113
        53538.194163    16.206     0.104
        53538.203718    16.239     0.109
        53538.213343    16.121     0.098
        53551.184052    15.810     0.037
        53551.194003    15.846     0.035
        53551.204158    15.827     0.037
        53551.214069    15.875     0.039
        53728.462652    15.802     0.033
        53728.476005    15.838     0.037
        53728.489823    15.858     0.035
        53728.503259    15.897     0.043
        53728.516546    15.935     0.043
        53742.471744    16.155     0.030
        53742.484565    16.181     0.030
        53742.497527    16.209     0.030
        53742.510590    16.171     0.028
        53742.523550    16.185     0.028
        53747.464562    16.336     0.089
        53747.477623    16.331     0.085
        53747.490561    16.217     0.074
        53747.503673    15.814     0.044
        53747.516811    15.530     0.085
        53772.355343    16.202     0.048
        53772.368112    16.250     0.048
        53772.380933    16.323     0.050
        53772.393851    16.253     0.046
        53772.406878    16.266     0.048
        53786.363897    15.820     0.033
        53786.377005    15.577     0.035
        53786.403434    15.365     0.059
        53807.331363    16.041     0.074
        53824.322508    15.870     0.043
        53824.334071    15.948     0.033
        53824.345746    15.933     0.030
        53824.358304    16.026     0.048
        53824.369843    16.160     0.073
        53843.255269    16.285     0.055
        53843.266512    16.280     0.059
        53843.277709    16.272     0.065
        53843.288917    16.337     0.070
        53843.300757    16.251     0.068
        53855.242079    16.033     0.043
        53855.252235    16.005     0.043
        53855.262481    16.095     0.046
        53855.272673    16.062     0.045
        53855.282760    16.133     0.048
        53878.236253    16.241     0.069
        53878.247053    16.148     0.061
        53878.257751    16.152     0.063
        53878.268750    16.261     0.069
        53878.280546    16.292     0.071
        53892.171043    16.159     0.118
        53892.181100    16.371     0.146
        53892.191267    16.488     0.167
        53892.201436    16.322     0.144
        53892.211776    16.278     0.141
        53903.176504    16.223     0.063
        53903.208736    16.156     0.059
        53903.218669    16.190     0.061
        53903.228204    16.194     0.061
        54068.464170    16.446     0.069
        54068.490907    16.375     0.091
        54068.504394    16.102     0.046
        54086.428514    16.172     0.063
        54086.441816    16.263     0.068
        54086.455657    16.350     0.069
        54086.468945    16.330     0.068
        54086.484006    16.291     0.064
        54109.379399    16.384     0.180
        54109.391272    16.375     0.139
        54169.322687    15.946     0.033
        54169.334382    16.002     0.039
        54169.345603    16.068     0.039
        54169.356837    16.092     0.044
        54169.368131    16.042     0.039
        54186.277115    15.801     0.041
        54186.287328    15.833     0.041
        54186.297634    15.881     0.043
        54186.307801    15.851     0.043
        54186.317996    15.896     0.045
        54200.283168    16.204     0.039
        54200.313681    16.208     0.037
        54209.258917    16.107     0.140
        54209.268036    16.127     0.119
        54209.277172    16.058     0.091
        54209.286002    16.073     0.066
        54209.294757    16.132     0.073
        54217.211440    15.708     0.068
        54217.220084    15.907     0.059
        54217.228734    16.004     0.063
        54217.237392    15.912     0.059
        54217.246059    15.986     0.059
        54218.239657    15.964     0.096
        54218.248561    16.009     0.096
        54218.257649    15.851     0.083
        54218.266465    15.909     0.086
        54509.331370    15.421     0.026
        54509.343445    15.481     0.026
        54509.355453    15.550     0.028
        54509.367493    15.633     0.030
        54509.380119    15.675     0.031
        54536.320616    16.233     0.049
        54536.331624    16.252     0.049
        54536.342635    16.230     0.048
        54536.353584    16.271     0.049
        54536.364488    16.298     0.051
        54543.285124    16.085     0.102
        54543.295893    16.205     0.106
        54543.308406    16.221     0.106
        54543.319023    16.330     0.112
        54543.329941    16.269     0.111
        54561.237596    16.341     0.066
        54561.249217    16.216     0.053
        54561.260746    16.278     0.061
        54561.273301    16.294     0.074
        54561.284726    16.334     0.079
        54583.263198    16.899     0.351
        54583.273349    16.339     0.107
        54583.283673    16.146     0.094
        54614.214824    15.439     0.035
        54614.225123    15.517     0.036
        54614.235594    15.577     0.040
        54614.246011    15.558     0.040
        54614.256237    15.672     0.043
