        52620.397142    15.898     0.107
        52620.412906    15.770     0.040
        52620.427462    15.712     0.030
        52635.320944    15.671     0.026
        52635.336036    15.705     0.030
        52635.350737    15.744     0.030
        52635.365252    15.804     0.033
        52635.379787    15.852     0.036
        52638.365661    15.719     0.028
        52638.380688    15.764     0.030
        52638.395712    15.857     0.031
        52638.410841    15.896     0.049
        52639.389639    15.718     0.028
        52639.404807    15.753     0.030
        52639.420022    15.911     0.033
        52639.434987    15.932     0.035
        52639.450814    15.822     0.030
        52654.340368    15.866     0.056
        52654.370773    15.709     0.064
        52662.311320    16.032     0.043
        52662.327374    15.981     0.040
        52662.342320    15.880     0.036
        52662.358362    15.833     0.035
        52662.376112    15.722     0.033
        52693.244690    16.020     0.036
        52693.259480    15.878     0.031
        52693.274034    15.814     0.030
        52693.289918    15.725     0.028
        52693.290279    15.721     0.026
        52693.303804    15.645     0.026
        52693.304164    15.691     0.026
        52721.178631    15.778     0.031
        52721.178993    15.803     0.030
        52721.190862    15.726     0.030
        52721.191222    15.702     0.028
        52721.202979    15.727     0.030
        52721.203340    15.690     0.026
        52721.215144    15.657     0.026
        52721.227357    15.656     0.026
        52721.227717    15.687     0.026
        52742.160831    15.728     0.122
        52750.131484    15.680     0.073
        52750.131846    15.752     0.084
        52750.143128    15.649     0.035
        52750.143489    15.671     0.035
        52750.154943    15.669     0.030
        52750.155303    15.680     0.030
        52750.166096    15.685     0.031
        52750.166457    15.669     0.030
        52750.177242    15.702     0.033
        52750.177604    15.687     0.031
        52771.148895    15.947     0.059
        52771.160951    15.839     0.054
        52771.172875    15.754     0.052
        52771.184968    15.688     0.050
        52771.196880    15.699     0.052
        52926.449089    15.757     0.059
        52926.460799    15.797     0.059
        52926.472888    15.874     0.061
        52926.484469    15.919     0.063
        52926.496701    16.039     0.068
        52948.401528    15.885     0.048
        52948.414044    15.805     0.041
        52948.427068    15.729     0.035
        52948.439560    15.693     0.033
        52979.380208    15.759     0.059
        52979.391412    15.736     0.064
        52979.402634    15.619     0.058
        52979.423105    15.643     0.064
        53009.352032    15.753     0.041
        53009.369082    15.798     0.041
        53009.383577    15.876     0.045
        53009.398118    15.987     0.049
        53009.413758    15.985     0.051
        53044.278614    15.704     0.035
        53044.291130    15.643     0.045
        53044.304258    15.801     0.045
        53044.329932    15.876     0.078
        53074.225553    15.864     0.036
        53074.236994    15.967     0.041
        53074.248604    15.991     0.041
        53074.260132    16.014     0.045
        53074.271617    15.946     0.043
        53097.193317    15.795     0.089
        53097.203688    15.756     0.094
        53104.195957    15.844     0.031
        53104.206743    15.790     0.030
        53104.217620    15.763     0.031
        53104.228435    15.690     0.028
        53104.239310    15.686     0.030
        53133.161260    15.611     0.035
        53133.170655    15.607     0.031
        53133.179768    15.605     0.033
        53156.162231    16.126     0.084
        53156.170693    16.185     0.092
        53156.179077    16.046     0.084
        53156.187435    16.140     0.092
        53156.195890    15.987     0.083
        53263.413701    15.777     0.035
        53263.425960    15.728     0.031
        53263.438508    15.690     0.030
        53263.450527    15.684     0.030
        53263.462772    15.691     0.030
        53275.476224    15.656     0.043
        53280.439031    15.866     0.071
        53280.450021    15.843     0.061
        53290.433975    15.848     0.045
        53290.445091    15.899     0.045
        53290.456292    15.971     0.048
        53290.467473    15.983     0.048
        53290.478600    15.923     0.045
        53330.432841    15.909     0.040
        53330.447031    15.794     0.038
        53356.428933    15.738     0.028
        53358.336420    15.908     0.030
        53358.351529    15.861     0.030
        53358.364473    15.792     0.028
        53358.377822    15.755     0.028
        53358.391083    15.717     0.028
        53360.342540    15.903     0.038
        53360.345110    15.941     0.039
        53360.350179    15.892     0.037
        53360.356389    15.869     0.036
        53360.358971    15.907     0.037
        53360.364032    15.800     0.035
        53360.370102    15.786     0.035
        53360.372878    15.800     0.033
        53360.377477    15.737     0.031
        53360.384358    15.688     0.031
        53360.386793    15.741     0.031
        53360.391966    15.721     0.030
        53360.398557    15.688     0.031
        53360.400901    15.709     0.030
        53360.408867    15.685     0.030
        53362.362550    15.906     0.105
        53362.377733    15.807     0.081
        53362.394619    15.817     0.083
        53362.409115    15.789     0.063
        53390.275183    15.774     0.039
        53390.287936    15.733     0.037
        53390.301600    15.692     0.033
        53390.314471    15.694     0.033
        53390.327830    15.621     0.031
        53429.220439    15.842     0.031
        53429.231728    15.765     0.031
        53429.243075    15.745     0.031
        53429.254372    15.717     0.031
        53429.265671    15.643     0.030
        53441.168680    15.760     0.024
        53441.179910    15.840     0.026
        53441.191139    15.921     0.028
        53441.202370    15.956     0.028
        53441.213599    16.039     0.031
        53460.175930    15.632     0.026
        53460.186259    15.627     0.024
        53460.196561    15.660     0.026
        53460.207296    15.656     0.026
        53460.217805    15.699     0.028
        53489.146773    15.744     0.031
        53489.157127    15.731     0.033
        53489.167297    15.841     0.039
        53489.187746    15.969     0.104
        53635.422765    15.687     0.072
        53635.433201    15.689     0.070
        53635.454055    15.690     0.074
        53635.464484    15.725     0.076
        53687.381611    15.760     0.044
        53687.394019    15.695     0.041
        53687.406724    15.668     0.039
        53687.419188    15.659     0.037
        53687.431877    15.608     0.033
        53696.392386    15.855     0.046
        53696.405565    15.807     0.046
        53725.336678    15.753     0.044
        53725.349826    15.715     0.033
        53725.362895    15.716     0.033
        53725.375983    15.718     0.033
        53725.388987    15.662     0.033
        53755.278709    15.675     0.031
        53755.291417    15.659     0.031
        53755.304156    15.659     0.031
        53755.317048    15.677     0.033
        53755.329707    15.696     0.033
        53775.287893    15.955     0.055
        53775.300437    15.839     0.050
        53775.313279    15.744     0.046
        53775.322164    15.750     0.051
        53775.326576    15.680     0.043
        53775.336112    15.767     0.046
        53775.340099    15.680     0.043
        53775.350118    15.703     0.058
        53775.378210    15.601     0.058
        54050.373400    15.669     0.037
        54050.385582    15.679     0.037
        54050.397774    15.684     0.039
        54050.409986    15.677     0.044
        54050.422186    15.710     0.044
        54079.305268    15.690     0.041
        54079.317236    15.644     0.039
        54079.329135    15.696     0.041
        54079.341031    15.719     0.043
        54079.352936    15.795     0.046
        54108.269221    15.821     0.039
        54108.281812    15.871     0.039
        54108.294437    15.965     0.043
        54108.307088    16.012     0.044
        54108.319760    16.005     0.043
        54126.266487    15.668     0.033
        54126.278361    15.680     0.040
        54139.267432    15.832     0.024
        54139.279132    15.806     0.026
        54139.291053    15.752     0.037
        54139.302801    15.727     0.031
        54139.314483    15.687     0.028
        54167.222122    15.663     0.076
        54167.233233    15.700     0.061
        54167.244381    15.658     0.026
        54167.255570    15.690     0.028
        54167.266782    15.710     0.031
        54419.461259    15.980     0.033
        54419.498908    15.904     0.033
        54484.268201    15.785     0.049
        54484.293959    15.934     0.053
        54484.306149    15.986     0.054
        54484.318449    15.961     0.053
        54523.219882    15.887     0.030
        54523.231375    15.948     0.031
        54523.242823    16.026     0.033
        54523.254263    16.111     0.035
        54523.265812    16.077     0.035
        54540.216390    15.744     0.040
        54540.227385    15.707     0.038
        54540.238905    15.767     0.038
        54540.249856    15.790     0.038
        54540.260668    15.840     0.040
        54554.210769    15.881     0.038
        54554.222644    15.843     0.031
        54554.235570    15.813     0.031
