        52610.389465    15.524     0.050
        52610.404593    15.733     0.048
        52610.419762    15.535     0.026
        52610.434931    15.330     0.052
        52610.450048    15.061     0.046
        52614.378957    15.036     0.017
        52614.394060    15.027     0.017
        52614.424391    15.032     0.018
        52614.439568    15.044     0.026
        52619.383806    15.186     0.018
        52619.399046    15.406     0.024
        52619.414286    15.710     0.031
        52619.429680    15.643     0.028
        52619.445034    15.387     0.022
        52639.305070    15.316     0.018
        52639.319807    15.497     0.022
        52639.334557    15.683     0.035
        52639.349261    15.410     0.020
        52639.363975    15.214     0.017
        52644.311325    15.057     0.013
        52644.327110    15.067     0.013
        52644.342461    15.049     0.013
        52644.358010    15.057     0.013
        52644.373666    15.062     0.013
        52648.254940    15.059     0.017
        52648.269673    15.050     0.017
        52648.284317    15.063     0.017
        52648.299479    15.107     0.017
        52648.314265    15.220     0.018
        52649.358830    15.046     0.016
        52649.374134    15.045     0.016
        52649.389830    15.044     0.016
        52649.405289    15.056     0.018
        52649.421037    15.064     0.018
        52671.312862    15.106     0.015
        52671.328046    15.050     0.015
        52671.343207    15.047     0.015
        52671.358422    15.047     0.015
        52671.373726    15.065     0.015
        52674.252587    15.479     0.022
        52674.267925    15.755     0.033
        52674.283162    15.551     0.028
        52674.298637    15.319     0.018
        52674.314104    15.142     0.017
        52677.246293    15.302     0.020
        52677.260760    15.565     0.022
        52677.275241    15.814     0.028
        52677.289636    15.604     0.024
        52677.304137    15.332     0.020
        52697.273878    15.038     0.021
        52704.238089    15.026     0.013
        52704.251418    15.040     0.015
        52704.264748    15.042     0.015
        52704.278056    15.080     0.015
        52704.291392    15.209     0.017
        52706.179523    15.377     0.023
        52706.179883    15.312     0.026
        52706.193172    15.597     0.028
        52706.193531    15.495     0.030
        52706.206458    15.686     0.030
        52706.206817    15.610     0.031
        52706.220052    15.487     0.026
        52706.220444    15.450     0.028
        52706.233212    15.315     0.021
        52706.233571    15.258     0.025
        52724.181934    15.086     0.015
        52724.193575    15.109     0.017
        52724.205228    15.229     0.018
        52724.216884    15.379     0.020
        52724.228751    15.544     0.022
        52728.171571    15.030     0.015
        52728.183965    15.022     0.015
        52728.195753    15.028     0.015
        52728.207724    15.032     0.015
        52728.219654    15.030     0.015
        52731.178191    15.014     0.039
        52731.202353    15.016     0.067
        52753.133209    15.216     0.018
        52753.145092    15.368     0.022
        52753.156983    15.600     0.028
        52753.168873    15.765     0.031
        52753.180771    15.646     0.030
        52760.141350    15.013     0.017
        52760.153162    15.051     0.017
        52760.164948    15.049     0.017
        52760.176828    15.028     0.017
        52760.188673    15.051     0.017
        52934.449786    15.059     0.025
        52934.461659    15.103     0.025
        52934.473627    15.084     0.023
        52934.485604    15.074     0.023
        52934.497587    15.069     0.023
        52937.447985    14.977     0.017
        52937.460817    15.055     0.013
        52937.472806    15.086     0.013
        52937.485522    15.049     0.011
        52937.497941    15.049     0.013
        52945.454021    15.031     0.020
        52945.466141    15.061     0.020
        52945.490530    15.253     0.023
        52963.456247    15.053     0.013
        52963.469199    15.060     0.013
        52963.481635    15.034     0.013
        52963.494128    15.067     0.013
        52963.506749    15.122     0.013
        52967.378923    15.052     0.015
        52967.391542    15.052     0.015
        52967.403994    15.037     0.015
        52967.416505    15.064     0.015
        52967.429009    15.054     0.015
        52991.351728    15.826     0.022
        52991.364784    15.617     0.018
        52991.377745    15.401     0.017
        52991.390709    15.206     0.017
        52991.403745    15.154     0.015
        52996.336136    15.024     0.011
        52996.349482    15.021     0.011
        52996.362593    15.014     0.011
        52996.375421    15.019     0.011
        52996.388554    15.020     0.011
        53001.338074    15.035     0.009
        53001.351201    15.029     0.009
        53001.364417    15.032     0.009
        53001.377753    15.029     0.009
        53001.390711    15.042     0.009
        53024.279133    15.024     0.020
        53024.292013    15.008     0.011
        53024.304845    15.021     0.009
        53024.330512    15.030     0.067
        53034.278915    15.044     0.015
        53034.291538    15.056     0.015
        53034.304194    15.004     0.015
        53034.316706    15.005     0.015
        53034.329098    14.985     0.015
        53050.219676    15.012     0.013
        53050.231440    15.026     0.013
        53050.243207    15.034     0.013
        53050.254914    15.036     0.011
        53050.266595    15.034     0.013
        53078.224662    15.005     0.015
        53078.235314    15.025     0.015
        53078.246092    15.035     0.030
        53078.256782    15.004     0.030
        53078.267443    15.010     0.015
        53084.223649    15.083     0.011
        53084.234344    15.024     0.009
        53084.245348    15.086     0.011
        53084.256352    15.023     0.009
        53084.267299    15.042     0.009
        53086.237742    15.039     0.036
        53086.249044    15.074     0.040
        53086.260490    15.069     0.028
        53086.272436    15.055     0.025
        53086.283525    15.031     0.018
        53109.183521    15.026     0.015
        53109.194220    15.029     0.015
        53109.204923    15.031     0.015
        53109.215611    15.043     0.017
        53109.226401    15.033     0.017
        53115.192002    15.082     0.013
        53115.203170    15.034     0.013
        53115.214504    15.087     0.013
        53115.225594    15.065     0.013
        53115.236685    15.093     0.015
        53117.143901    15.053     0.012
        53117.155015    15.024     0.013
        53117.166346    15.094     0.013
        53117.178538    15.241     0.015
        53117.189587    15.386     0.016
        53137.151340    15.323     0.024
        53137.160905    15.207     0.022
        53137.170435    15.102     0.020
        53137.179975    15.070     0.022
        53137.189478    15.031     0.022
        53288.433048    15.065     0.025
        53288.443901    15.065     0.023
        53288.454630    15.073     0.023
        53288.465577    15.063     0.023
        53288.476334    15.099     0.023
        53293.430583    15.487     0.031
        53293.441498    15.325     0.028
        53293.452392    15.169     0.023
        53293.463351    15.103     0.021
        53293.474305    15.077     0.021
        53299.442152    15.480     0.031
        53299.453823    15.273     0.026
        53299.465496    15.172     0.037
        53299.477238    15.069     0.055
        53299.488919    15.051     0.033
        53328.373179    15.305     0.030
        53328.385356    15.151     0.043
        53328.397531    15.081     0.020
        53328.421893    15.062     0.026
        53331.445656    15.057     0.020
        53331.458086    15.066     0.020
        53331.483018    15.059     0.021
        53331.499183    15.050     0.021
        53348.332828    15.051     0.028
        53348.345669    15.073     0.018
        53348.357962    15.052     0.018
        53348.370263    15.045     0.026
        53348.382560    15.056     0.020
        53354.321001    15.073     0.017
        53354.334344    15.070     0.017
        53354.347691    15.088     0.017
        53354.366262    15.071     0.017
        53354.379673    15.071     0.015
        53377.337011    15.022     0.013
        53377.350342    15.021     0.013
        53377.363650    15.028     0.015
        53377.376990    14.998     0.015
        53377.390334    15.022     0.015
        53382.365009    15.030     0.017
        53382.394483    15.077     0.017
        53382.408896    15.217     0.020
        53382.423296    15.417     0.024
        53386.346083    15.025     0.013
        53386.359139    15.000     0.013
        53386.372164    15.001     0.013
        53386.385676    14.984     0.013
        53386.398701    14.987     0.013
        53389.347286    15.028     0.017
        53389.360555    15.019     0.017
        53389.374048    14.990     0.017
        53389.387792    14.999     0.017
        53389.402456    15.001     0.015
        53404.298374    15.026     0.011
        53404.315819    15.023     0.013
        53404.328345    15.014     0.013
        53404.340798    15.034     0.013
        53404.353843    15.032     0.013
        53415.288675    15.040     0.015
        53415.300916    15.028     0.015
        53415.313659    15.042     0.015
        53415.325892    15.013     0.015
        53415.338327    15.010     0.015
        53433.230477    15.073     0.015
        53433.242419    15.063     0.015
        53433.256140    15.060     0.015
        53433.267601    15.027     0.013
        53433.280043    15.024     0.015
        53443.278806    15.369     0.017
        53443.290285    15.547     0.020
        53443.301141    15.721     0.024
        53443.312555    15.612     0.024
        53443.323397    15.437     0.020
        53473.177289    15.029     0.018
        53473.186984    15.048     0.018
        53473.196771    15.046     0.018
        53473.206538    15.050     0.018
        53473.216169    15.058     0.020
        53500.138116    15.049     0.018
        53500.149289    15.039     0.018
        53500.159423    15.057     0.018
        53500.169502    15.051     0.018
        53500.179540    15.058     0.020
        53646.452920    15.046     0.024
        53646.463851    15.037     0.028
        53646.474776    15.020     0.020
        53651.424673    15.478     0.033
        53651.435580    15.681     0.039
        53651.446472    15.654     0.037
        53651.457354    15.476     0.030
        53651.468240    15.283     0.026
        53656.423738    15.031     0.022
        53656.434899    15.026     0.022
        53656.445943    15.018     0.022
        53656.456998    14.996     0.020
        53656.468040    15.010     0.020
        53673.441921    15.056     0.018
        53673.454716    15.013     0.018
        53676.445152    15.031     0.022
        53676.457279    15.025     0.018
        53676.469280    15.023     0.020
        53676.481267    15.059     0.018
        53676.493223    15.042     0.020
        53682.484517    15.021     0.018
        53682.497205    15.009     0.018
        53703.392704    15.070     0.015
        53703.405417    15.081     0.017
        53703.420019    15.061     0.017
        53703.433183    15.074     0.015
        53703.446435    15.080     0.015
        53706.404080    15.063     0.015
        53706.417952    15.074     0.015
        53706.430753    15.070     0.022
        53706.443677    15.057     0.043
        53706.456857    15.068     0.024
        53709.375274    15.061     0.015
        53709.388022    15.074     0.017
        53709.400741    15.082     0.017
        53709.413438    15.064     0.017
        53709.426400    15.056     0.017
        53714.387704    15.003     0.015
        53714.400627    15.013     0.015
        53714.413674    15.022     0.015
        53714.426422    15.015     0.015
        53714.439201    15.025     0.015
        53733.330849    15.697     0.028
        53733.343998    15.567     0.024
        53733.356729    15.378     0.020
        53733.369477    15.201     0.018
        53733.382146    15.072     0.017
        53740.338465    15.062     0.015
        53740.351421    15.038     0.015
        53740.364241    15.039     0.015
        53740.377007    15.059     0.015
        53740.389837    15.051     0.015
        53745.260933    15.076     0.022
        53745.273786    15.090     0.022
        53745.286567    15.078     0.024
        53745.299520    15.087     0.022
        53745.315337    15.203     0.024
        53771.223306    15.087     0.035
        53771.236014    15.099     0.048
        53771.248602    15.342     0.037
        53771.261320    15.585     0.033
        53771.273967    15.768     0.031
        53786.226758    15.074     0.018
        53786.238690    15.056     0.013
        53786.250629    15.062     0.013
        53786.262736    15.178     0.015
        53786.274683    15.334     0.017
        53788.348032    15.044     0.013
        53788.360210    15.025     0.015
        53788.384339    15.034     0.015
        53788.396521    15.053     0.017
        53794.280095    15.073     0.033
        53794.292438    15.031     0.017
        53794.316077    15.042     0.015
        53794.328183    15.031     0.067
        53813.247937    15.037     0.020
        53813.259024    15.045     0.022
        53813.270243    15.054     0.022
        53813.281307    15.079     0.024
        53813.292807    15.042     0.024
        53817.280013    15.043     0.018
        53817.290851    15.026     0.018
        53817.301694    15.026     0.020
        53817.312580    15.027     0.020
        53817.323669    15.034     0.022
        53818.223774    15.452     0.026
        53818.234328    15.629     0.031
        53818.244869    15.668     0.031
        53818.255422    15.473     0.028
        53818.266028    15.334     0.024
        53823.196628    15.069     0.018
        53823.208644    15.067     0.017
        53823.221847    15.051     0.018
        53823.233733    15.049     0.017
        53823.245902    15.058     0.018
        53825.181141    15.056     0.017
        53825.191513    15.067     0.018
        53825.202882    15.069     0.017
        53825.214027    15.038     0.022
        53825.224448    15.058     0.018
        53829.174391    15.158     0.031
        53829.185184    15.013     0.030
        53829.195314    15.014     0.026
        53829.205451    15.005     0.028
        53829.215624    14.977     0.037
        53844.179616    15.582     0.033
        53844.189863    15.396     0.028
        53844.200133    15.228     0.024
        53844.210400    15.125     0.024
        53844.220681    15.065     0.022
        53848.184259    15.011     0.024
        53848.194869    15.054     0.024
        53848.205540    15.022     0.024
        53848.216207    15.027     0.024
        53848.226854    15.060     0.026
        53849.144946    15.061     0.018
        53849.155713    15.043     0.018
        53849.166521    15.037     0.018
        53849.177562    15.032     0.018
        53849.189045    15.040     0.020
        53852.145573    15.064     0.020
        53852.156035    15.058     0.020
        53852.166554    15.080     0.022
        53852.177087    15.059     0.022
        53852.187815    15.038     0.022
        53853.136145    15.172     0.031
        53853.149687    15.318     0.035
        53853.160847    15.497     0.043
        53853.171781    15.700     0.049
        53853.182651    15.823     0.054
        53855.146416    15.047     0.020
        53855.156727    15.043     0.020
        53855.166988    15.054     0.022
        53855.177923    15.042     0.022
        53855.188260    15.035     0.022
        53858.141053    15.058     0.028
        54027.449065    15.115     0.023
        54027.460784    15.205     0.025
        54027.474908    15.431     0.051
        54027.487062    15.659     0.035
        54027.498583    15.849     0.041
        54029.431837    15.076     0.020
        54029.444634    15.082     0.020
        54029.457204    15.103     0.020
        54029.469054    15.048     0.018
        54029.480969    15.081     0.018
        54037.433544    15.062     0.018
        54037.446301    15.068     0.018
        54037.458327    15.070     0.016
        54037.470404    15.078     0.018
        54037.482943    15.076     0.018
        54054.361328    15.024     0.015
        54054.372730    15.064     0.017
        54054.384103    15.076     0.015
        54054.395485    15.056     0.017
        54054.406867    15.069     0.017
        54055.378675    15.036     0.018
        54055.391685    15.043     0.018
        54055.404334    15.057     0.018
        54055.411493    15.067     0.015
        54055.417356    15.040     0.016
        54055.423166    15.058     0.013
        54055.429908    15.044     0.018
        54055.434834    15.069     0.013
        54055.446501    15.052     0.015
        54055.458173    15.050     0.015
        54058.375330    15.062     0.015
        54058.387555    15.049     0.015
        54058.399813    15.059     0.015
        54058.412050    15.055     0.015
        54058.424297    15.039     0.015
        54061.376078    15.053     0.015
        54061.388999    15.064     0.015
        54061.401440    15.065     0.015
        54061.413879    15.053     0.015
        54061.426334    15.067     0.015
        54066.391837    15.062     0.017
        54066.404030    15.049     0.015
        54066.416669    15.073     0.015
        54067.390190    15.052     0.016
        54067.403003    15.046     0.016
        54067.415874    15.053     0.016
        54067.429200    15.067     0.015
        54067.442043    15.069     0.015
        54070.381944    15.078     0.017
        54070.394891    15.054     0.017
        54070.408120    15.047     0.015
        54070.421182    15.060     0.013
        54070.434134    15.045     0.013
        54084.331149    15.088     0.023
        54084.337715    15.043     0.015
        54084.344174    15.088     0.023
        54084.351205    15.069     0.015
        54084.357330    15.081     0.021
        54084.364695    15.078     0.015
        54084.370496    15.059     0.021
        54084.378191    15.061     0.015
        54084.383707    15.065     0.021
        54084.391696    15.083     0.015
        54087.395008    15.054     0.017
        54087.408018    15.097     0.026
        54087.421029    15.083     0.026
        54087.434040    15.048     0.030
        54087.447055    15.066     0.015
        54098.309972    15.072     0.018
        54098.321815    15.073     0.018
        54098.333425    15.083     0.017
        54098.345076    15.061     0.017
        54098.356840    15.055     0.017
        54110.325890    15.083     0.025
        54110.338501    15.093     0.026
        54110.351063    15.095     0.023
        54110.363644    15.085     0.023
        54110.376288    15.079     0.023
        54121.270865    15.020     0.017
        54121.275945    15.023     0.016
        54121.283088    15.032     0.013
        54121.288461    15.033     0.016
        54121.295314    15.014     0.013
        54121.301685    15.048     0.016
        54121.307560    15.047     0.013
        54121.314561    15.047     0.015
        54121.319906    15.035     0.013
        54121.327144    15.039     0.015
        54124.267766    15.008     0.011
        54124.280121    15.023     0.011
        54124.292387    15.003     0.011
        54124.304648    15.021     0.011
        54124.316920    15.017     0.011
        54149.272906    15.088     0.016
        54149.284700    15.105     0.018
        54149.296530    15.105     0.016
        54149.308303    15.096     0.016
        54149.320096    15.094     0.016
        54175.217086    15.065     0.013
        54175.227615    15.049     0.013
        54175.238255    15.068     0.013
        54175.248823    15.060     0.013
        54175.259466    15.047     0.013
        54206.175311    15.105     0.021
        54206.184488    15.115     0.021
        54206.193709    15.121     0.021
        54206.202899    15.120     0.021
        54206.212609    15.122     0.021
        54207.175040    15.070     0.018
        54207.184201    15.066     0.018
        54207.193349    15.051     0.017
        54207.202830    15.058     0.018
        54207.212008    15.055     0.018
        54210.175524    15.069     0.018
        54210.184437    15.095     0.018
        54210.193340    15.076     0.018
        54210.202230    15.068     0.018
        54210.211108    15.076     0.018
        54385.428045    15.067     0.015
        54385.439295    15.049     0.015
        54385.450525    15.025     0.013
        54385.461875    15.029     0.013
        54385.473088    15.044     0.013
        54388.428792    15.058     0.017
        54388.440150    15.045     0.015
        54388.451463    15.055     0.015
        54388.462839    15.056     0.015
        54388.474131    15.076     0.015
        54396.435707    15.680     0.026
        54396.447460    15.462     0.018
        54396.459114    15.302     0.017
        54396.470766    15.140     0.015
        54396.482429    15.081     0.013
        54411.446907    15.730     0.022
        54411.459447    15.714     0.022
        54411.471811    15.441     0.018
        54411.484171    15.298     0.015
        54411.496528    15.140     0.013
        54422.409143    15.045     0.011
        54422.421802    15.062     0.011
        54422.434332    15.110     0.011
        54422.446879    15.095     0.011
        54422.459438    15.107     0.011
        54424.330289    15.071     0.017
        54424.342870    15.081     0.015
        54424.355458    15.044     0.013
        54424.368059    15.062     0.013
        54424.380623    15.057     0.011
        54447.331228    15.051     0.009
        54447.344134    14.999     0.009
        54447.357033    15.033     0.009
        54447.369934    15.019     0.009
        54447.382827    15.008     0.009
        54449.332458    15.018     0.009
        54449.345372    15.063     0.009
        54449.358196    15.192     0.011
        54449.371032    15.362     0.013
        54449.383862    15.571     0.015
        54454.263503    15.511     0.024
        54454.276605    15.762     0.028
        54454.289696    15.547     0.022
        54454.302776    15.348     0.018
        54454.315868    15.181     0.015
        54465.460908    15.039     0.011
        54465.473810    15.046     0.011
        54465.486723    15.041     0.011
        54465.499629    15.106     0.013
        54465.512542    15.261     0.015
        54475.326525    15.637     0.017
        54475.339268    15.415     0.013
        54475.351999    15.226     0.011
        54475.364737    15.098     0.011
        54475.377529    15.090     0.015
        54495.337138    15.025     0.013
        54495.349596    15.032     0.013
        54495.362047    15.039     0.013
        54495.374672    15.035     0.013
        54495.388251    15.030     0.013
        54508.231878    15.059     0.009
        54508.244035    15.053     0.009
        54508.256270    15.028     0.009
        54508.268789    15.059     0.013
        54508.281079    15.050     0.015
        54524.274978    15.088     0.013
        54524.286430    15.069     0.015
        54524.297866    15.093     0.017
        54524.309279    15.065     0.018
        54524.320723    15.065     0.013
        54537.161340    15.012     0.009
        54537.172409    15.026     0.013
        54537.183345    15.024     0.017
        54537.194270    15.006     0.009
        54537.205228    15.017     0.009
        54555.186200    15.056     0.011
        54555.197872    15.068     0.011
        54555.209525    15.053     0.011
        54555.221214    15.029     0.011
        54555.232973    15.028     0.011
        54564.185096    15.050     0.011
        54564.196397    15.031     0.011
        54564.207760    15.027     0.011
        54564.219211    15.027     0.011
        54564.230494    15.030     0.011
        54574.138539    15.571     0.044
        54574.149176    15.340     0.035
        54574.159808    15.188     0.031
        54574.170398    15.108     0.030
        54574.180999    15.072     0.030
        54582.143298    15.063     0.017
        54582.153818    15.059     0.017
        54582.164688    15.058     0.017
        54582.175172    15.041     0.017
        54582.185677    15.042     0.018
        54586.142935    15.652     0.026
        54586.153064    15.670     0.033
        54586.163256    15.448     0.031
        54586.183578    15.182     0.018
        54594.150996    15.046     0.018
        54594.192547    15.034     0.026
