        52610.396323    14.968     0.026
        52610.410827    14.878     0.016
        52610.425356    14.775     0.018
        52610.439882    14.715     0.031
        52614.440549    15.225     0.031
        52614.455944    14.974     0.024
        52614.471376    14.904     0.020
        52614.486739    14.840     0.015
        52614.501948    14.830     0.013
        52619.385237    14.934     0.015
        52619.400485    14.874     0.015
        52619.415713    14.827     0.013
        52619.431157    14.831     0.015
        52619.446466    14.912     0.015
        52621.433979    14.858     0.013
        52621.448627    14.792     0.013
        52621.463212    14.824     0.013
        52621.478006    14.893     0.013
        52621.492594    15.023     0.017
        52639.305687    15.103     0.017
        52639.320426    15.389     0.020
        52639.335179    15.509     0.022
        52639.349881    15.202     0.017
        52639.364595    14.989     0.015
        52644.376005    15.071     0.015
        52644.399354    15.416     0.018
        52644.434900    14.943     0.013
        52644.449925    14.843     0.013
        52644.464840    14.828     0.013
        52648.255690    14.861     0.013
        52648.270423    14.936     0.015
        52648.285070    15.120     0.017
        52648.300314    15.423     0.022
        52648.315016    15.494     0.024
        52671.314347    15.101     0.015
        52671.329467    15.359     0.020
        52671.344626    15.349     0.018
        52671.359847    15.081     0.017
        52671.375153    14.918     0.015
        52674.253370    15.138     0.017
        52674.268708    14.946     0.015
        52674.283946    14.883     0.015
        52674.299422    14.832     0.013
        52674.314893    14.836     0.013
        52677.246903    15.038     0.017
        52677.261364    15.329     0.020
        52677.275848    15.546     0.024
        52677.290245    15.307     0.020
        52677.304744    15.001     0.015
        52704.238761    15.094     0.015
        52704.252076    14.947     0.013
        52704.265408    14.852     0.013
        52704.278734    14.821     0.013
        52704.292050    14.784     0.013
        52706.165511    14.829     0.013
        52706.178849    14.849     0.013
        52706.192207    14.915     0.013
        52706.205396    14.980     0.015
        52706.218676    15.137     0.015
        52706.237355    15.535     0.022
        52706.250610    15.430     0.020
        52706.263844    15.136     0.015
        52706.276774    14.969     0.013
        52706.289987    14.888     0.013
        52724.182527    15.199     0.017
        52724.194170    15.446     0.020
        52724.205822    15.533     0.022
        52724.217482    15.239     0.018
        52724.229341    15.018     0.015
        52728.172158    14.851     0.013
        52728.184555    14.829     0.013
        52728.196450    14.847     0.013
        52728.208313    14.891     0.013
        52728.220249    14.954     0.015
        52731.178782    15.112     0.030
        52731.190882    14.922     0.046
        52731.202940    14.803     0.048
        52753.133873    14.944     0.015
        52753.145756    15.074     0.017
        52753.157649    15.370     0.022
        52753.169537    15.522     0.026
        52753.181436    15.384     0.024
        52760.141902    15.243     0.018
        52760.153713    15.016     0.015
        52760.165499    14.923     0.015
        52760.177379    14.868     0.015
        52760.189224    14.830     0.015
        52937.448978    14.863     0.013
        52937.473882    14.833     0.011
        52937.498934    14.926     0.013
        52945.433282    14.828     0.015
        52945.445252    14.856     0.015
        52945.457248    14.909     0.017
        52945.469197    14.960     0.017
        52945.481113    15.149     0.018
        52963.457014    15.517     0.018
        52963.469963    15.457     0.018
        52963.482403    15.231     0.015
        52963.494894    15.041     0.013
        52963.507515    14.962     0.013
        52967.379602    15.371     0.020
        52967.392131    15.121     0.017
        52967.404584    14.959     0.015
        52967.417094    14.904     0.013
        52967.429598    14.890     0.013
        52974.420842    14.903     0.012
        52974.434653    14.993     0.013
        52974.446356    15.172     0.015
        52992.338159    14.833     0.011
        52992.351391    14.837     0.011
        52992.364741    14.879     0.013
        52992.377983    14.941     0.015
        52992.391269    15.010     0.015
        52995.342506    15.143     0.011
        52995.368733    14.908     0.009
        52995.381780    14.830     0.009
        52995.394790    14.852     0.009
        53000.349977    14.937     0.009
        53000.364236    15.066     0.011
        53000.377945    15.295     0.013
        53000.391085    15.433     0.015
        53000.404249    15.244     0.013
        53026.294290    15.264     0.011
        53026.307180    15.513     0.015
        53026.320189    15.468     0.015
        53026.332947    15.188     0.011
        53026.345974    15.003     0.009
        53029.341543    15.277     0.024
        53034.279552    15.418     0.022
        53034.292176    15.247     0.018
        53034.304847    15.039     0.015
        53034.317363    14.921     0.013
        53034.329737    14.869     0.013
        53051.271205    14.896     0.011
        53051.282973    14.837     0.011
        53051.294612    14.835     0.011
        53051.306288    14.826     0.011
        53051.317984    14.861     0.011
        53055.216259    14.822     0.012
        53055.241029    14.926     0.015
        53055.254572    15.154     0.033
        53058.221231    14.934     0.009
        53058.232740    14.895     0.007
        53058.244128    14.865     0.007
        53058.255521    14.869     0.007
        53058.266916    14.898     0.007
        53078.261566    14.859     0.016
        53078.272820    14.922     0.015
        53078.283806    15.057     0.016
        53078.294942    15.239     0.018
        53078.305829    15.444     0.023
        53083.227446    15.398     0.015
        53083.238335    15.382     0.013
        53083.249171    15.173     0.011
        53083.259941    15.029     0.009
        53083.270653    14.937     0.009
        53086.232111    14.969     0.026
        53086.243187    14.987     0.033
        53086.254592    15.241     0.033
        53086.265887    15.448     0.033
        53086.277242    15.514     0.026
        53092.226315    15.272     0.020
        53092.236660    15.121     0.017
        53092.247375    14.974     0.015
        53092.257777    14.901     0.015
        53092.268070    14.847     0.015
        53109.181948    15.091     0.018
        53109.192272    14.936     0.016
        53109.202713    14.893     0.015
        53109.213160    14.831     0.015
        53114.191083    14.954     0.011
        53114.213464    15.255     0.015
        53114.224527    15.429     0.017
        53114.235591    15.378     0.017
        53117.192197    14.829     0.009
        53117.202929    14.830     0.009
        53117.213940    14.843     0.011
        53117.224642    14.903     0.011
        53117.235489    14.968     0.011
        53137.181532    14.802     0.018
        53137.193270    14.843     0.020
        53142.155681    15.061     0.015
        53142.166069    15.257     0.018
        53142.176335    15.471     0.022
        53142.186756    15.503     0.024
        53142.196665    15.271     0.026
        53293.431412    14.999     0.021
        53293.442323    14.918     0.018
        53293.464176    14.890     0.018
        53293.475131    14.918     0.018
        53297.418690    15.186     0.025
        53297.430531    15.417     0.030
        53297.443269    15.458     0.028
        53297.457150    15.193     0.021
        53297.469588    14.980     0.016
        53299.438524    15.046     0.024
        53299.443111    15.121     0.024
        53299.450192    15.288     0.039
        53299.454782    15.424     0.039
        53299.461865    15.568     0.063
        53299.466456    15.572     0.054
        53299.473610    15.459     0.048
        53299.478198    15.352     0.050
        53299.485287    15.199     0.031
        53299.489876    15.126     0.030
        53328.375110    14.888     0.020
        53328.399463    15.070     0.020
        53328.423826    15.472     0.030
        53348.347469    14.818     0.022
        53348.359763    14.863     0.022
        53348.372067    14.945     0.018
        53348.384362    15.033     0.020
        53354.322852    14.994     0.017
        53354.336197    15.205     0.018
        53354.349539    15.376     0.022
        53354.368115    15.185     0.018
        53354.381524    14.997     0.015
        53357.461132    14.766     0.012
        53357.475669    14.776     0.013
        53357.490251    14.850     0.013
        53357.504775    14.945     0.015
        53377.338113    14.911     0.013
        53377.351443    15.099     0.015
        53377.364753    15.334     0.018
        53377.378092    15.551     0.022
        53377.391437    15.295     0.018
        53382.365714    14.766     0.013
        53382.395191    14.809     0.013
        53382.409602    14.868     0.015
        53382.424002    15.030     0.017
        53386.347416    15.427     0.020
        53386.360423    15.505     0.020
        53386.373450    15.222     0.017
        53386.386961    15.024     0.015
        53386.399984    14.910     0.013
        53389.348577    14.835     0.015
        53389.361773    14.937     0.017
        53389.375262    15.073     0.018
        53389.389008    15.343     0.022
        53389.404800    15.371     0.022
        53404.299304    15.280     0.015
        53404.316438    15.493     0.018
        53404.328963    15.301     0.015
        53404.341415    15.009     0.013
        53404.354462    14.948     0.013
        53415.289293    15.001     0.015
        53415.301534    15.222     0.017
        53415.314278    15.463     0.022
        53415.326513    15.488     0.024
        53415.338945    15.289     0.018
        53433.231077    14.888     0.011
        53433.243018    14.926     0.013
        53433.256739    15.063     0.015
        53433.268204    15.317     0.017
        53433.280644    15.450     0.020
        53500.138714    14.844     0.015
        53500.149924    14.884     0.015
        53500.160021    14.945     0.017
        53500.170131    15.040     0.018
        53500.180171    15.228     0.022
        53656.424266    14.875     0.020
        53656.435430    14.920     0.020
        53656.446473    15.145     0.024
        53656.468582    15.423     0.031
        53672.457258    14.850     0.017
        53672.470507    14.808     0.017
        53672.484381    14.834     0.017
        53672.498485    14.883     0.017
        53675.443350    15.512     0.026
        53675.455530    15.286     0.020
        53675.467555    15.066     0.017
        53675.480000    14.944     0.015
        53675.492832    14.866     0.015
        53681.475115    14.886     0.026
        53681.488537    14.974     0.015
        53681.502129    15.153     0.017
        53703.393426    15.413     0.022
        53703.406313    15.215     0.018
        53703.420746    14.987     0.015
        53703.433906    14.915     0.015
        53703.447158    14.843     0.013
        53706.404737    15.048     0.015
        53706.418609    15.329     0.018
        53706.431409    15.572     0.033
        53706.444333    15.327     0.072
        53706.457598    15.099     0.017
        53709.375934    14.893     0.015
        53709.388691    14.833     0.013
        53709.401427    14.845     0.013
        53709.414097    14.843     0.015
        53709.427059    14.885     0.015
        53714.388616    15.347     0.020
        53714.401576    15.393     0.020
        53714.414538    15.147     0.017
        53714.427336    14.990     0.015
        53714.440089    14.902     0.013
        53733.331507    14.967     0.015
        53733.344656    15.167     0.017
        53733.357483    15.399     0.022
        53733.370136    15.494     0.024
        53733.382803    15.291     0.020
        53740.339322    15.153     0.017
        53740.352279    14.981     0.013
        53740.365099    14.909     0.013
        53740.377868    14.842     0.013
        53740.390714    14.824     0.013
        53770.222165    14.830     0.013
        53770.235235    14.823     0.013
        53770.248234    14.873     0.013
        53770.261395    14.948     0.013
        53770.274427    15.082     0.015
        53772.282594    14.908     0.015
        53772.295338    15.004     0.015
        53772.308135    15.182     0.018
        53772.320783    15.431     0.024
        53772.333529    15.410     0.022
        53773.283436    14.795     0.015
        53773.297001    14.855     0.015
        53773.309872    14.983     0.017
        53773.322727    15.234     0.022
        53773.335559    15.470     0.028
        53774.216862    15.439     0.039
        53774.242670    14.991     0.028
        53774.255693    14.915     0.020
        53774.269197    14.852     0.017
        53787.242620    15.497     0.020
        53788.349505    14.874     0.013
        53788.361685    14.895     0.015
        53788.385817    15.255     0.020
        53788.398010    15.464     0.026
        53794.293227    14.843     0.015
        53794.316867    15.090     0.015
        53813.249035    14.820     0.017
        53813.260124    14.848     0.017
        53813.271346    14.927     0.018
        53813.282411    15.000     0.022
        53813.293899    15.147     0.026
        53817.281421    14.820     0.015
        53817.292263    14.782     0.015
        53817.303109    14.797     0.017
        53817.314164    14.835     0.018
        53817.325093    14.872     0.018
        53818.224379    15.303     0.022
        53818.234928    15.495     0.028
        53818.245470    15.450     0.026
        53818.256032    15.251     0.022
        53818.266636    15.014     0.018
        53823.197223    14.973     0.015
        53823.209241    14.894     0.015
        53823.222445    14.834     0.015
        53823.234332    14.797     0.013
        53823.246504    14.829     0.013
        53825.225032    14.926     0.017
        53825.235404    14.871     0.015
        53825.245782    14.834     0.015
        53825.256166    14.794     0.015
        53825.266550    14.780     0.015
        53829.175012    14.846     0.020
        53829.185801    14.847     0.022
        53829.195938    14.894     0.020
        53829.206076    14.912     0.024
        53844.180165    15.295     0.024
        53844.190406    15.062     0.020
        53844.200680    14.967     0.018
        53844.210950    14.913     0.018
        53844.221232    14.898     0.018
        53848.184562    14.948     0.020
        53848.195170    15.028     0.022
        53848.205842    15.237     0.026
        53848.216511    15.391     0.031
        53848.227156    15.378     0.031
        53849.191038    14.893     0.017
        53849.201829    14.978     0.018
        53849.212715    15.087     0.020
        53849.223641    15.336     0.026
        53849.234754    15.551     0.031
        53852.146114    15.278     0.022
        53852.156576    15.046     0.020
        53852.167097    14.956     0.018
        53852.177625    14.906     0.018
        53852.188357    14.885     0.018
        53853.137078    15.356     0.035
        53853.150628    15.427     0.038
        53853.161791    15.246     0.031
        53853.172643    15.037     0.025
        53855.146947    15.021     0.018
        53855.157254    15.180     0.022
        53855.167512    15.418     0.028
        53855.178447    15.410     0.028
        53855.188788    15.260     0.024
        53858.141609    14.772     0.022
        54027.449695    14.808     0.018
        54027.461417    14.795     0.018
        54027.487690    14.929     0.018
        54027.499214    15.079     0.021
        54029.432662    15.020     0.023
        54029.445461    14.911     0.021
        54029.458028    14.822     0.020
        54029.469883    14.815     0.018
        54029.481815    14.774     0.018
        54037.434186    14.778     0.015
        54037.446996    15.227     0.021
        54037.458969    15.065     0.018
        54042.451194    15.290     0.043
        54042.463634    15.097     0.033
        54042.476206    14.935     0.026
        54042.488679    15.150     0.033
        54054.361961    14.859     0.015
        54054.373362    14.857     0.015
        54054.384736    14.836     0.015
        54054.396117    14.874     0.015
        54054.407499    14.915     0.015
        54055.412140    14.836     0.013
        54055.423813    14.897     0.013
        54055.435480    14.958     0.015
        54055.447148    15.097     0.017
        54055.458820    15.319     0.020
        54056.380223    14.898     0.016
        54056.394235    14.838     0.016
        54056.408397    14.806     0.015
        54056.421646    14.791     0.015
        54056.434207    14.848     0.015
        54058.375983    15.453     0.022
        54058.388206    15.175     0.017
        54058.400466    14.988     0.015
        54058.412718    14.914     0.013
        54058.424947    14.873     0.013
        54061.376740    15.001     0.015
        54061.389657    15.193     0.017
        54061.402100    15.392     0.020
        54061.414539    15.414     0.020
        54061.426994    15.174     0.017
        54066.385691    14.855     0.023
        54066.392515    14.814     0.013
        54066.404708    14.807     0.015
        54066.411728    14.835     0.025
        54066.417348    14.826     0.017
        54070.382680    15.445     0.026
        54070.395626    15.377     0.024
        54070.408855    15.133     0.017
        54070.421918    15.027     0.015
        54070.434870    14.876     0.013
        54084.332191    14.897     0.018
        54084.345212    14.819     0.018
        54084.358375    14.802     0.016
        54084.371539    14.776     0.016
        54084.384752    14.856     0.016
        54084.393646    14.916     0.015
        54084.411659    15.139     0.017
        54084.428788    15.461     0.022
        54084.445405    15.347     0.030
        54084.462064    15.032     0.017
        54087.395683    14.821     0.015
        54087.408693    14.758     0.024
        54087.421704    14.847     0.022
        54087.434716    14.868     0.020
        54087.447731    14.979     0.015
        54098.322763    15.294     0.022
        54098.334372    15.494     0.026
        54098.346025    15.422     0.022
        54098.357787    15.177     0.018
        54110.326922    14.955     0.021
        54110.339529    15.223     0.026
        54110.352107    15.420     0.030
        54110.364675    15.373     0.030
        54110.377318    15.160     0.025
        54121.271870    14.899     0.017
        54121.276601    14.842     0.013
        54121.284091    14.827     0.013
        54121.289120    14.804     0.013
        54121.296321    14.830     0.013
        54121.302340    14.800     0.013
        54121.308565    14.832     0.013
        54121.315216    14.864     0.013
        54121.320912    14.872     0.013
        54121.327806    14.956     0.015
        54124.268490    15.371     0.017
        54124.280845    15.160     0.015
        54124.293111    15.019     0.013
        54124.305371    14.925     0.011
        54124.317644    14.830     0.011
        54149.273550    14.884     0.013
        54149.285346    14.973     0.015
        54149.297175    15.169     0.016
        54149.308950    15.433     0.021
        54149.320740    15.525     0.023
        54175.217695    15.076     0.013
        54175.228225    15.273     0.017
        54175.238867    15.447     0.018
        54175.249432    15.415     0.018
        54175.260074    15.222     0.017
        54206.176024    14.821     0.016
        54206.185206    14.852     0.016
        54206.194426    14.892     0.016
        54206.203824    14.939     0.018
        54206.213328    15.042     0.020
        54207.175593    14.808     0.013
        54207.184746    14.774     0.013
        54207.193894    14.800     0.013
        54207.203379    14.864     0.015
        54207.212552    14.894     0.015
        54210.176059    15.041     0.015
        54210.184965    14.939     0.013
        54210.193874    14.883     0.013
        54210.202758    14.843     0.013
        54210.211638    14.805     0.011
        54388.429431    15.374     0.022
        54388.440789    15.438     0.024
        54388.452101    15.281     0.018
        54388.463476    15.060     0.015
        54388.474768    14.956     0.013
        54410.434121    15.270     0.024
        54410.446458    15.485     0.035
        54410.458650    15.388     0.033
        54410.470854    15.166     0.026
        54410.483140    14.983     0.015
        54422.410540    14.863     0.009
        54422.423195    14.899     0.009
        54422.435730    14.995     0.011
        54422.448275    15.183     0.011
        54422.460832    15.452     0.015
        54424.331193    15.136     0.018
        54424.343774    15.401     0.020
        54424.356359    15.435     0.020
        54424.368958    15.195     0.015
        54424.381519    15.017     0.011
        54440.405939    15.173     0.011
        54440.418852    15.459     0.013
        54440.431931    15.444     0.013
        54440.445006    15.213     0.011
        54440.457929    15.012     0.009
        54444.383146    14.916     0.011
        54444.396179    14.840     0.011
        54444.409175    14.848     0.009
        54444.435173    14.895     0.022
        54454.264460    14.905     0.015
        54454.277558    14.912     0.015
        54454.290647    14.933     0.013
        54454.303730    15.102     0.015
        54454.316818    15.364     0.018
        54465.461999    15.165     0.015
        54465.474900    15.401     0.018
        54465.487812    15.353     0.017
        54465.500719    15.119     0.013
        54465.513635    14.939     0.013
        54474.329629    15.330     0.041
        54474.355757    14.958     0.020
        54474.368728    14.866     0.015
        54474.381709    14.858     0.013
        54508.233230    15.032     0.009
        54508.245387    14.943     0.009
        54508.257623    14.872     0.009
        54508.270141    14.824     0.011
        54508.282426    14.823     0.013
        54523.281526    15.296     0.011
        54523.293277    15.050     0.009
        54523.304857    14.882     0.009
        54523.316455    14.820     0.009
        54523.328213    14.809     0.009
        54537.162662    15.430     0.015
        54537.173723    15.498     0.020
        54537.184660    15.224     0.022
        54537.195586    15.100     0.009
        54537.206542    14.980     0.009
        54554.238586    15.103     0.013
        54554.250491    15.342     0.013
        54554.262427    15.489     0.015
        54554.274546    15.252     0.013
        54554.286458    15.054     0.011
        54564.186340    14.839     0.009
        54564.197716    14.846     0.009
        54564.208994    14.900     0.009
        54564.220450    14.969     0.011
        54564.231730    15.093     0.013
        54574.182098    14.737     0.022
        54574.192738    14.769     0.024
        54574.203257    14.838     0.026
        54574.213877    14.915     0.028
        54574.224424    14.973     0.031
        54582.143800    14.851     0.015
        54582.154322    14.846     0.013
        54582.165189    14.885     0.015
        54582.175679    14.971     0.015
        54582.186180    15.015     0.017
        54585.144938    14.946     0.030
        54585.155693    14.892     0.030
        54585.188057    14.738     0.052
        54592.141684    14.810     0.011
        54592.152106    14.832     0.013
        54592.162523    14.846     0.013
        54592.172959    14.955     0.015
        54592.183385    15.053     0.017
