        52620.412738    16.337     0.061
        52620.428540    16.426     0.057
        52620.443739    16.433     0.057
        52693.261359    16.496     0.048
        52693.276686    16.578     0.052
        52693.293287    16.637     0.055
        52693.308881    16.709     0.057
        52693.324365    16.682     0.061
        52721.180997    16.554     0.052
        52721.193802    16.640     0.057
        52721.206566    16.726     0.057
        52721.219439    16.683     0.055
        52721.232188    16.657     0.055
        52750.133395    16.517     0.098
        52750.143987    16.474     0.061
        52750.154594    16.580     0.057
        52750.165212    16.596     0.061
        52750.175817    16.714     0.068
        52770.146789    16.522     0.124
        52770.158467    16.410     0.112
        52770.170037    16.395     0.112
        52770.181652    16.359     0.111
        52770.193158    16.397     0.114
        52927.442553    16.608     0.159
        52927.454416    16.634     0.159
        52927.466073    16.437     0.131
        52927.477551    16.397     0.124
        52948.391030    16.486     0.078
        52948.403102    16.774     0.096
        52948.415217    16.757     0.089
        52948.427235    16.767     0.081
        52948.439314    16.656     0.072
        52978.350026    16.516     0.079
        52978.370325    16.372     0.068
        52978.385474    16.398     0.069
        52978.398457    16.373     0.066
        52978.414133    16.399     0.066
        52988.305331    16.532     0.066
        52988.316790    16.451     0.061
        52988.328298    16.452     0.061
        52988.340253    16.328     0.053
        52988.351830    16.379     0.056
        53008.286128    16.374     0.073
        53008.300534    16.443     0.078
        53045.216533    16.447     0.059
        53045.227818    16.398     0.059
        53045.239192    16.435     0.059
        53045.250378    16.348     0.055
        53045.261945    16.418     0.061
        53065.218440    16.606     0.070
        53065.230376    16.723     0.081
        53065.242349    16.664     0.074
        53065.254067    16.599     0.068
        53065.265617    16.602     0.070
        53108.191111    16.591     0.065
        53108.202311    16.449     0.059
        53108.213594    16.377     0.055
        53108.224870    16.344     0.054
        53108.236168    16.336     0.055
        53125.146821    16.504     0.161
        53125.156825    16.318     0.133
        53125.167542    16.645     0.192
        53125.177837    16.783     0.242
        53125.188204    16.714     0.296
        53134.150211    16.376     0.065
        53134.159679    16.484     0.080
        53134.169156    16.454     0.070
        53134.178640    16.389     0.068
        53134.188123    16.592     0.083
        53263.406312    16.373     0.067
        53263.429682    16.423     0.061
        53263.453108    16.593     0.070
        53290.433392    16.675     0.099
        53290.455708    16.844     0.109
        53290.466889    16.748     0.099
        53303.431911    16.446     0.083
        53303.443777    16.540     0.083
        53303.455640    16.606     0.080
        53303.479459    16.938     0.185
        53312.377514    16.690     0.152
        53312.389707    16.583     0.135
        53312.401753    16.569     0.133
        53312.413793    16.348     0.107
        53312.425854    16.375     0.107
        53319.400303    16.571     0.068
        53319.412396    16.650     0.072
        53319.424484    16.753     0.080
        53319.436593    16.587     0.068
        53319.448682    16.509     0.061
        53329.438107    16.441     0.057
        53329.450512    16.490     0.061
        53329.463340    16.441     0.059
        53329.475692    16.417     0.057
        53329.488049    16.455     0.059
        53349.397242    16.317     0.059
        53349.409341    16.329     0.061
        53349.423214    16.445     0.067
        53349.435799    16.443     0.068
        53349.447876    16.595     0.078
        53355.431373    16.650     0.063
        53355.444262    16.793     0.072
        53355.457120    16.699     0.065
        53359.326836    16.472     0.064
        53359.342920    16.479     0.059
        53359.358964    16.394     0.049
        53359.374994    16.417     0.051
        53359.391129    16.538     0.061
        53461.179479    16.418     0.055
        53461.189864    16.524     0.063
        53461.200185    16.495     0.059
        53461.210682    16.657     0.070
        53461.221281    16.749     0.076
        53489.146053    16.753     0.078
        53489.156381    16.722     0.083
        53489.166514    16.612     0.078
        53489.187021    16.633     0.266
        53686.390080    16.352     0.061
        53686.415248    16.597     0.061
        53686.427881    16.682     0.061
        53686.440378    16.694     0.059
        53725.335737    16.384     0.080
        53725.348883    16.352     0.061
        53725.361931    16.552     0.070
        53725.375042    16.642     0.078
        53725.388049    16.702     0.085
        53755.277931    16.881     0.117
        53755.290643    16.678     0.081
        53755.303378    16.570     0.074
        53755.316271    16.422     0.065
        53755.328932    16.355     0.059
        53775.287506    16.375     0.087
        53775.300047    16.329     0.083
        53775.312888    16.442     0.093
        53775.321698    16.461     0.102
        53775.326184    16.362     0.085
        53775.335647    16.523     0.096
        53775.339706    16.577     0.105
        53775.349653    16.519     0.124
        53775.377744    16.504     0.140
        53858.144784    16.739     0.122
        53858.155291    16.774     0.198
        53858.165784    16.758     0.196
        53864.163983    16.738     0.200
        53864.173641    16.595     0.177
        53876.150117    16.431     0.101
        53876.160924    16.363     0.094
        53876.171975    16.396     0.091
        53876.183031    16.408     0.096
        53994.446416    16.787     0.134
        53994.459120    16.693     0.132
        53994.471261    16.594     0.116
        54021.428919    16.758     0.165
        54050.372503    16.641     0.091
        54050.384685    16.602     0.083
        54050.396879    16.603     0.087
        54050.409089    16.601     0.094
        54050.421289    16.559     0.089
        54079.340209    16.364     0.078
        54079.352114    16.573     0.093
        54126.266112    16.724     0.089
        54126.277986    16.835     0.112
        54126.313688    16.590     0.092
        54139.267500    16.489     0.058
        54139.279287    16.506     0.063
        54139.290731    16.566     0.097
        54139.302184    16.684     0.097
        54157.256283    16.944     0.152
        54157.267603    16.898     0.147
        54167.240429    16.573     0.087
        54167.251649    16.450     0.081
        54167.262736    16.422     0.086
        54167.273924    16.354     0.099
        54406.421073    16.592     0.087
        54406.433813    16.489     0.083
        54406.448008    16.458     0.079
        54406.460429    16.433     0.078
        54406.472061    16.459     0.078
        54418.435264    16.438     0.049
        54418.447315    16.534     0.051
        54418.459711    16.566     0.054
        54418.471738    16.616     0.056
        54418.483834    16.757     0.064
        54436.381526    16.474     0.066
        54436.393900    16.450     0.056
        54436.407501    16.663     0.076
        54436.419900    16.674     0.071
        54436.432247    16.677     0.068
        54465.322836    16.384     0.068
        54465.335242    16.383     0.068
        54465.347712    16.412     0.069
        54465.360108    16.451     0.073
        54465.372701    16.482     0.076
        54483.269370    16.475     0.083
        54483.281587    16.493     0.086
        54483.293849    16.380     0.074
        54483.306030    16.554     0.087
        54483.318289    16.609     0.091
        54496.339418    16.555     0.068
        54496.351696    16.656     0.074
        54496.366130    16.863     0.089
        54496.378832    16.878     0.092
        54496.390833    16.730     0.079
        54524.220749    16.497     0.068
        54524.232139    16.500     0.059
        54524.243629    16.582     0.071
        54524.255263    16.733     0.101
        54524.266915    16.873     0.104
        54539.206805    16.456     0.083
        54539.217649    16.433     0.081
        54539.228199    16.437     0.079
        54539.238741    16.476     0.084
        54539.249591    16.525     0.087
        54571.183965    16.823     0.167
        54571.195090    16.754     0.158
        54571.206096    16.744     0.157
        54571.217032    16.569     0.135
        54571.227956    16.557     0.137
        54587.146186    16.639     0.122
        54587.156257    16.761     0.139
        54587.166444    16.497     0.114
        54587.178118    16.559     0.122
