        52638.470178    14.773     0.056
        52638.485178    14.850     0.035
        52638.516179    14.914     0.020
        52650.367876    14.708     0.011
        52650.381985    14.719     0.011
        52650.396147    14.734     0.011
        52650.410307    14.779     0.011
        52650.424435    14.771     0.011
        52665.398826    14.593     0.013
        52665.413686    14.642     0.013
        52665.429059    14.689     0.015
        52665.444370    14.696     0.015
        52665.458692    14.801     0.012
        52665.459069    14.725     0.015
        52677.410323    14.750     0.012
        52677.410965    14.632     0.018
        52677.426094    14.695     0.020
        52677.440985    14.620     0.028
        52677.455953    14.650     0.020
        52680.420923    14.950     0.010
        52680.421945    14.831     0.013
        52680.436837    14.710     0.013
        52680.451721    14.625     0.012
        52680.466468    14.596     0.012
        52680.482573    14.552     0.012
        52696.396601    14.560     0.009
        52696.410330    14.587     0.009
        52696.423978    14.607     0.009
        52701.443132    14.544     0.015
        52701.462492    14.562     0.013
        52701.481505    14.593     0.015
        52701.511650    14.644     0.020
        52712.309946    14.669     0.017
        52712.336563    14.723     0.017
        52712.349532    14.716     0.015
        52712.362451    14.728     0.015
        52723.328583    14.895     0.026
        52752.238652    14.803     0.011
        52752.248913    14.801     0.011
        52752.259192    14.812     0.011
        52752.269486    14.826     0.013
        52752.279778    14.838     0.013
        52825.210609    14.620     0.016
        52977.457165    14.879     0.015
        52977.469453    14.949     0.015
        52977.481887    14.954     0.015
        52977.494116    14.910     0.013
        52977.506360    14.858     0.011
        53024.445714    14.595     0.016
        53024.462658    14.594     0.016
        53035.410614    14.863     0.022
        53035.422882    14.810     0.011
        53035.435266    14.831     0.009
        53035.448306    14.834     0.011
        53035.460650    14.848     0.009
        53049.336856    14.804     0.009
        53049.348718    14.809     0.009
        53049.360582    14.832     0.009
        53049.372443    14.809     0.009
        53049.384307    14.851     0.009
        53094.304447    14.826     0.010
        53107.239973    14.537     0.010
        53107.250336    14.550     0.010
        53107.260804    14.558     0.010
        53122.246693    14.867     0.013
        53122.257046    14.811     0.011
        53122.267402    14.747     0.011
        53122.277752    14.609     0.009
        53122.288424    14.640     0.009
        53136.238803    14.434     0.012
        53136.265522    14.434     0.012
        53153.210224    14.886     0.015
        53153.219174    14.867     0.015
        53153.228039    14.771     0.015
        53153.236801    14.719     0.013
        53153.245561    14.613     0.013
        53164.224275    14.691     0.013
        53164.234946    14.680     0.013
        53164.244535    14.700     0.013
        53178.176631    14.709     0.009
        53178.186770    14.722     0.011
        53178.196983    14.750     0.011
        53178.207062    14.741     0.011
        53178.217142    14.729     0.011
        53341.473538    14.846     0.025
        53341.487337    14.849     0.023
        53341.500344    14.876     0.023
        53341.512876    14.874     0.023
        53358.467587    14.844     0.013
        53358.480225    14.864     0.011
        53358.492856    14.845     0.011
        53358.505490    14.830     0.011
        53358.525085    14.841     0.011
        53441.392611    14.888     0.011
        53441.403515    14.901     0.011
        53441.414492    14.908     0.011
        53441.425950    14.917     0.011
        53441.436851    14.910     0.013
        53474.298246    14.933     0.013
        53474.311999    14.896     0.013
        53474.325448    14.821     0.011
        53474.335445    14.745     0.011
        53474.345771    14.640     0.011
        53498.217253    14.819     0.028
        53498.227348    14.801     0.022
        53498.237837    14.837     0.015
        53498.248324    14.869     0.013
        53499.212068    14.648     0.011
        53499.222861    14.645     0.011
        53499.232936    14.652     0.011
        53499.254435    14.694     0.011
        53521.207999    14.464     0.022
        53521.228639    14.494     0.013
        53521.238984    14.529     0.020
        53521.249294    14.534     0.015
        53538.176018    14.723     0.028
        53538.185785    14.650     0.026
        53538.195333    14.600     0.026
        53538.204902    14.571     0.024
        53538.214508    14.540     0.024
        53551.184645    14.813     0.015
        53551.194578    14.796     0.015
        53551.204732    14.802     0.015
        53551.214642    14.863     0.015
        53741.469945    14.807     0.009
        53741.483282    14.807     0.009
        53741.496875    14.822     0.009
        53741.509786    14.834     0.009
        53741.522711    14.836     0.009
        53771.462757    13.935     0.218
        53786.377948    14.737     0.018
        53786.404375    14.720     0.040
        53843.262051    14.798     0.013
        53843.285041    14.814     0.015
        53843.307928    14.816     0.015
        53854.241790    14.563     0.015
        53854.251860    14.577     0.013
        53854.261814    14.506     0.013
        53882.233453    14.601     0.013
        53886.223292    14.826     0.017
        53886.234162    14.814     0.017
        53886.245056    14.827     0.017
        53886.255968    14.815     0.017
        53886.266873    14.829     0.018
        53903.175900    14.704     0.018
        53903.185942    14.719     0.018
        53903.196165    14.714     0.017
        53903.206445    14.719     0.017
        53903.216603    14.733     0.017
        53932.199147    14.659     0.030
        53932.209874    14.671     0.028
        54068.465067    14.927     0.016
        54068.518175    14.581     0.016
        54085.466291    14.849     0.018
        54085.479219    14.831     0.016
        54085.492198    14.864     0.016
        54085.505375    14.865     0.016
        54085.518314    14.868     0.016
        54123.385641    14.832     0.009
        54123.397994    14.866     0.009
        54123.410285    14.887     0.009
        54123.422815    14.910     0.009
        54123.435340    14.879     0.009
        54156.320920    14.875     0.015
        54156.331925    14.880     0.015
        54156.343004    14.817     0.015
        54156.354155    14.744     0.013
        54156.365324    14.668     0.012
        54201.280944    14.525     0.007
        54201.290865    14.492     0.007
        54201.301152    14.444     0.007
        54201.310997    14.450     0.007
        54201.320703    14.460     0.007
        54207.275110    14.756     0.013
        54207.284735    14.781     0.021
        54207.294250    14.831     0.025
        54216.223551    14.844     0.017
        54216.232202    14.834     0.017
        54216.240850    14.807     0.017
        54216.249503    14.832     0.017
        54216.258157    14.826     0.017
        54508.360319    14.906     0.015
        54508.373017    14.924     0.015
        54508.385058    14.923     0.015
        54508.397161    14.899     0.015
        54508.409432    14.899     0.015
        54543.285970    14.461     0.021
        54543.296741    14.468     0.021
        54543.309257    14.478     0.021
        54543.320165    14.452     0.021
        54543.330792    14.465     0.023
        54561.238581    14.801     0.020
        54561.250201    14.812     0.020
        54561.261730    14.817     0.020
        54561.274286    14.816     0.023
        54561.285710    14.828     0.026
        54573.264818    14.770     0.020
        54573.275554    14.796     0.020
        54573.286307    14.768     0.020
        54613.207041    14.831     0.021
        54613.217860    14.833     0.021
        54613.228186    14.823     0.021
        54613.238473    14.867     0.023
        54613.248832    14.847     0.023
