        52640.467109    16.515     0.058
        52640.481987    16.619     0.063
        52640.496893    16.640     0.061
        52640.511740    16.652     0.059
        52643.487752    16.532     0.054
        52643.504239    16.514     0.054
        52667.458737    16.708     0.078
        52667.473971    16.729     0.081
        52670.432474    16.497     0.063
        52670.447036    16.525     0.064
        52670.461627    16.584     0.069
        52670.476301    16.494     0.064
        52670.490949    16.665     0.074
        52676.363708    17.035     0.111
        52676.379529    17.000     0.104
        52676.395028    16.971     0.093
        52676.413361    17.134     0.102
        52676.430629    16.993     0.089
        52703.316055    16.741     0.099
        52703.338038    16.851     0.089
        52703.356213    16.624     0.153
        52703.371841    16.528     0.099
        52707.374840    16.701     0.055
        52707.388014    16.637     0.054
        52707.401209    16.644     0.055
        52707.415253    16.722     0.063
        52707.428550    16.692     0.061
        52730.300471    16.887     0.081
        52730.312487    16.844     0.076
        52730.324504    16.851     0.076
        52730.336526    16.666     0.064
        52730.349315    16.851     0.083
        52738.294299    16.655     0.059
        52738.307593    16.723     0.061
        52738.319103    16.772     0.061
        52738.330583    16.794     0.061
        52738.342479    16.823     0.063
        52755.263614    16.829     0.072
        52755.275620    16.906     0.076
        52755.287576    16.765     0.070
        52755.299455    16.726     0.070
        52755.311331    16.721     0.072
        52761.209031    16.569     0.080
        52761.221064    16.682     0.124
        52761.233221    16.700     0.081
        52761.245233    16.734     0.068
        52761.257319    16.696     0.061
        52768.212923    16.684     0.094
        52768.224760    16.715     0.098
        52768.236821    16.686     0.094
        52768.248583    16.630     0.091
        52768.260505    16.581     0.087
        52789.216134    16.749     0.089
        52791.262880    16.227     0.066
        52816.171930    16.437     0.094
        52816.182260    16.481     0.091
        52816.192338    16.498     0.089
        52816.202621    16.424     0.096
        52823.191320    16.499     0.086
        52823.201315    16.430     0.086
        52987.472762    16.528     0.134
        53000.503058    16.834     0.043
        53000.516125    16.905     0.046
        53000.529191    16.925     0.046
        53033.396596    16.888     0.083
        53033.408841    16.764     0.065
        53033.421353    16.650     0.057
        53033.433448    16.736     0.063
        53033.445614    16.648     0.068
        53053.405271    16.594     0.050
        53053.417062    16.693     0.070
        53053.428767    16.579     0.061
        53053.440478    16.487     0.068
        53053.452828    16.496     0.076
        53062.357909    16.447     0.086
        53062.370434    16.458     0.049
        53062.383476    16.453     0.056
        53062.395522    16.378     0.074
        53062.407520    16.490     0.079
        53079.316830    16.924     0.068
        53079.327633    16.986     0.072
        53079.338318    16.913     0.070
        53079.349087    16.966     0.076
        53079.360169    17.045     0.081
        53087.336359    16.633     0.039
        53087.346789    16.701     0.043
        53087.357349    16.647     0.041
        53087.367966    16.621     0.041
        53087.378565    16.715     0.046
        53110.244919    16.693     0.070
        53110.256002    16.685     0.068
        53110.267142    16.501     0.054
        53110.278220    16.610     0.061
        53110.289397    16.613     0.061
        53138.207840    16.970     0.072
        53138.217695    16.937     0.068
        53138.227453    16.927     0.068
        53138.237175    16.970     0.074
        53138.246902    16.855     0.072
        53148.204998    16.759     0.065
        53148.213947    16.815     0.068
        53148.222900    16.761     0.070
        53148.231856    16.806     0.072
        53148.240839    16.802     0.067
        53166.185129    16.862     0.085
        53166.194480    16.859     0.091
        53166.203859    16.822     0.083
        53166.213218    16.963     0.094
        53166.222581    16.945     0.093
        53175.175546    16.882     0.068
        53175.185528    16.853     0.059
        53175.195570    16.914     0.063
        53175.205492    16.838     0.059
        53175.215417    16.943     0.070
        53346.474720    16.988     0.163
        53346.486923    16.524     0.111
        53346.499218    17.811     0.384
        53348.490784    17.042     0.173
        53348.504637    16.427     0.083
        53348.518619    16.559     0.083
        53351.501232    16.599     0.094
        53351.515628    16.640     0.094
        53351.529944    16.595     0.092
        53404.439745    16.666     0.073
        53404.452807    16.715     0.078
        53404.465772    16.747     0.084
        53404.478526    16.867     0.096
        53447.352650    16.602     0.054
        53447.363481    16.647     0.055
        53447.373878    16.653     0.130
        53447.384720    16.767     0.059
        53447.396104    16.711     0.057
        53468.386165    16.642     0.068
        53468.395771    16.621     0.074
        53468.405339    16.622     0.070
        53468.414921    16.714     0.078
        53468.424497    16.662     0.078
        53503.234879    16.834     0.074
        53503.243513    16.865     0.076
        53503.252410    16.961     0.085
        53503.261450    16.957     0.080
        53503.270670    16.915     0.081
        53522.213473    16.681     0.078
        53522.223711    16.710     0.076
        53522.233994    16.798     0.087
        53522.244198    16.815     0.091
        53522.254486    16.802     0.093
        53746.464235    16.545     0.087
        53746.476725    16.695     0.093
        53746.489348    16.599     0.078
        53746.501807    16.588     0.067
        53746.514329    16.592     0.059
        53790.353247    16.791     0.073
        53790.365100    16.762     0.071
        53790.376931    16.801     0.074
        53790.389004    16.812     0.078
        53790.400805    16.751     0.071
        53818.292086    16.573     0.059
        53818.303183    16.489     0.054
        53818.314303    16.631     0.061
        53818.325390    16.608     0.059
        53818.336439    16.509     0.053
        53845.268603    16.536     0.099
        53845.279845    16.760     0.097
        53845.291058    16.729     0.087
        53850.245675    16.365     0.063
        53850.256019    16.342     0.059
        53850.266343    16.462     0.068
        53850.276646    16.508     0.071
        53850.287050    16.519     0.076
        53881.212059    16.945     0.102
        53881.222059    16.947     0.106
        53881.232167    17.019     0.114
        53881.242310    16.935     0.106
        53881.252320    17.037     0.122
        53884.217246    16.644     0.081
        53884.228829    16.672     0.085
        53884.240402    16.729     0.091
        53884.251984    16.679     0.089
        53884.263576    16.659     0.091
        53886.208824    16.868     0.104
        53886.218846    16.767     0.094
        53886.228929    16.815     0.099
        53886.239135    16.924     0.109
        53886.249104    16.844     0.106
        53901.191734    16.938     0.152
        53901.201752    16.969     0.154
        53910.168016    17.120     0.150
        53910.178261    17.122     0.157
        53910.188550    17.157     0.161
        53910.198756    17.192     0.161
        53910.208977    17.190     0.209
        53911.219530    16.634     0.236
        53914.172578    16.732     0.172
        53914.183046    16.653     0.137
        54152.347046    17.080     0.068
        54152.359009    17.153     0.074
        54152.371405    17.138     0.074
        54152.385494    17.112     0.072
        54152.398300    17.117     0.072
        54173.318673    16.691     0.066
        54173.329497    16.725     0.073
        54173.340207    16.757     0.071
        54173.350838    16.757     0.071
        54173.361634    16.750     0.069
        54185.280335    16.307     0.074
        54185.290666    16.810     0.144
        54200.275794    17.011     0.163
        54200.285375    16.849     0.111
        54450.464651    16.873     0.061
        54450.477802    16.760     0.050
        54450.490988    16.655     0.043
        54450.504152    16.602     0.041
        54450.517318    16.568     0.039
        54476.460353    16.908     0.048
        54476.473374    16.925     0.048
        54476.486278    17.046     0.052
        54476.499193    17.004     0.050
        54476.512093    17.029     0.052
        54509.340124    16.996     0.057
        54509.352174    17.022     0.055
        54509.364214    17.020     0.054
        54509.376255    16.905     0.048
        54509.388342    16.921     0.048
        54532.334702    17.109     0.061
        54532.346110    16.962     0.054
        54532.357426    17.100     0.061
        54532.368676    16.958     0.061
        54532.379939    16.959     0.054
        54535.450939    17.032     0.086
        54535.461827    17.115     0.092
        54535.472708    17.152     0.097
        54535.483587    17.169     0.106
        54535.494715    17.061     0.094
        54538.313485    16.633     0.039
        54538.324606    16.662     0.041
        54538.335701    16.628     0.039
        54538.346847    16.692     0.041
        54538.357873    16.711     0.041
        54558.236649    16.885     0.118
        54558.248236    16.691     0.152
        54558.259804    16.926     0.109
        54558.271505    16.732     0.065
        54558.283082    16.964     0.115
        54580.252392    17.123     0.142
        54580.262742    17.148     0.152
        54580.273007    17.114     0.145
        54580.283245    17.323     0.185
        54580.293624    16.941     0.132
        54587.252161    17.048     0.080
        54587.262587    17.046     0.080
        54587.273122    17.044     0.085
        54587.283526    17.141     0.089
        54587.293914    17.070     0.085
        54591.238207    17.074     0.158
        54591.247792    16.889     0.129
        54591.257384    16.698     0.127
        54591.267003    16.670     0.125
        54591.276605    16.625     0.112
        54595.244833    16.549     0.057
        54595.254802    16.639     0.070
        54595.264785    16.680     0.063
        54595.274733    16.637     0.059
        54595.284709    16.663     0.057
        54611.201170    16.707     0.102
        54611.209589    16.755     0.109
        54611.217814    16.767     0.107
        54611.226028    16.790     0.114
        54611.234259    16.781     0.112
        54619.209090    16.924     0.131
        54619.219326    16.855     0.074
        54619.239870    16.977     0.087
        54619.250301    16.878     0.076
