        52644.490983    16.610     0.068
        52644.505889    16.763     0.093
        52644.520732    16.758     0.102
        52644.535947    16.709     0.072
        52648.402009    16.793     0.102
        52648.417062    16.732     0.091
        52648.431868    16.616     0.080
        52648.447134    16.634     0.072
        52648.462539    16.668     0.072
        52667.470186    16.628     0.070
        52667.485462    16.777     0.089
        52667.500664    16.786     0.083
        52667.515950    16.886     0.089
        52667.531268    16.773     0.081
        52671.465088    16.465     0.061
        52671.480660    16.728     0.068
        52671.496296    16.754     0.070
        52671.511712    16.818     0.074
        52674.403017    16.810     0.070
        52674.417008    16.735     0.070
        52674.431017    16.758     0.072
        52674.444981    16.610     0.063
        52674.458818    16.686     0.065
        52704.374110    16.672     0.067
        52704.387312    16.712     0.067
        52704.400596    16.805     0.072
        52704.413768    16.802     0.074
        52704.426858    16.755     0.072
        52708.375502    16.752     0.078
        52708.388620    16.833     0.084
        52708.401640    16.792     0.084
        52708.414828    16.721     0.081
        52708.427868    16.807     0.089
        52728.294996    16.654     0.059
        52728.307750    16.619     0.055
        52728.319949    16.648     0.061
        52728.333770    16.752     0.063
        52728.346328    16.848     0.070
        52731.314377    16.531     0.179
        52731.326347    16.664     0.113
        52731.338346    16.517     0.089
        52731.350358    16.701     0.081
        52737.310799    16.745     0.067
        52737.330820    16.670     0.059
        52737.342788    16.716     0.059
        52737.354726    16.606     0.055
        52737.366933    16.584     0.055
        52756.252370    16.683     0.068
        52756.264315    16.692     0.070
        52756.276249    16.705     0.072
        52756.288191    16.672     0.067
        52756.300226    16.784     0.078
        52760.209385    16.772     0.067
        52760.221314    16.683     0.061
        52760.233244    16.559     0.055
        52760.245186    16.494     0.061
        52760.257112    16.590     0.061
        52764.151658    16.616     0.046
        52764.164636    16.585     0.044
        52764.177479    16.587     0.046
        52764.190149    16.493     0.044
        52764.202514    16.425     0.041
        52789.217253    16.723     0.074
        52789.227545    16.806     0.081
        52789.237978    16.655     0.068
        52789.248285    16.601     0.065
        52789.258779    16.594     0.063
        52794.215485    16.599     0.078
        52794.225495    16.642     0.081
        52794.235564    16.623     0.081
        52794.245644    16.591     0.080
        52794.255732    16.694     0.094
        52816.171827    16.715     0.096
        52816.181610    16.788     0.107
        52816.192252    16.679     0.102
        52816.202104    16.603     0.109
        52816.211940    16.642     0.131
        52823.172113    16.478     0.268
        52823.182016    16.592     0.168
        52823.191960    16.705     0.098
        52823.201886    16.842     0.137
        52986.478587    16.532     0.096
        52986.491739    16.645     0.104
        52986.504692    16.530     0.087
        52986.517842    16.740     0.094
        52995.473753    16.618     0.054
        52995.487857    16.551     0.050
        52995.500985    16.544     0.050
        52995.514432    16.613     0.046
        52995.528156    16.608     0.046
        53000.482576    16.382     0.041
        53000.495459    16.381     0.037
        53000.508423    16.401     0.037
        53000.521443    16.500     0.039
        53000.534358    16.606     0.041
        53026.423122    16.522     0.067
        53026.437057    16.529     0.081
        53026.450073    16.694     0.111
        53026.464666    16.554     0.065
        53026.477498    16.671     0.087
        53032.399531    16.670     0.065
        53032.411822    16.434     0.055
        53032.424011    16.525     0.057
        53032.436382    16.396     0.055
        53032.448573    16.373     0.052
        53054.377903    16.701     0.055
        53054.389905    16.710     0.055
        53054.402640    16.734     0.057
        53054.414574    16.624     0.055
        53054.428202    16.605     0.054
        53058.403305    16.573     0.061
        53058.415948    16.473     0.048
        53058.427906    16.496     0.044
        53058.439480    16.776     0.211
        53058.451030    16.481     0.041
        53080.338496    16.580     0.052
        53080.349973    16.538     0.052
        53080.361583    16.578     0.055
        53080.373082    16.657     0.057
        53080.384489    16.657     0.057
        53083.341267    16.432     0.043
        53083.352029    16.440     0.043
        53083.363391    16.439     0.041
        53083.374294    16.422     0.041
        53083.384998    16.407     0.046
        53086.358750    16.465     0.057
        53086.369477    16.417     0.054
        53086.380542    16.396     0.054
        53086.391539    16.348     0.055
        53092.334303    16.511     0.052
        53092.344797    16.533     0.052
        53092.354979    16.497     0.052
        53092.365160    16.558     0.054
        53114.304351    16.442     0.046
        53114.317751    16.510     0.044
        53114.329095    16.386     0.044
        53117.304295    16.683     0.054
        53117.314913    16.612     0.054
        53117.325478    16.548     0.052
        53117.336154    16.521     0.050
        53117.347312    16.454     0.050
        53139.205645    16.760     0.076
        53139.214952    16.851     0.080
        53139.224248    16.646     0.070
        53139.233553    16.677     0.068
        53139.243017    16.640     0.068
        53142.254207    16.538     0.054
        53142.263693    16.470     0.046
        53142.273182    16.511     0.050
        53142.282667    16.700     0.080
        53142.292276    16.755     0.220
        53146.213666    16.680     0.054
        53146.222843    16.618     0.052
        53146.231889    16.499     0.050
        53146.250013    16.512     0.046
        53169.175681    16.719     0.078
        53169.185803    16.741     0.080
        53169.195898    16.823     0.083
        53169.206001    16.814     0.083
        53169.216110    16.825     0.083
        53171.174642    16.569     0.057
        53171.184939    16.593     0.059
        53171.195156    16.524     0.057
        53171.205482    16.554     0.057
        53171.215872    16.542     0.063
        53174.175059    16.696     0.057
        53174.185131    16.655     0.054
        53174.195650    16.669     0.057
        53174.205884    16.533     0.052
        53174.216186    16.541     0.054
        53348.462689    16.662     0.102
        53348.475148    16.632     0.102
        53348.487604    16.764     0.118
        53348.501892    16.686     0.091
        53348.514619    16.658     0.081
        53354.458850    16.684     0.087
        53354.471622    16.557     0.072
        53354.485767    16.523     0.070
        53354.498593    16.621     0.072
        53354.511551    16.665     0.076
        53377.470970    16.599     0.065
        53377.483922    16.580     0.063
        53377.496869    16.577     0.065
        53377.509823    16.639     0.065
        53377.522776    16.738     0.068
        53382.510560    16.793     0.078
        53382.526615    16.530     0.061
        53382.541055    16.612     0.068
        53404.433561    16.537     0.070
        53404.445877    16.539     0.070
        53404.459329    16.671     0.070
        53404.472251    16.631     0.070
        53404.485952    16.692     0.076
        53433.416934    16.712     0.080
        53433.428288    16.787     0.087
        53433.440034    16.753     0.094
        53433.451235    16.571     0.085
        53433.462438    16.450     0.076
        53440.475297    16.686     0.083
        53440.485814    16.555     0.078
        53440.496955    16.664     0.087
        53465.336955    16.769     0.076
        53465.347714    16.816     0.078
        53465.359410    16.779     0.074
        53465.370852    16.724     0.072
        53465.381871    16.702     0.070
        53468.279404    16.704     0.144
        53468.288938    16.708     0.102
        53468.298914    16.689     0.144
        53469.281361    16.633     0.063
        53469.291343    16.653     0.063
        53469.302737    16.678     0.065
        53469.312694    16.710     0.067
        53469.322912    16.752     0.070
        53473.279287    16.593     0.068
        53473.290657    16.657     0.074
        53473.301082    16.666     0.076
        53473.312255    16.741     0.081
        53473.324215    16.788     0.087
        53479.293248    16.557     0.137
        53479.305526    16.323     0.115
        53479.315432    16.306     0.117
        53479.325265    16.571     0.131
        53493.298759    16.858     0.104
        53493.309103    16.733     0.096
        53493.319827    16.767     0.102
        53493.329890    16.693     0.089
        53493.340015    16.519     0.076
        53504.192694    16.728     0.091
        53504.201585    16.658     0.087
        53504.210839    16.675     0.087
        53504.219698    16.547     0.074
        53504.229267    16.499     0.076
        53526.237371    16.613     0.083
        53526.247707    16.557     0.080
        53526.258100    16.570     0.083
        53530.170397    16.730     0.091
        53530.180483    16.752     0.093
        53530.190314    16.814     0.098
        53530.200237    16.974     0.118
        53530.210101    16.864     0.109
        53733.459349    16.680     0.085
        53733.471993    16.567     0.074
        53791.418886    16.571     0.057
        53791.430702    16.586     0.061
        53791.442519    16.613     0.063
        53791.454343    16.590     0.061
        53791.466157    16.662     0.070
        53794.400910    16.708     0.061
        53794.412531    16.767     0.065
        53794.424156    16.767     0.067
        53794.435781    16.694     0.061
        53794.447416    16.585     0.055
        53797.303985    16.758     0.116
        53797.316522    16.756     0.064
        53797.328912    16.738     0.059
        53797.341382    16.704     0.059
        53797.353784    16.606     0.051
        53815.341551    16.756     0.102
        53815.352691    16.926     0.124
        53815.363836    16.656     0.098
        53815.375000    16.629     0.096
        53815.386162    16.602     0.096
        53818.336079    16.693     0.072
        53818.347351    16.829     0.081
        53818.359693    16.826     0.080
        53818.372405    16.758     0.074
        53818.384447    16.809     0.083
        53823.320667    16.846     0.080
        53823.322635    16.820     0.085
        53823.333475    16.695     0.072
        53823.335562    16.769     0.078
        53823.345829    16.694     0.070
        53823.347893    16.756     0.080
        53823.361822    16.587     0.065
        53823.363476    16.596     0.068
        53823.379858    16.593     0.065
        53825.334898    16.678     0.085
        53825.347435    16.908     0.192
        53825.372138    16.580     0.161
        53825.384201    16.706     0.218
        53829.315182    16.874     0.324
        53829.329009    16.526     0.098
        53829.342400    16.700     0.203
        53833.275331    16.730     0.107
        53833.285159    16.689     0.102
        53833.295585    16.702     0.104
        53833.305653    16.639     0.096
        53833.315637    16.713     0.109
        53846.241865    16.580     0.074
        53846.252498    16.631     0.076
        53846.263049    16.741     0.084
        53846.273773    16.820     0.091
        53846.284334    16.763     0.087
        53848.294219    16.641     0.093
        53848.304971    16.718     0.100
        53848.315629    16.619     0.094
        53848.326409    16.774     0.111
        53848.337310    16.822     0.113
        53849.301070    16.865     0.094
        53849.311849    16.824     0.093
        53849.322947    16.779     0.089
        53849.333720    16.702     0.091
        53849.344499    16.641     0.085
        53852.261972    16.759     0.094
        53852.272781    16.597     0.081
        53852.283162    16.681     0.089
        53852.294825    16.605     0.083
        53852.306222    16.678     0.089
        53855.253427    16.723     0.083
        53855.264044    16.901     0.096
        53855.275681    16.758     0.089
        53855.287079    16.785     0.089
        53855.297269    16.674     0.081
        53858.271020    16.648     0.250
        53858.282258    16.809     0.104
        53858.292420    16.737     0.098
        53880.218862    16.586     0.076
        53880.230062    16.701     0.084
        53880.241300    16.565     0.074
        53880.252558    16.596     0.076
        53880.263520    16.616     0.081
        53883.225474    16.785     0.100
        53883.236885    16.682     0.093
        53883.248391    16.597     0.085
        53883.259838    16.610     0.089
        53883.271267    16.541     0.091
        53884.214409    16.645     0.084
        53884.227140    16.603     0.081
        53884.252494    16.639     0.086
        53884.264764    16.686     0.091
        53905.166073    16.582     0.087
        53905.176090    16.627     0.093
        53905.186088    16.656     0.096
        53905.196098    16.709     0.104
        53905.206122    16.561     0.093
        53910.167031    16.883     0.135
        53910.177608    16.645     0.097
        53910.188171    16.772     0.107
        53910.198686    16.779     0.109
        53910.209203    16.811     0.173
        53911.201664    16.392     0.533
        53911.211986    16.920     0.594
        53911.222262    16.630     0.172
        54113.452474    16.660     0.111
        54113.478311    16.423     0.081
        54121.402929    16.690     0.079
        54121.415692    16.764     0.087
        54121.428263    16.819     0.094
        54121.440653    16.677     0.084
        54121.453420    16.680     0.083
        54124.409730    16.624     0.054
        54124.423742    16.625     0.054
        54124.436630    16.693     0.055
        54124.450450    16.625     0.050
        54124.463541    16.618     0.048
        54147.395700    16.709     0.079
        54147.407856    16.766     0.083
        54147.420100    16.742     0.081
        54147.432335    16.865     0.092
        54147.444448    16.752     0.083
        54149.395475    16.624     0.066
        54149.407175    16.651     0.066
        54149.420010    16.594     0.066
        54149.431721    16.708     0.071
        54149.443628    16.755     0.074
        54156.330072    16.667     0.065
        54156.341689    16.773     0.070
        54156.353210    16.725     0.063
        54156.364739    16.742     0.061
        54156.376271    16.735     0.059
        54175.327874    16.701     0.071
        54175.338661    16.715     0.073
        54175.349383    16.784     0.076
        54175.360199    16.730     0.074
        54175.370952    16.790     0.078
        54175.371556    16.783     0.063
        54175.382399    16.629     0.057
        54175.393235    16.669     0.059
        54175.404164    16.548     0.055
        54175.415113    16.551     0.054
        54198.272730    16.716     0.109
        54198.301653    16.446     0.195
        54207.271462    16.694     0.065
        54207.280646    16.723     0.068
        54207.289787    16.467     0.191
        54207.298945    16.593     0.290
        54210.267882    16.627     0.065
        54210.276883    16.591     0.063
        54210.285858    16.647     0.067
        54210.294853    16.686     0.072
        54210.303874    16.724     0.074
        54454.466486    16.656     0.059
        54454.479829    16.589     0.055
        54454.492865    16.468     0.050
        54454.505889    16.399     0.050
        54474.459470    16.449     0.154
        54474.472583    16.417     0.044
        54474.485637    16.401     0.043
        54474.498687    16.621     0.054
        54474.511723    16.616     0.048
        54483.439614    16.427     0.059
        54483.452515    16.480     0.057
        54508.413050    16.644     0.050
        54508.425154    16.520     0.046
        54508.437242    16.691     0.050
        54508.449392    16.473     0.046
        54508.461471    16.399     0.043
        54523.465887    16.485     0.055
        54523.477642    16.447     0.057
        54537.328799    16.810     0.266
        54537.339868    16.636     0.091
        54537.350850    16.654     0.141
        54537.361806    16.507     0.052
        54537.372781    16.453     0.052
        54543.260392    16.526     0.096
        54554.360799    16.640     0.044
        54554.372747    16.731     0.052
        54554.384684    16.720     0.055
        54554.396641    16.558     0.052
        54554.408656    16.659     0.055
        54564.299189    16.643     0.050
        54564.310583    16.533     0.044
        54564.321945    16.533     0.044
        54564.333292    16.438     0.041
        54564.344618    16.491     0.041
        54568.298361    16.830     0.092
        54568.309625    16.810     0.089
        54568.320659    16.745     0.083
        54568.331562    16.757     0.086
        54568.342446    16.717     0.086
        54585.292037    16.576     0.052
        54585.302368    16.694     0.122
        54585.312697    16.631     0.059
        54585.323053    16.693     0.063
        54585.333407    16.738     0.061
        54592.247650    16.736     0.065
        54592.258335    16.678     0.061
        54592.268802    16.586     0.059
        54592.279242    16.545     0.057
        54592.289660    16.475     0.054
        54615.216607    16.722     0.061
        54615.227328    16.747     0.067
        54615.237780    16.666     0.065
        54615.248217    16.772     0.068
        54615.258734    16.689     0.067
        54622.171551    16.452     0.196
        54622.181913    16.502     0.158
        54622.192004    16.450     0.155
        54622.202056    16.642     0.158
        54622.212344    16.511     0.142
