        52636.436261    14.455     0.011
        52636.450509    14.423     0.011
        52636.464600    14.471     0.011
        52636.478636    14.519     0.011
        52636.492746    14.530     0.011
        52653.458348    14.539     0.009
        52653.473652    14.527     0.009
        52653.488952    14.539     0.009
        52653.504320    14.569     0.009
        52653.519721    14.574     0.009
        52722.350572    14.778     0.011
        52722.363651    14.777     0.011
        52722.376200    14.776     0.011
        52722.389205    14.785     0.011
        52722.401742    14.776     0.011
        52751.260666    14.312     0.007
        52751.271368    14.346     0.007
        52751.282731    14.370     0.007
        52751.294366    14.425     0.009
        52751.307484    14.442     0.009
        52772.254725    14.776     0.028
        52772.266168    14.736     0.026
        52781.215101    14.677     0.011
        52781.236460    14.679     0.011
        52781.257820    14.694     0.011
        52801.212612    14.494     0.036
        52801.254634    14.446     0.036
        52809.177155    14.490     0.018
        52809.187127    14.501     0.013
        52809.197118    14.505     0.018
        52809.217142    14.544     0.013
        52827.170940    14.689     0.024
        52830.169176    14.703     0.025
        52830.179372    14.708     0.025
        52830.189490    14.651     0.025
        52830.199401    14.744     0.025
        52830.209539    14.751     0.025
        52977.484374    14.705     0.012
        53008.407731    14.747     0.017
        53008.420542    14.738     0.015
        53008.433149    14.705     0.013
        53008.445817    14.649     0.013
        53008.458362    14.599     0.011
        53038.411373    14.609     0.018
        53038.423743    14.607     0.016
        53038.435864    14.613     0.016
        53038.447956    14.639     0.015
        53096.273014    14.352     0.013
        53096.282879    14.393     0.013
        53096.292762    14.399     0.013
        53096.302680    14.487     0.018
        53096.312544    14.492     0.015
        53125.243690    14.760     0.023
        53125.253424    14.775     0.021
        53125.263039    14.754     0.021
        53125.272585    14.795     0.021
        53134.240003    14.736     0.016
        53134.248874    14.727     0.012
        53134.257695    14.745     0.012
        53134.266674    14.747     0.012
        53134.275691    14.757     0.012
        53155.214540    14.487     0.020
        53155.223214    14.450     0.018
        53155.231664    14.440     0.016
        53155.240012    14.379     0.016
        53155.248485    14.410     0.016
        53163.245504    14.428     0.051
        53163.255099    14.436     0.033
        53169.218302    14.603     0.013
        53169.227731    14.591     0.013
        53169.237169    14.624     0.013
        53169.246621    14.628     0.016
        53169.255962    14.641     0.013
        53193.177536    14.671     0.013
        53193.186733    14.699     0.013
        53193.195977    14.686     0.013
        53340.466402    14.699     0.020
        53340.481883    14.726     0.020
        53340.499771    14.741     0.018
        53340.512263    14.724     0.018
        53358.471635    14.562     0.012
        53358.486118    14.581     0.012
        53358.500613    14.610     0.012
        53358.515140    14.641     0.012
        53421.352751    14.702     0.017
        53421.364613    14.671     0.015
        53421.376508    14.661     0.015
        53421.388585    14.676     0.015
        53421.400468    14.684     0.015
        53430.368554    14.621     0.013
        53430.380260    14.660     0.013
        53430.394649    14.659     0.013
        53430.406465    14.641     0.013
        53430.417808    14.641     0.013
        53451.339862    14.422     0.011
        53451.350860    14.306     0.011
        53451.372645    14.297     0.011
        53451.383458    14.322     0.011
        53480.232064    14.546     0.024
        53480.241867    14.612     0.020
        53480.250813    14.539     0.020
        53480.260258    14.631     0.020
        53480.269246    14.628     0.018
        53490.250997    14.450     0.009
        53490.261895    14.447     0.009
        53490.272088    14.511     0.009
        53490.283333    14.537     0.009
        53490.295133    14.564     0.009
        53536.176579    14.642     0.020
        53536.186515    14.635     0.020
        53536.196537    14.660     0.020
        53536.206572    14.635     0.022
        53536.216614    14.615     0.022
        53726.487038    14.589     0.015
        53726.500504    14.623     0.015
        53726.514164    14.667     0.015
        53726.527507    14.627     0.015
        53773.416315    14.692     0.011
        53773.429321    14.640     0.009
        53773.441959    14.589     0.009
        53773.454600    14.556     0.009
        53773.467543    14.539     0.009
        53802.366615    14.606     0.010
        53802.378724    14.628     0.012
        53802.391055    14.619     0.012
        53802.403198    14.632     0.012
        53802.415236    14.667     0.013
        53806.367906    14.731     0.020
        53806.379162    14.744     0.022
        53806.390399    14.703     0.020
        53806.401659    14.713     0.020
        53806.412985    14.690     0.018
        53826.288574    14.574     0.010
        53826.320951    14.622     0.010
        53826.331642    14.645     0.010
        53827.306653    14.519     0.008
        53827.318066    14.519     0.008
        53827.329414    14.549     0.008
        53827.340488    14.577     0.008
        53827.351465    14.567     0.008
        53842.249380    14.582     0.017
        53842.261215    14.610     0.017
        53842.273477    14.616     0.017
        53842.284715    14.642     0.018
        53842.295938    14.660     0.018
        53857.281342    14.755     0.013
        53857.291413    14.755     0.013
        53877.255370    14.550     0.016
        53877.265996    14.520     0.016
        53904.179036    14.713     0.012
        53904.189565    14.682     0.012
        53904.199436    14.664     0.012
        53904.209867    14.594     0.012
        53904.219740    14.568     0.010
        53933.166504    14.658     0.013
        53933.177206    14.651     0.013
        53933.187864    14.664     0.013
        53933.198602    14.651     0.017
        53933.209432    14.641     0.017
        54080.473436    14.712     0.018
        54108.399402    14.557     0.021
        54108.411633    14.542     0.020
        54108.423779    14.555     0.020
        54108.436043    14.552     0.020
        54108.448185    14.556     0.021
        54125.379107    14.588     0.013
        54125.390946    14.583     0.012
        54125.402845    14.584     0.013
        54125.415426    14.550     0.013
        54125.427657    14.561     0.013
        54140.362415    14.521     0.009
        54140.374759    14.543     0.009
        54140.386624    14.559     0.009
        54140.398833    14.534     0.011
        54140.411142    14.571     0.009
        54158.339996    14.611     0.015
        54158.361785    14.523     0.015
        54158.372628    14.531     0.013
        54158.383881    14.496     0.013
        54188.274102    14.546     0.020
        54188.294005    14.611     0.020
        54188.303729    14.605     0.020
        54188.313553    14.601     0.018
        54212.259461    14.618     0.013
        54212.267932    14.631     0.013
        54212.276639    14.634     0.013
        54212.285028    14.671     0.013
        54212.293763    14.693     0.013
        54497.387964    14.765     0.033
        54497.400069    14.762     0.025
        54497.424049    14.706     0.023
        54497.436710    14.647     0.020
        54525.341376    14.625     0.015
        54525.352830    14.657     0.015
        54525.364578    14.661     0.016
        54525.375915    14.676     0.016
        54525.387232    14.705     0.020
        54555.240449    14.664     0.016
        54555.252282    14.746     0.018
        54555.263945    14.685     0.016
        54555.275695    14.728     0.018
        54555.287312    14.733     0.018
        54570.246041    14.742     0.018
        54570.257734    14.730     0.018
        54570.269092    14.723     0.018
        54570.280256    14.698     0.016
        54570.291183    14.689     0.016
        54585.239972    14.342     0.023
        54585.250006    14.353     0.020
        54585.260137    14.394     0.016
        54585.270173    14.411     0.023
        54585.280281    14.423     0.015
        54598.242769    14.736     0.028
        54598.280568    14.751     0.030
        54618.212473    14.404     0.016
        54618.222852    14.437     0.018
        54618.233188    14.457     0.018
        54618.243532    14.492     0.018
        54618.254383    14.501     0.018
