        52644.491231    15.663     0.030
        52644.506141    15.610     0.037
        52644.520981    15.658     0.043
        52644.536196    15.587     0.028
        52648.402259    15.873     0.048
        52648.417311    16.031     0.054
        52648.432217    16.003     0.050
        52648.447386    15.835     0.039
        52648.462788    15.710     0.033
        52668.498290    15.659     0.137
        52668.513661    15.593     0.026
        52668.528848    15.574     0.026
        52671.465870    15.914     0.037
        52671.481526    15.944     0.037
        52671.497070    15.732     0.030
        52671.512491    15.655     0.028
        52674.403253    15.570     0.028
        52674.417246    15.561     0.026
        52674.431255    15.640     0.030
        52674.445220    15.725     0.031
        52674.459057    15.781     0.031
        52704.375051    16.045     0.041
        52704.388295    15.967     0.037
        52704.401598    15.827     0.031
        52704.414709    15.725     0.030
        52704.427792    15.631     0.028
        52708.376449    15.715     0.031
        52708.389564    15.658     0.030
        52708.402605    15.620     0.030
        52708.415778    15.567     0.030
        52708.428821    15.632     0.033
        52709.371186    15.598     0.030
        52709.384258    15.598     0.030
        52709.397714    15.653     0.031
        52709.410771    15.693     0.033
        52709.424109    15.790     0.036
        52728.295717    15.579     0.024
        52728.308504    15.593     0.024
        52728.320733    15.636     0.026
        52728.334487    15.734     0.028
        52728.347068    15.842     0.031
        52731.315089    15.567     0.048
        52731.327057    15.600     0.046
        52731.339058    15.665     0.039
        52731.351071    15.746     0.037
        52737.314987    15.692     0.028
        52737.331760    15.612     0.026
        52737.343816    15.577     0.024
        52737.355685    15.618     0.026
        52737.368000    15.595     0.024
        52756.253033    15.652     0.030
        52756.264980    15.590     0.028
        52756.276912    15.606     0.028
        52756.288855    15.602     0.028
        52756.300890    15.679     0.031
        52760.258042    15.601     0.026
        52760.269834    15.624     0.028
        52760.281703    15.714     0.030
        52760.293603    15.800     0.033
        52760.305444    15.923     0.039
        52764.203266    15.609     0.017
        52764.215546    15.578     0.017
        52764.227952    15.603     0.017
        52764.240523    15.642     0.017
        52764.252965    15.699     0.017
        52789.217913    15.728     0.031
        52789.228182    15.821     0.035
        52789.238622    15.991     0.041
        52789.248922    16.040     0.043
        52789.259427    16.045     0.039
        52794.215668    15.761     0.039
        52794.225677    15.678     0.035
        52794.235743    15.639     0.033
        52794.245829    15.601     0.035
        52794.255917    15.585     0.035
        52816.172375    15.642     0.039
        52816.182162    15.592     0.037
        52816.192801    15.585     0.039
        52816.202655    15.615     0.044
        52816.212492    15.596     0.052
        52823.172655    15.637     0.130
        52823.192500    15.600     0.037
        52823.202425    15.585     0.039
        52995.474302    15.603     0.022
        52995.488408    15.579     0.020
        52995.501534    15.543     0.020
        52995.514982    15.631     0.020
        52995.528706    15.670     0.020
        53000.483118    15.761     0.022
        53000.496001    15.894     0.024
        53000.508966    15.933     0.024
        53000.521986    15.958     0.024
        53000.534901    15.808     0.020
        53026.423666    15.973     0.043
        53026.437601    15.891     0.068
        53026.450778    15.736     0.048
        53026.465209    15.615     0.026
        53026.478041    15.646     0.028
        53032.400490    15.627     0.026
        53032.412781    15.659     0.026
        53032.424970    15.723     0.028
        53032.437340    15.870     0.031
        53032.449532    15.956     0.033
        53054.408275    15.931     0.023
        53054.420590    15.791     0.021
        53054.432465    15.712     0.020
        53054.444476    15.646     0.018
        53054.456404    15.600     0.020
        53058.403816    15.722     0.030
        53058.416459    15.633     0.020
        53058.428417    15.620     0.037
        53058.439991    15.548     0.020
        53058.451541    15.564     0.018
        53080.358755    15.645     0.025
        53080.370016    15.590     0.023
        53080.381186    15.608     0.025
        53083.386771    15.551     0.018
        53083.397392    15.563     0.018
        53083.408552    15.550     0.020
        53083.419549    15.591     0.018
        53083.430569    15.597     0.020
        53086.392390    15.617     0.024
        53086.403120    15.564     0.018
        53086.424976    15.534     0.020
        53086.435777    15.580     0.024
        53092.334800    15.657     0.022
        53092.345294    15.734     0.024
        53092.355476    15.772     0.024
        53092.365658    15.920     0.028
        53092.375839    15.961     0.030
        53111.258154    15.759     0.033
        53111.283997    15.978     0.040
        53111.294775    15.993     0.041
        53114.304870    15.928     0.026
        53114.318269    16.024     0.028
        53114.329614    15.976     0.028
        53114.341009    15.800     0.026
        53114.352257    15.701     0.024
        53117.304800    15.775     0.024
        53117.315418    15.872     0.026
        53117.325983    15.963     0.028
        53117.336659    16.008     0.030
        53117.347816    15.973     0.030
        53139.204673    15.629     0.028
        53139.213833    15.640     0.028
        53139.223490    15.704     0.033
        53139.232656    15.727     0.031
        53139.241871    15.806     0.035
        53142.254660    15.737     0.024
        53142.264146    15.814     0.024
        53142.273635    15.901     0.028
        53142.283120    15.995     0.046
        53142.292729    15.991     0.104
        53146.214108    15.682     0.022
        53146.223285    15.688     0.020
        53146.232331    15.748     0.022
        53146.241410    15.834     0.024
        53146.250455    15.947     0.028
        53168.172246    15.784     0.037
        53168.182270    15.876     0.041
        53168.192287    16.025     0.046
        53168.202307    15.996     0.046
        53168.212384    16.036     0.050
        53171.175063    15.678     0.028
        53171.185376    15.725     0.030
        53171.195577    15.837     0.031
        53171.205903    15.978     0.037
        53171.216294    16.029     0.039
        53174.175477    15.607     0.022
        53174.185548    15.636     0.024
        53174.196068    15.699     0.026
        53174.206302    15.739     0.026
        53174.216603    15.807     0.030
        53348.463637    16.025     0.065
        53348.476096    15.955     0.065
        53348.488550    15.830     0.050
        53348.502840    15.697     0.041
        53348.515564    15.676     0.039
        53354.459825    15.644     0.037
        53354.472601    15.680     0.037
        53354.486744    15.867     0.041
        53354.499571    15.915     0.043
        53354.512529    15.926     0.043
        53377.471960    15.522     0.026
        53377.484910    15.533     0.028
        53377.497855    15.598     0.028
        53377.510811    15.689     0.030
        53377.523765    15.830     0.031
        53382.511565    15.710     0.031
        53382.527616    15.610     0.028
        53382.542162    15.557     0.028
        53404.434298    15.845     0.039
        53404.446615    15.720     0.035
        53404.460068    15.641     0.033
        53404.472992    15.603     0.030
        53404.486691    15.576     0.030
        53433.417651    15.573     0.028
        53433.429004    15.583     0.030
        53433.440749    15.611     0.035
        53433.451951    15.640     0.035
        53433.463156    15.752     0.041
        53465.338051    15.653     0.030
        53465.348876    15.626     0.030
        53465.361495    15.602     0.028
        53465.371954    15.579     0.028
        53465.383028    15.645     0.030
        53468.280499    15.868     0.068
        53468.290040    15.987     0.057
        53468.300036    15.971     0.100
        53469.281772    15.916     0.035
        53469.291796    15.832     0.031
        53469.303146    15.742     0.030
        53469.313125    15.642     0.028
        53469.323324    15.670     0.028
        53473.281046    15.659     0.031
        53473.291775    15.644     0.031
        53473.302386    15.572     0.030
        53473.313982    15.579     0.030
        53473.325389    15.595     0.030
        53479.282996    15.979     0.076
        53479.294340    15.976     0.074
        53479.306630    15.807     0.065
        53479.316868    15.685     0.057
        53479.326359    15.660     0.055
        53493.299065    15.708     0.039
        53493.309410    15.632     0.037
        53493.320132    15.635     0.037
        53493.330196    15.556     0.033
        53493.340320    15.596     0.033
        53504.193491    15.688     0.037
        53504.202420    15.786     0.039
        53504.211763    15.874     0.041
        53504.220698    15.998     0.046
        53504.230068    16.052     0.048
        53526.238340    15.640     0.035
        53526.248685    15.608     0.035
        53526.259070    15.608     0.037
        53530.170713    15.799     0.041
        53530.180801    15.716     0.039
        53530.190628    15.633     0.035
        53530.200556    15.609     0.035
        53530.210418    15.597     0.037
        53733.460279    16.023     0.050
        53733.472922    15.860     0.043
        53791.419675    15.727     0.031
        53791.431490    15.795     0.033
        53791.443308    15.930     0.039
        53791.455132    15.970     0.041
        53791.466950    15.941     0.041
        53794.401840    15.619     0.024
        53794.413460    15.637     0.026
        53794.425087    15.694     0.028
        53794.436711    15.734     0.028
        53794.448346    15.877     0.031
        53797.305013    15.763     0.040
        53797.317547    15.977     0.033
        53797.329936    16.078     0.036
        53797.342407    16.137     0.036
        53797.354814    16.046     0.033
        53815.341793    15.674     0.041
        53815.352930    15.602     0.039
        53815.364075    15.572     0.039
        53815.375241    15.590     0.041
        53815.386401    15.614     0.043
        53818.336812    15.967     0.041
        53818.348084    15.861     0.037
        53818.360425    15.733     0.031
        53818.373141    15.701     0.031
        53818.385183    15.657     0.031
        53823.321390    15.595     0.028
        53823.334200    15.597     0.028
        53823.346561    15.621     0.030
        53823.362551    15.714     0.031
        53823.380590    15.911     0.037
        53825.336442    15.946     0.046
        53825.348267    15.753     0.100
        53825.361707    15.823     0.078
        53825.372966    15.678     0.078
        53825.385028    15.632     0.068
        53829.315933    15.863     0.072
        53829.329774    15.696     0.055
        53829.343170    15.626     0.067
        53833.275876    15.989     0.057
        53833.285702    15.908     0.052
        53833.296128    15.803     0.048
        53833.306195    15.753     0.044
        53833.316183    15.655     0.041
        53846.242075    15.688     0.028
        53846.252708    15.702     0.028
        53846.263260    15.747     0.028
        53846.273983    15.876     0.033
        53846.284543    16.002     0.036
        53848.294773    15.628     0.039
        53848.305525    15.661     0.041
        53848.316184    15.710     0.043
        53848.326961    15.757     0.046
        53848.337862    15.887     0.052
        53849.301745    15.941     0.043
        53849.312520    15.969     0.044
        53849.323623    15.964     0.044
        53849.334392    15.916     0.046
        53849.345171    15.784     0.041
        53852.308469    15.870     0.044
        53852.320091    15.990     0.050
        53852.330927    16.085     0.054
        53852.341773    16.041     0.052
        53852.352604    15.980     0.050
        53855.254599    15.692     0.035
        53855.265243    15.605     0.033
        53855.276722    15.657     0.035
        53855.287851    15.614     0.033
        53855.298020    15.678     0.035
        53858.250093    15.856     0.159
        53858.271699    15.756     0.128
        53858.282934    15.596     0.037
        53858.293099    15.630     0.037
        53880.219182    15.586     0.033
        53880.230382    15.583     0.031
        53880.241620    15.633     0.033
        53880.252877    15.631     0.033
        53880.263841    15.653     0.035
        53883.226107    15.630     0.037
        53883.237518    15.622     0.037
        53883.249025    15.615     0.037
        53883.260473    15.628     0.039
        53883.271900    15.669     0.043
        53884.214732    15.614     0.035
        53884.227461    15.658     0.035
        53884.240073    15.709     0.038
        53884.252816    15.904     0.046
        53884.265085    15.956     0.048
        53905.166487    15.672     0.039
        53905.176505    15.671     0.041
        53905.186489    15.663     0.041
        53905.196498    15.635     0.041
        53905.206524    15.674     0.043
        53910.167698    15.834     0.054
        53910.178293    15.954     0.053
        53910.188846    16.005     0.054
        53910.199366    15.990     0.054
        53910.209871    15.967     0.061
        53911.212779    15.809     0.181
        53911.223072    15.694     0.105
        53911.233348    15.807     0.176
        54113.452971    15.745     0.044
        54113.465572    16.368     0.124
        54113.478806    15.951     0.048
        54113.495732    16.005     0.052
        54113.508705    15.914     0.046
        54121.403866    15.717     0.031
        54121.416605    15.849     0.036
        54121.429183    15.959     0.041
        54121.441568    15.999     0.043
        54121.454343    15.881     0.040
        54124.411420    15.693     0.024
        54124.424759    15.750     0.026
        54124.437649    15.924     0.030
        54124.451470    16.040     0.033
        54124.464561    16.038     0.033
        54147.396310    15.633     0.028
        54147.408467    15.632     0.028
        54147.420711    15.596     0.028
        54147.432941    15.597     0.028
        54147.445060    15.626     0.030
        54149.396366    15.956     0.038
        54149.408072    15.992     0.038
        54149.420923    15.943     0.038
        54149.432618    15.793     0.033
        54149.444529    15.682     0.031
        54157.380480    15.802     0.031
        54157.392157    15.701     0.028
        54157.403857    15.614     0.026
        54157.415575    15.549     0.024
        54157.427293    15.526     0.022
        54175.328605    15.996     0.040
        54175.339374    15.874     0.036
        54175.350100    15.768     0.033
        54175.360913    15.711     0.031
        54175.371660    15.631     0.030
        54175.372438    15.645     0.024
        54175.383271    15.577     0.022
        54175.394185    15.575     0.024
        54175.405110    15.630     0.026
        54175.416016    15.611     0.026
        54198.273388    15.651     0.043
        54198.283104    15.670     0.066
        54198.302311    15.639     0.091
        54207.272123    15.989     0.033
        54207.281305    15.923     0.039
        54207.290449    15.769     0.057
        54210.268659    15.944     0.035
        54210.277661    15.996     0.037
        54210.286636    15.980     0.035
        54210.295671    15.957     0.037
        54210.304649    15.847     0.033
        54454.468220    15.673     0.026
        54454.481558    15.609     0.024
        54454.494596    15.568     0.022
        54454.507617    15.500     0.022
        54454.520632    15.504     0.020
        54474.460088    16.016     0.087
        54474.473197    15.865     0.028
        54474.486253    15.712     0.022
        54474.499301    15.643     0.024
        54474.512336    15.591     0.022
        54483.415834    15.463     0.033
        54483.428758    15.493     0.030
        54483.441670    15.495     0.026
        54483.454573    15.549     0.024
        54485.464994    15.628     0.044
        54485.477706    15.562     0.041
        54485.490403    15.557     0.039
        54485.503097    15.527     0.035
        54485.515791    15.557     0.033
        54508.413640    15.614     0.020
        54508.425741    15.666     0.020
        54508.437832    15.797     0.024
        54508.449984    15.909     0.028
        54508.462063    15.973     0.028
        54523.455669    15.640     0.024
        54523.467438    15.577     0.024
        54523.479195    15.530     0.024
        54523.491074    15.513     0.024
        54523.503219    15.605     0.026
        54537.340449    15.672     0.044
        54537.351422    15.759     0.048
        54537.362381    15.810     0.035
        54537.373355    15.920     0.035
        54543.251375    15.814     0.048
        54543.262190    15.870     0.048
        54554.362185    15.719     0.020
        54554.374129    15.826     0.024
        54554.386073    15.920     0.028
        54554.398101    15.987     0.030
        54554.410045    15.976     0.031
        54564.300242    15.680     0.020
        54564.311632    15.598     0.018
        54564.322996    15.568     0.018
        54564.334341    15.576     0.018
        54564.345671    15.585     0.018
        54568.299355    15.648     0.038
        54568.310618    15.590     0.036
        54568.321652    15.617     0.036
        54568.332553    15.652     0.036
        54568.343435    15.806     0.045
        54585.292876    15.659     0.024
        54585.303204    15.596     0.041
        54585.313538    15.610     0.024
        54585.323887    15.617     0.024
        54585.334243    15.648     0.022
        54592.248523    15.888     0.031
        54592.259191    15.796     0.028
        54592.269660    15.757     0.028
        54592.280095    15.641     0.026
        54592.290511    15.630     0.024
        54615.217354    15.659     0.026
        54615.228082    15.695     0.028
        54615.238527    15.738     0.030
        54615.249045    15.826     0.031
        54615.259480    15.945     0.035
        54622.172259    15.648     0.066
        54622.182401    15.654     0.056
        54622.192492    15.649     0.056
        54622.202560    15.623     0.046
        54622.212833    15.676     0.051
