        52651.363188    16.982     0.109
        52651.382440    16.948     0.092
        52651.398027    16.707     0.073
        52651.413170    16.856     0.086
        52651.428348    16.869     0.087
        52665.401739    16.790     0.078
        52665.416725    16.842     0.079
        52665.431974    16.821     0.079
        52665.447277    16.646     0.068
        52665.463057    16.732     0.069
        52677.414186    16.753     0.076
        52677.429297    16.929     0.094
        52677.444193    16.863     0.124
        52677.459165    16.512     0.066
        52677.474644    16.805     0.079
        52696.399117    16.797     0.068
        52696.413036    16.886     0.065
        52696.426517    16.836     0.067
        52697.470521    16.711     0.065
        52697.484995    16.821     0.072
        52698.401283    16.856     0.068
        52698.415094    16.709     0.061
        52698.430576    16.694     0.063
        52712.313824    17.482     0.234
        52712.327279    16.904     0.178
        52712.340758    16.882     0.120
        52712.354041    16.622     0.097
        52712.368386    16.760     0.097
        52723.331197    16.706     0.191
        52723.343105    16.129     0.098
        52752.240768    16.706     0.065
        52752.251030    16.740     0.065
        52752.261309    16.897     0.076
        52752.271606    16.866     0.072
        52752.281897    16.812     0.070
        52771.215100    16.708     0.148
        52771.226731    16.561     0.105
        52771.238457    16.732     0.124
        52771.250147    16.618     0.115
        52771.261949    16.671     0.118
        52787.218325    16.952     0.086
        52787.229166    16.846     0.078
        52787.240086    16.932     0.084
        52787.250881    16.625     0.064
        52800.216731    16.467     0.178
        52800.227460    16.161     0.134
        52800.237971    16.363     0.163
        52800.248300    16.133     0.144
        52810.178511    16.912     0.102
        52810.188354    16.897     0.106
        52810.218056    16.723     0.086
        52812.179950    16.581     0.074
        52812.198003    16.815     0.092
        52812.208729    16.964     0.106
        52812.218939    16.968     0.107
        52812.229141    16.824     0.092
        52826.172073    16.611     0.109
        52826.181994    16.823     0.137
        52826.191823    16.876     0.147
        52826.202192    16.874     0.150
        52826.212081    16.705     0.125
        52840.161182    16.836     0.096
        52840.171120    16.536     0.076
        52840.181088    16.780     0.096
        52840.191044    16.813     0.102
        52840.201001    16.785     0.105
        52977.459236    16.764     0.085
        52977.471371    16.459     0.065
        52977.483805    16.919     0.091
        52977.496112    16.927     0.091
        52977.508278    16.802     0.076
        53024.448187    16.895     0.061
        53024.466725    17.014     0.233
        53035.425046    16.662     0.054
        53035.437497    16.869     0.059
        53035.450410    17.010     0.070
        53035.462806    16.842     0.061
        53049.339173    16.853     0.054
        53049.351035    16.669     0.046
        53049.362897    16.645     0.044
        53049.374761    16.734     0.052
        53049.386624    16.907     0.061
        53096.322193    16.349     0.096
        53096.332455    16.597     0.117
        53096.342681    16.709     0.126
        53096.353080    16.758     0.131
        53096.363844    16.830     0.141
        53107.283690    16.924     0.069
        53107.294024    16.880     0.064
        53107.304331    16.840     0.064
        53107.314602    16.685     0.054
        53107.325021    16.745     0.058
        53136.240468    16.843     0.086
        53136.249405    16.860     0.089
        53136.258392    16.719     0.084
        53136.267304    16.745     0.079
        53136.276367    16.907     0.096
        53154.208048    16.861     0.137
        53154.218553    16.574     0.109
        53154.235327    16.617     0.116
        53154.243504    16.696     0.125
        53164.215803    16.830     0.083
        53164.225894    16.729     0.076
        53164.236539    16.925     0.092
        53164.246126    16.866     0.086
        53164.255872    16.577     0.066
        53358.469824    16.814     0.074
        53358.482465    16.935     0.078
        53358.495094    16.601     0.055
        53358.507730    16.788     0.065
        53358.527813    17.015     0.080
        53386.482871    16.456     0.052
        53386.495833    16.620     0.059
        53386.509126    16.659     0.063
        53386.522119    16.703     0.068
        53386.537069    16.534     0.059
        53441.395321    16.838     0.063
        53441.406228    16.888     0.070
        53441.417205    16.844     0.068
        53441.428652    16.644     0.057
        53441.439571    16.739     0.063
        53474.301292    16.758     0.065
        53474.314120    16.850     0.068
        53474.327551    16.842     0.072
        53474.337550    16.779     0.067
        53474.347877    16.620     0.057
        53498.257838    16.650     0.074
        53498.268471    16.862     0.078
        53498.298311    16.869     0.093
        53499.213939    16.583     0.057
        53499.224743    16.881     0.072
        53499.234930    16.902     0.076
        53499.245541    16.882     0.074
        53499.256129    16.904     0.074
        53521.210075    16.753     0.080
        53521.220415    16.783     0.107
        53521.230735    16.860     0.096
        53521.241056    17.716     0.479
        53521.251367    16.765     0.104
        53538.177617    16.811     0.172
        53538.187375    16.745     0.157
        53538.196939    16.498     0.128
        53538.206489    16.634     0.148
        53538.216100    16.528     0.135
        53552.177310    16.945     0.118
        53552.187490    16.629     0.085
        53552.197901    16.728     0.098
        53552.208093    16.869     0.107
        53552.218745    16.942     0.115
        53741.472984    16.914     0.055
        53741.485913    16.843     0.052
        53741.499525    16.635     0.041
        53741.512414    16.793     0.048
        53741.525346    16.879     0.054
        53771.466854    16.650     0.142
        53824.375576    16.787     0.092
        53824.387330    16.698     0.076
        53824.399107    16.901     0.071
        53824.411126    16.807     0.064
        53824.422766    17.045     0.081
        53843.304549    16.664     0.096
        53843.315813    16.814     0.113
        53843.327082    16.824     0.118
        53843.338345    16.973     0.137
        53843.349639    16.780     0.115
        53854.244288    16.815     0.106
        53854.254359    17.013     0.107
        53854.264368    16.847     0.094
        53854.274521    17.239     0.259
        53882.214134    16.772     0.079
        53882.224678    16.652     0.068
        53882.235327    16.780     0.083
        53882.246021    16.795     0.087
        53882.256543    17.027     0.112
        53886.225818    16.831     0.091
        53886.236701    16.823     0.096
        53886.247591    16.633     0.080
        53886.258507    16.707     0.089
        53886.269413    16.769     0.096
        53903.177751    17.046     0.135
        53903.187820    16.656     0.100
        53903.198070    16.959     0.124
        53903.208301    16.897     0.117
        53903.218412    17.001     0.126
        53932.189894    16.558     0.117
        53932.200803    16.646     0.139
        53932.211517    16.723     0.133
        53942.159960    16.941     0.200
        54085.468799    16.689     0.097
        54085.481740    16.770     0.096
        54085.494716    16.809     0.096
        54085.507922    16.963     0.101
        54085.520850    16.817     0.092
        54123.388063    16.957     0.070
        54123.400413    16.763     0.059
        54123.412926    16.855     0.061
        54123.425460    16.831     0.061
        54123.437757    16.831     0.055
        54186.280575    16.736     0.092
        54186.290772    16.938     0.107
        54186.301081    16.752     0.092
        54186.311248    16.703     0.092
        54186.321520    16.812     0.099
        54201.282833    16.811     0.046
        54201.292775    16.802     0.050
        54201.303059    16.894     0.052
        54201.312865    16.896     0.054
        54201.322800    16.580     0.039
        54207.277654    16.765     0.074
        54207.287325    16.817     0.086
        54216.260177    16.858     0.096
        54216.268956    16.924     0.100
        54216.277713    16.660     0.078
        54216.286834    16.749     0.085
        54216.295589    16.900     0.096
        54508.411722    16.755     0.054
        54508.424222    16.788     0.058
        54508.436371    16.894     0.063
        54508.448312    16.929     0.066
        54508.460440    16.889     0.063
        54543.334311    16.778     0.142
        54543.345061    16.927     0.163
        54543.356585    16.972     0.168
        54543.368545    16.733     0.140
        54543.379787    16.854     0.155
        54561.253154    16.625     0.069
        54561.277237    16.424     0.071
        54573.245409    16.598     0.113
        54573.256225    16.591     0.109
        54573.266956    16.430     0.093
        54573.277684    16.603     0.100
        54573.288447    16.660     0.107
        54583.266371    16.747     0.122
        54583.286852    16.929     0.122
        54614.217876    16.973     0.112
        54614.228135    16.967     0.107
        54614.238664    16.902     0.102
        54614.249016    16.670     0.086
        54614.259267    16.967     0.112
