        52651.363834    16.926     0.109
        52651.383085    16.759     0.078
        52651.398676    16.831     0.083
        52651.413818    16.770     0.076
        52651.428995    16.728     0.073
        52652.476531    16.985     0.081
        52652.491402    17.033     0.089
        52652.506564    16.886     0.073
        52652.521772    17.092     0.092
        52664.369196    16.762     0.102
        52681.352120    17.022     0.097
        52681.382251    17.044     0.150
        52681.397609    17.096     0.097
        52696.407249    16.902     0.076
        52696.407863    16.828     0.101
        52696.421338    16.819     0.073
        52723.327325    16.741     0.180
        52752.244994    17.024     0.092
        52752.245585    17.047     0.096
        52752.256084    17.037     0.096
        52752.256676    17.076     0.099
        52752.266743    17.139     0.099
        52752.267335    17.164     0.106
        52752.277352    17.021     0.094
        52752.278056    17.257     0.114
        52752.288086    17.029     0.096
        52752.288678    17.147     0.107
        52755.260858    16.874     0.076
        52755.272862    16.787     0.068
        52755.284814    16.740     0.065
        52755.296698    16.645     0.059
        52755.308577    16.594     0.061
        52756.250990    16.876     0.074
        52756.262937    16.819     0.072
        52756.274869    16.883     0.080
        52756.286813    16.850     0.070
        52756.298848    16.861     0.074
        52757.263586    16.946     0.080
        52757.267945    17.008     0.097
        52757.275569    16.931     0.083
        52757.280006    16.932     0.092
        52757.287592    16.959     0.085
        52757.292243    16.927     0.096
        52757.299581    16.955     0.104
        52757.304725    16.971     0.099
        52757.311559    16.962     0.093
        52757.317101    17.077     0.111
        52800.216822    16.422     0.137
        52800.227187    16.413     0.130
        52810.179441    16.792     0.081
        52810.189388    16.438     0.096
        52810.219322    16.710     0.081
        52812.222706    16.954     0.093
        52812.232785    17.039     0.100
        52812.242775    17.078     0.107
        52812.253006    17.103     0.107
        52812.262998    17.041     0.104
        52826.171942    16.779     0.111
        52826.181790    16.730     0.105
        52826.191864    16.730     0.104
        52826.201777    16.799     0.118
        52826.211639    16.559     0.096
        52976.477422    16.971     0.089
        52976.490902    16.658     0.063
        52976.503927    16.597     0.055
        52976.517032    16.722     0.061
        52990.465292    17.157     0.139
        52990.477880    17.052     0.101
        52990.490498    17.105     0.101
        52990.503092    16.974     0.084
        52990.516177    17.101     0.107
        53023.396342    16.995     0.076
        53035.427383    16.914     0.097
        53035.439661    16.952     0.071
        53035.452032    16.944     0.084
        53035.464343    16.941     0.069
        53037.412383    16.962     0.083
        53037.424741    17.078     0.089
        53037.437145    16.972     0.078
        53037.450143    17.009     0.079
        53037.464417    16.956     0.073
        53046.405154    16.514     0.070
        53046.417664    16.588     0.074
        53046.429622    16.751     0.094
        53046.441529    17.016     0.124
        53046.454106    17.183     0.142
        53053.404235    16.962     0.067
        53053.415938    16.969     0.081
        53053.427730    16.850     0.076
        53053.439427    16.921     0.091
        53053.451790    16.939     0.131
        53054.430515    16.709     0.046
        53054.443515    16.664     0.046
        53054.459413    16.717     0.050
        53054.471308    16.752     0.054
        53054.484312    16.770     0.054
        53094.334953    16.922     0.059
        53094.345363    16.872     0.055
        53094.355860    16.896     0.057
        53094.366537    16.924     0.059
        53094.376834    16.947     0.059
        53107.295018    16.859     0.059
        53107.306055    16.839     0.061
        53107.317217    16.924     0.061
        53107.328359    16.867     0.065
        53107.339431    16.851     0.059
        53108.188222    16.864     0.080
        53108.199418    16.921     0.081
        53108.210683    17.012     0.089
        53108.221977    16.945     0.081
        53108.233277    16.926     0.080
        53109.232629    16.651     0.066
        53109.242872    16.603     0.059
        53109.257307    16.657     0.064
        53109.269194    16.590     0.061
        53109.279959    16.661     0.064
        53110.237832    16.752     0.072
        53110.248928    16.863     0.078
        53110.259993    16.903     0.081
        53110.271147    16.863     0.074
        53110.282213    16.909     0.078
        53127.266239    16.467     0.109
        53127.276198    16.456     0.109
        53127.286230    16.374     0.100
        53136.243043    16.908     0.085
        53136.252413    17.059     0.094
        53136.261884    17.000     0.091
        53136.271152    16.863     0.080
        53136.280419    16.913     0.085
        53154.211912    16.764     0.107
        53154.220672    16.734     0.104
        53154.229563    16.782     0.111
        53154.238348    16.722     0.107
        53154.247263    16.769     0.111
        53164.219394    16.786     0.063
        53164.229568    16.769     0.063
        53164.239799    16.713     0.070
        53164.249979    16.716     0.063
        53164.260161    16.808     0.070
        53341.473397    16.658     0.126
        53341.485468    16.618     0.115
        53341.497547    16.840     0.139
        53341.510129    16.889     0.141
        53341.522205    16.987     0.146
        53358.472157    16.738     0.078
        53358.486624    16.777     0.078
        53358.501118    16.768     0.073
        53358.515647    16.680     0.069
        53358.530278    16.727     0.073
        53422.344907    17.098     0.179
        53422.356892    16.907     0.150
        53422.368871    17.141     0.174
        53442.260505    16.806     0.067
        53442.271820    16.844     0.068
        53442.283123    16.884     0.070
        53442.295561    16.766     0.063
        53442.306887    16.847     0.068
        53443.431192    16.986     0.133
        53443.432045    17.011     0.133
        53443.441973    17.129     0.135
        53443.442825    17.198     0.168
        53443.463907    17.037     0.093
        53443.464766    17.136     0.100
        53443.474701    17.078     0.089
        53443.475555    17.083     0.087
        53450.339429    16.742     0.115
        53450.350215    16.923     0.113
        53450.361464    16.976     0.118
        53450.372631    17.052     0.124
        53553.175798    17.122     0.141
        53553.186305    17.133     0.141
        53553.197015    17.143     0.141
        53553.207546    17.022     0.122
        53553.218159    17.103     0.130
        53728.466024    16.958     0.102
        53728.479530    16.850     0.115
        53728.493274    17.004     0.105
        53728.506627    16.945     0.115
        53728.519913    16.896     0.102
        53742.475372    17.108     0.072
        53742.488315    17.139     0.068
        53742.501160    16.981     0.057
        53742.514225    17.038     0.059
        53742.527203    16.820     0.048
        53772.412039    17.001     0.098
        53772.424695    16.847     0.083
        53772.437563    16.832     0.081
        53772.450519    16.943     0.096
        53772.463333    16.806     0.081
        53807.346476    17.062     0.167
        53807.357608    17.019     0.161
        53807.368752    16.704     0.117
        53825.289486    16.892     0.071
        53825.300589    17.002     0.092
        53825.312642    17.034     0.079
        53825.323845    16.972     0.074
        53825.334990    17.006     0.086
        53843.304117    17.120     0.146
        53843.315384    17.345     0.185
        53843.326651    17.212     0.172
        53843.337912    17.376     0.194
        53843.349204    17.075     0.148
        53855.244727    16.610     0.071
        53855.254897    16.647     0.074
        53855.265136    16.607     0.071
        53855.275311    16.594     0.069
        53855.285396    16.622     0.071
        53878.239183    16.908     0.120
        53878.249969    17.019     0.132
        53878.260672    17.097     0.139
        53878.271669    16.946     0.122
        53878.283476    17.064     0.144
        53892.224974    16.999     0.246
        53892.235048    16.732     0.192
        53892.245109    16.845     0.216
        53903.179933    16.836     0.112
        53903.200999    16.832     0.102
        53903.211203    16.831     0.106
        53903.221001    16.961     0.114
        53903.230521    16.875     0.106
        53917.192411    17.307     0.403
        53932.189950    17.344     0.256
        53932.203466    16.828     0.152
        53932.213751    17.247     0.221
        53944.191118    16.912     0.198
        53944.202058    16.699     0.160
        54070.463371    16.682     0.092
        54070.476756    16.512     0.078
        54070.489751    16.578     0.083
        54070.502808    16.697     0.089
        54086.432322    16.742     0.119
        54086.446090    16.852     0.124
        54086.459438    16.798     0.119
        54086.472724    16.882     0.122
        54086.487789    16.891     0.119
        54109.394361    16.783     0.208
        54169.326229    17.067     0.096
        54169.337913    17.008     0.100
        54169.349134    16.870     0.085
        54169.360376    16.868     0.089
        54169.371676    16.812     0.083
        54187.283783    17.257     0.178
        54187.294677    17.209     0.173
        54187.305356    17.275     0.180
        54200.285972    16.904     0.068
        54200.316491    17.086     0.083
        54209.261982    16.795     0.188
        54209.271111    17.018     0.175
        54209.280056    16.830     0.142
        54209.288866    17.017     0.206
        54209.297716    17.018     0.147
        54217.249120    16.915     0.130
        54217.257759    16.993     0.133
        54217.266406    17.187     0.155
        54217.275102    17.006     0.146
        54217.283749    17.155     0.159
        54218.269513    16.847     0.183
        54218.278367    16.805     0.172
        54218.287361    16.696     0.155
        54218.296244    16.925     0.191
        54218.305273    16.817     0.177
        54509.384326    16.943     0.083
        54509.396447    17.028     0.091
        54509.408415    17.031     0.089
        54509.420331    17.086     0.096
        54509.432267    17.073     0.094
        54527.341285    16.860     0.079
        54527.353565    16.867     0.076
        54536.323762    16.703     0.069
        54536.334868    16.671     0.068
        54536.345781    16.777     0.074
        54536.356725    16.739     0.073
        54536.367637    16.638     0.068
        54560.301880    16.792     0.091
        54560.314303    16.809     0.097
        54560.325831    16.938     0.106
        54560.337348    16.816     0.099
        54560.348746    16.869     0.102
        54584.244892    16.900     0.106
        54584.254882    17.023     0.120
        54584.265172    17.113     0.129
        54584.275189    16.973     0.112
        54584.285166    17.021     0.119
        54615.227620    16.882     0.190
        54615.248231    16.681     0.150
