        52650.429772    15.569     0.024
        52650.443805    15.689     0.026
        52650.457764    15.884     0.030
        52650.471768    15.894     0.030
        52650.485805    15.820     0.028
        52665.403014    16.339     0.059
        52665.463567    15.429     0.020
        52677.444918    15.463     0.051
        52696.400791    15.365     0.037
        52696.414607    15.385     0.018
        52696.428115    15.357     0.020
        52712.315150    15.460     0.038
        52712.328492    15.446     0.051
        52712.341969    15.352     0.031
        52712.342083    15.383     0.043
        52712.355251    15.363     0.031
        52712.369597    15.381     0.030
        52712.369712    15.400     0.040
        52723.345557    15.354     0.041
        52723.356963    15.381     0.026
        52723.368405    15.415     0.024
        52752.283746    15.836     0.033
        52752.293966    15.862     0.033
        52752.304147    15.790     0.030
        52752.314351    15.649     0.028
        52752.324531    15.545     0.026
        52771.226530    15.956     0.071
        52771.239461    15.999     0.074
        52771.250896    15.894     0.068
        52771.262399    15.771     0.063
        52787.218933    15.562     0.022
        52787.229741    15.481     0.020
        52787.240301    15.425     0.020
        52787.250910    15.405     0.018
        52787.261467    15.396     0.020
        53024.406482    15.418     0.052
        53024.419315    15.461     0.041
        53024.458092    15.838     0.026
        53035.426378    15.731     0.028
        53035.438845    15.885     0.028
        53035.451742    15.861     0.031
        53035.464139    15.821     0.026
        53050.334994    15.848     0.048
        53050.346681    15.710     0.044
        53050.358368    15.485     0.067
        53050.369978    15.504     0.048
        53050.381594    15.460     0.054
        53065.344246    15.634     0.023
        53065.356626    15.820     0.026
        53065.371031    15.824     0.028
        53065.386806    15.832     0.026
        53065.403722    15.609     0.021
        53078.331031    15.658     0.024
        53078.341792    15.562     0.022
        53078.352732    15.501     0.020
        53096.322641    15.516     0.046
        53096.332902    15.616     0.050
        53096.343127    15.694     0.048
        53096.353531    15.825     0.054
        53096.364290    15.802     0.052
        53109.247472    15.553     0.022
        53109.258584    15.639     0.024
        53109.269719    15.766     0.026
        53109.280803    15.888     0.030
        53109.291852    15.894     0.028
        53122.249154    15.586     0.024
        53122.259503    15.495     0.022
        53122.269859    15.443     0.020
        53122.280215    15.394     0.018
        53122.290882    15.358     0.018
        53137.246001    15.715     0.028
        53137.255795    15.859     0.033
        53137.265646    15.834     0.031
        53137.275460    15.898     0.033
        53137.285280    15.897     0.037
        53153.212387    15.820     0.033
        53153.221335    15.863     0.035
        53153.238965    15.630     0.030
        53153.247724    15.594     0.028
        53165.228356    15.731     0.030
        53165.238358    15.840     0.061
        53165.258455    15.837     0.037
        53178.178729    15.895     0.028
        53178.188869    15.873     0.026
        53178.199081    15.779     0.026
        53178.209160    15.674     0.022
        53178.219241    15.557     0.028
        53358.471279    15.792     0.033
        53358.483918    15.619     0.028
        53358.496549    15.573     0.026
        53358.509184    15.449     0.022
        53358.529494    15.406     0.022
        53386.483895    15.499     0.022
        53386.496856    15.425     0.020
        53386.510148    15.399     0.020
        53386.523143    15.377     0.020
        53386.538091    15.439     0.022
        53441.395688    15.439     0.020
        53441.406595    15.422     0.020
        53441.417572    15.418     0.020
        53441.429019    15.452     0.020
        53441.439940    15.471     0.022
        53443.386646    15.407     0.022
        53443.397293    15.454     0.035
        53443.407922    15.553     0.104
        53443.418545    15.608     0.072
        53443.429185    15.744     0.046
        53445.344754    15.514     0.020
        53445.346154    15.518     0.020
        53445.356434    15.578     0.020
        53445.357455    15.591     0.020
        53445.368050    15.683     0.022
        53445.369071    15.711     0.022
        53445.379649    15.824     0.024
        53445.381659    15.852     0.026
        53445.392384    15.891     0.026
        53445.393408    15.902     0.026
        53445.402790    15.876     0.026
        53445.404101    15.893     0.026
        53445.405307    15.867     0.026
        53445.414602    15.836     0.024
        53445.415899    15.805     0.024
        53445.417093    15.823     0.024
        53445.426109    15.665     0.022
        53445.427415    15.684     0.022
        53445.428605    15.669     0.022
        53445.437866    15.577     0.020
        53445.439164    15.554     0.018
        53445.440971    15.533     0.018
        53445.450011    15.470     0.018
        53445.451388    15.465     0.018
        53445.452570    15.463     0.018
        53446.331165    15.505     0.020
        53446.333547    15.505     0.018
        53446.342467    15.452     0.018
        53446.344837    15.434     0.018
        53446.353180    15.414     0.018
        53446.355539    15.427     0.018
        53446.363909    15.410     0.018
        53446.366273    15.391     0.018
        53446.374625    15.402     0.018
        53446.377005    15.414     0.018
        53473.390531    15.840     0.033
        53473.402479    15.672     0.030
        53473.412558    15.555     0.028
        53473.422173    15.493     0.028
        53473.431789    15.438     0.026
        53498.258135    15.403     0.028
        53498.268768    15.402     0.022
        53498.298609    15.502     0.035
        53498.308632    15.552     0.026
        53499.214334    15.788     0.030
        53499.225167    15.829     0.030
        53499.235418    15.847     0.031
        53499.246228    15.833     0.031
        53499.256780    15.722     0.028
        53528.221947    15.501     0.031
        53528.233205    15.565     0.033
        53528.244269    15.678     0.037
        53528.255110    15.807     0.041
        53528.265475    15.927     0.044
        53539.177290    15.438     0.050
        53539.186822    15.467     0.052
        53539.196352    15.498     0.055
        53539.205861    15.524     0.057
        53539.215369    15.532     0.057
        53551.186874    15.415     0.024
        53551.197014    15.385     0.024
        53551.206964    15.382     0.024
        53551.216873    15.385     0.026
        53570.165730    15.420     0.048
        53570.176353    15.453     0.048
        53570.186951    15.454     0.050
        53570.197568    15.523     0.057
        53570.208163    15.607     0.065
        53576.162250    15.437     0.035
        53741.473599    15.781     0.022
        53741.486714    15.833     0.024
        53741.500105    15.811     0.022
        53741.512992    15.713     0.020
        53741.525925    15.562     0.018
        53771.467955    15.483     0.139
        53786.345921    15.459     0.041
        53786.369801    15.400     0.026
        53786.381842    15.363     0.030
        53843.310916    15.885     0.041
        53843.322358    15.870     0.043
        53843.333734    15.734     0.040
        53854.244754    15.523     0.031
        53854.254827    15.606     0.031
        53854.264835    15.733     0.036
        53882.214665    15.446     0.026
        53882.225213    15.482     0.026
        53882.235856    15.563     0.030
        53882.257067    15.846     0.038
        53886.226319    15.435     0.028
        53886.237204    15.416     0.030
        53886.248092    15.376     0.028
        53886.259005    15.376     0.030
        53886.269914    15.415     0.030
        53903.178278    15.828     0.050
        53903.188372    15.772     0.050
        53903.198622    15.636     0.041
        53903.208827    15.545     0.039
        53903.218946    15.465     0.035
        53931.172552    15.763     0.051
        53931.193145    15.521     0.043
        53931.203268    15.435     0.041
        53931.213318    15.383     0.041
        54085.469515    15.350     0.033
        54085.482457    15.358     0.030
        54085.495431    15.380     0.028
        54085.508637    15.416     0.026
        54085.521564    15.461     0.030
        54123.388759    15.356     0.020
        54123.401107    15.376     0.020
        54123.413622    15.441     0.022
        54123.426152    15.526     0.024
        54123.438454    15.643     0.024
        54156.323954    15.375     0.026
        54156.334970    15.388     0.025
        54156.346035    15.458     0.026
        54156.357200    15.500     0.026
        54156.368349    15.618     0.028
        54207.278261    15.443     0.023
        54207.287935    15.427     0.026
        54216.260627    15.857     0.039
        54216.269407    15.818     0.037
        54216.278164    15.728     0.035
        54216.287285    15.610     0.031
        54216.296041    15.512     0.028
        54529.268164    15.413     0.026
        54529.280101    15.455     0.028
        54529.291509    15.501     0.030
        54529.302872    15.615     0.031
        54529.313982    15.679     0.033
        54562.175998    15.376     0.033
        54562.187518    15.358     0.033
        54573.245918    15.879     0.059
        54573.256739    15.912     0.061
        54573.267467    15.960     0.063
        54573.278199    15.860     0.052
        54573.288959    15.667     0.044
        54582.246894    15.530     0.041
        54582.257047    15.710     0.046
        54582.267193    15.664     0.046
        54582.277374    15.940     0.054
        54582.287525    15.860     0.053
        54613.209228    15.437     0.035
        54613.220047    15.453     0.036
        54613.230372    15.456     0.036
        54613.240732    15.514     0.036
        54613.251017    15.668     0.043
