        52653.460422    14.934     0.013
        52653.475718    14.885     0.013
        52653.491028    14.866     0.013
        52653.506397    14.931     0.013
        52653.521797    14.960     0.013
        52693.412801    14.834     0.015
        52693.428361    14.857     0.015
        52693.444828    14.904     0.015
        52693.460305    14.982     0.017
        52693.475765    15.134     0.018
        52721.310161    15.215     0.018
        52721.322710    15.054     0.015
        52721.335332    14.959     0.015
        52721.347948    14.905     0.013
        52721.360637    14.864     0.013
        52750.241708    14.873     0.013
        52750.252499    14.857     0.013
        52750.263207    14.875     0.028
        52750.284897    14.954     0.020
        52781.215777    15.196     0.018
        52781.226412    15.081     0.017
        52781.237106    14.976     0.015
        52781.247838    14.902     0.015
        52781.258464    14.871     0.015
        52801.214717    14.850     0.044
        52801.235102    14.787     0.043
        52801.245172    14.811     0.046
        52801.255331    14.865     0.046
        52809.178458    15.090     0.028
        52809.188213    15.029     0.018
        52809.217742    14.883     0.015
        52827.182332    14.856     0.031
        52830.170426    15.006     0.030
        52830.180235    15.101     0.031
        52830.190076    15.252     0.035
        52830.199949    15.291     0.037
        52830.209758    15.252     0.037
        52978.449863    15.072     0.023
        52978.495526    14.861     0.016
        52988.419975    15.189     0.030
        52988.437388    14.976     0.023
        52988.456899    14.858     0.020
        53008.423625    14.973     0.020
        53008.436966    14.931     0.018
        53038.439893    15.037     0.028
        53038.452888    15.154     0.030
        53038.465528    15.313     0.033
        53038.478462    15.339     0.033
        53038.494676    15.153     0.028
        53045.330831    14.911     0.020
        53045.342030    14.961     0.020
        53045.353264    15.063     0.022
        53045.364373    15.197     0.026
        53045.375779    15.308     0.028
        53096.324072    14.939     0.026
        53096.334300    15.007     0.026
        53096.344521    15.057     0.026
        53096.354942    15.159     0.030
        53096.365874    15.248     0.031
        53108.302380    14.860     0.013
        53108.313288    14.932     0.013
        53108.324293    14.992     0.013
        53108.335240    15.108     0.015
        53108.346116    15.242     0.017
        53125.246960    15.350     0.041
        53125.256778    15.401     0.041
        53125.266683    15.223     0.033
        53125.276622    15.109     0.030
        53125.286512    15.024     0.030
        53134.244543    14.821     0.017
        53134.254036    14.844     0.015
        53134.263518    14.886     0.015
        53134.272942    14.937     0.015
        53134.282383    15.004     0.017
        53155.214272    15.297     0.041
        53155.222936    15.129     0.033
        53155.231528    15.044     0.030
        53155.240137    14.954     0.028
        53155.248779    14.920     0.026
        53163.240050    14.981     0.113
        53163.260413    14.890     0.063
        53193.177570    14.994     0.018
        53193.187564    14.949     0.018
        53193.197539    14.906     0.017
        53193.207579    14.868     0.020
        53193.217573    14.815     0.017
        53340.438332    15.245     0.039
        53340.450614    15.319     0.039
        53340.463430    15.161     0.031
        53340.476010    14.989     0.028
        53340.488615    14.947     0.024
        53359.425552    14.849     0.015
        53359.438658    14.927     0.015
        53359.455195    15.004     0.017
        53359.468041    15.126     0.017
        53359.481334    15.283     0.018
        53362.495903    14.938     0.015
        53362.509405    14.952     0.015
        53362.522881    15.067     0.016
        53451.340555    15.351     0.028
        53451.351552    15.213     0.024
        53451.362344    15.117     0.022
        53451.373342    15.046     0.020
        53451.384150    14.920     0.018
        53461.331932    15.287     0.020
        53461.342234    15.134     0.017
        53461.352553    15.028     0.017
        53461.363060    14.941     0.015
        53461.373432    14.900     0.015
        53490.251551    14.892     0.013
        53490.262467    14.830     0.013
        53490.272939    14.845     0.013
        53490.283889    14.833     0.013
        53490.295685    14.869     0.013
        53535.217170    15.256     0.026
        53535.227204    15.101     0.022
        53535.237204    15.014     0.020
        53535.247226    14.949     0.018
        53535.257244    14.886     0.018
        53726.487898    14.912     0.017
        53726.501362    14.859     0.015
        53726.515022    14.860     0.015
        53726.528363    14.872     0.015
        53774.415019    14.861     0.017
        53774.427579    14.858     0.015
        53774.440413    14.885     0.015
        53774.453155    14.908     0.015
        53774.465781    14.962     0.017
        53803.371130    15.216     0.023
        53803.383151    15.358     0.025
        53807.362337    15.207     0.031
        53807.374639    15.377     0.036
        53807.386581    15.225     0.035
        53828.297803    14.980     0.016
        53828.319019    14.878     0.012
        53828.329573    14.873     0.012
        53834.296991    14.948     0.023
        53857.281898    15.255     0.023
        53857.301946    15.164     0.028
        53876.233867    14.967     0.023
        53876.244477    14.876     0.021
        53876.255154    14.858     0.020
        53905.223388    15.365     0.025
        53905.233100    15.275     0.025
        53933.166124    15.384     0.031
        53933.176399    15.462     0.035
        53933.187077    15.400     0.035
        53933.197341    15.198     0.035
        53933.207696    15.107     0.033
        53954.144959    14.800     0.035
        53954.168976    14.925     0.041
        54072.487168    15.249     0.041
        54079.422283    15.219     0.037
        54079.434139    15.070     0.031
        54079.445972    15.016     0.028
        54079.457886    14.907     0.024
        54079.469725    14.872     0.024
        54108.400067    15.080     0.033
        54108.412297    15.329     0.040
        54108.424442    15.312     0.040
        54108.436707    15.335     0.040
        54108.448848    15.195     0.036
        54125.379860    14.882     0.018
        54125.391729    14.860     0.018
        54125.403707    14.862     0.018
        54125.416334    14.886     0.018
        54125.428410    14.901     0.020
        54139.336971    15.083     0.025
        54139.348653    14.921     0.026
        54139.360099    14.931     0.026
        54139.383323    14.860     0.026
        54157.380526    14.920     0.018
        54465.449649    14.900     0.021
        54465.462007    14.898     0.021
        54465.475010    14.907     0.021
        54465.487379    14.908     0.023
        54465.499750    14.993     0.023
        54483.432616    15.003     0.023
        54496.473514    14.908     0.020
        54496.486182    14.878     0.020
        54496.498000    14.883     0.020
        54496.509795    14.912     0.020
        54496.521934    14.970     0.021
        54524.338945    15.018     0.023
        54524.350348    15.157     0.021
        54524.362438    15.287     0.023
        54524.374107    15.237     0.023
        54524.385640    15.182     0.021
        54539.315702    15.007     0.020
        54539.326100    14.926     0.018
        54539.336517    14.897     0.018
        54539.347034    14.878     0.018
        54539.357544    14.895     0.018
        54571.248759    15.075     0.030
        54571.259462    14.995     0.028
        54571.270192    15.000     0.026
        54571.281068    14.891     0.026
        54571.291778    14.885     0.025
        54586.242391    15.086     0.026
        54586.252592    15.303     0.030
        54586.262884    15.416     0.035
        54586.272983    15.491     0.033
        54586.283811    15.343     0.031
        54619.212189    14.932     0.025
        54619.222388    14.901     0.023
        54619.232575    14.865     0.025
        54619.242761    14.928     0.023
        54619.253278    15.003     0.025
