        52643.493035    16.805     0.076
        52643.509458    16.834     0.074
        52648.405423    16.975     0.135
        52648.420323    16.873     0.115
        52648.435269    16.689     0.091
        52648.450729    16.764     0.091
        52648.465806    16.771     0.083
        52667.473037    16.481     0.059
        52667.488313    15.916     0.039
        52667.503517    15.759     0.033
        52667.518898    15.783     0.033
        52667.534119    15.903     0.037
        52670.496814    16.683     0.074
        52670.511390    16.741     0.074
        52670.526412    16.781     0.078
        52671.469083    16.574     0.061
        52671.484697    16.629     0.065
        52671.500225    16.789     0.076
        52671.515610    16.777     0.072
        52674.462592    16.175     0.043
        52674.477161    16.315     0.050
        52674.492165    16.315     0.052
        52674.523016    16.369     0.228
        52703.455304    16.167     0.078
        52703.455906    16.260     0.084
        52703.481924    16.285     0.058
        52703.482526    16.326     0.058
        52703.497207    16.240     0.058
        52703.497808    16.411     0.063
        52707.374696    16.849     0.081
        52707.374811    16.946     0.086
        52707.387882    16.887     0.083
        52707.387998    16.768     0.073
        52707.400977    16.916     0.087
        52707.401092    16.794     0.076
        52707.414059    16.978     0.094
        52707.414174    16.823     0.081
        52707.428220    16.860     0.086
        52707.428334    16.791     0.078
        52730.304285    15.832     0.040
        52730.304770    15.782     0.036
        52730.316302    15.874     0.038
        52730.316790    15.870     0.035
        52730.328315    16.032     0.040
        52730.328801    15.984     0.036
        52730.340977    16.096     0.041
        52730.341464    16.120     0.040
        52730.353123    16.211     0.046
        52730.353603    16.185     0.043
        52737.320513    16.493     0.052
        52737.334529    16.555     0.054
        52737.346517    16.541     0.052
        52737.358395    16.525     0.052
        52737.370749    16.643     0.057
        52756.255595    16.376     0.054
        52756.267542    16.331     0.050
        52756.279481    16.362     0.052
        52756.291415    16.536     0.059
        52756.303452    16.558     0.063
        52761.261947    16.746     0.067
        52761.273668    16.746     0.068
        52761.285444    16.700     0.068
        52761.297168    16.663     0.067
        52761.308977    16.669     0.068
        52764.262988    16.569     0.061
        52764.263097    16.672     0.066
        52764.275031    16.606     0.063
        52764.275140    16.605     0.063
        52764.286985    16.631     0.064
        52764.287094    16.661     0.064
        52764.299067    16.770     0.071
        52764.299177    16.631     0.061
        52764.310968    16.667     0.066
        52764.311078    16.672     0.066
        52789.219996    16.658     0.074
        52789.230787    16.681     0.076
        52789.241473    16.674     0.078
        52789.252237    16.733     0.081
        52789.263218    16.698     0.074
        52791.234022    16.663     0.257
        52791.266278    16.818     0.119
        52794.217988    16.262     0.055
        52794.228004    16.295     0.057
        52794.238167    16.409     0.063
        52794.248157    16.341     0.059
        52794.258235    16.378     0.065
        52816.175138    16.682     0.096
        52816.195277    16.626     0.104
        52819.211751    16.856     0.194
        52823.184177    16.096     0.081
        52823.194261    16.067     0.056
        52823.204268    16.240     0.069
        52996.470913    16.842     0.068
        52996.483872    16.802     0.061
        52996.496889    16.837     0.061
        52996.509958    16.801     0.059
        52996.522929    16.784     0.057
        53001.473527    15.975     0.028
        53001.486647    16.057     0.028
        53001.500053    16.085     0.028
        53001.514026    16.165     0.030
        53001.527186    16.201     0.030
        53027.402117    16.224     0.037
        53027.414877    16.290     0.037
        53027.427649    16.315     0.037
        53027.441331    16.346     0.041
        53027.454321    16.419     0.039
        53033.400567    16.952     0.100
        53033.412706    16.796     0.076
        53033.425131    16.836     0.076
        53033.437224    16.738     0.068
        53033.449390    16.817     0.074
        53054.434618    16.697     0.055
        53054.447062    16.704     0.057
        53054.462465    16.762     0.063
        53054.475053    16.798     0.067
        53054.487472    16.833     0.068
        53060.364875    16.688     0.046
        53060.376082    16.662     0.044
        53060.387891    16.655     0.044
        53060.399177    16.697     0.048
        53060.410448    16.616     0.044
        53080.341954    16.812     0.065
        53080.352884    16.806     0.065
        53080.365018    16.852     0.067
        53080.375989    16.825     0.065
        53080.387443    16.788     0.065
        53084.387410    16.367     0.031
        53084.398115    16.387     0.033
        53084.408833    16.456     0.035
        53084.419431    16.417     0.035
        53084.430087    16.461     0.037
        53087.383150    15.957     0.026
        53087.393596    15.732     0.020
        53087.404184    15.663     0.022
        53087.414663    15.781     0.031
        53120.243947    16.238     0.037
        53120.254491    16.343     0.039
        53120.265453    16.331     0.037
        53120.276214    16.426     0.039
        53120.287083    16.423     0.039
        53139.247083    16.348     0.052
        53139.256573    16.499     0.059
        53139.266024    16.502     0.057
        53139.275542    16.503     0.055
        53139.285008    16.505     0.059
        53148.207358    16.339     0.046
        53148.216308    16.400     0.052
        53148.225262    16.398     0.050
        53148.234246    16.451     0.054
        53148.243200    16.429     0.046
        53169.178099    15.746     0.031
        53169.188218    15.790     0.031
        53169.198315    15.871     0.035
        53169.208418    15.905     0.035
        53169.218532    15.965     0.037
        53175.177774    16.568     0.055
        53175.187757    16.577     0.072
        53175.197799    16.553     0.044
        53175.207721    16.649     0.052
        53175.217648    16.646     0.081
        53377.474708    16.883     0.085
        53377.487656    16.810     0.081
        53377.500600    16.710     0.070
        53377.513555    16.348     0.050
        53377.526512    15.893     0.033
        53440.478184    16.461     0.065
        53440.488685    16.546     0.072
        53440.499835    16.549     0.072
        53465.341552    16.572     0.063
        53465.351690    16.591     0.065
        53465.364293    16.669     0.065
        53465.375119    16.754     0.068
        53465.385879    16.746     0.072
        53468.362031    16.195     0.063
        53468.373010    16.201     0.065
        53469.284601    16.658     0.065
        53469.294609    16.357     0.048
        53469.306422    15.910     0.031
        53469.316052    15.771     0.028
        53469.326905    15.761     0.028
        53473.330977    16.867     0.089
        53473.342268    16.835     0.089
        53473.352979    16.835     0.089
        53473.363319    16.916     0.094
        53473.374114    16.787     0.085
        53479.333439    15.719     0.057
        53479.344733    15.712     0.059
        53479.355515    15.699     0.057
        53479.367273    15.739     0.059
        53479.376491    15.838     0.063
        53493.343502    16.847     0.094
        53493.353745    16.757     0.085
        53493.364015    16.747     0.083
        53493.374392    16.752     0.085
        53493.384986    16.889     0.105
        53496.248990    15.859     0.041
        53496.258997    15.873     0.041
        53496.269056    15.947     0.043
        53496.279075    15.950     0.043
        53496.289216    16.091     0.050
        53526.240758    16.708     0.087
        53526.251088    16.782     0.094
        53526.261491    16.585     0.078
        53530.173410    16.485     0.072
        53530.183427    16.487     0.068
        53530.193240    16.567     0.078
        53530.203167    16.564     0.076
        53530.213034    16.523     0.074
        53556.171887    16.757     0.089
        53556.182403    16.726     0.085
        53556.193020    16.869     0.102
        53556.203854    16.749     0.093
        53556.214368    16.756     0.098
        53791.412329    16.756     0.068
        53791.424256    16.730     0.068
        53791.436121    16.837     0.076
        53791.447969    16.797     0.076
        53791.459911    16.891     0.086
        53815.345025    16.401     0.080
        53815.356162    15.998     0.054
        53815.367308    15.783     0.048
        53815.378485    15.763     0.046
        53815.389657    15.821     0.050
        53833.278454    16.516     0.085
        53833.288278    16.162     0.059
        53833.298708    15.881     0.046
        53833.308776    15.824     0.044
        53833.318764    15.821     0.043
        53846.244943    16.707     0.076
        53846.255540    16.821     0.081
        53846.266076    16.758     0.078
        53846.276840    16.738     0.076
        53846.287340    16.882     0.084
        53881.214897    16.894     0.106
        53881.224874    16.616     0.079
        53881.235008    16.667     0.086
        53881.245141    16.644     0.084
        53881.255139    16.909     0.111
        53886.211653    16.358     0.066
        53886.231904    16.440     0.069
        53886.241951    16.435     0.071
        53886.251965    16.419     0.073
        53905.169144    16.263     0.063
        53905.179168    16.403     0.074
        53905.189162    16.384     0.072
        53905.199172    16.481     0.081
        53905.209229    16.510     0.085
        53910.170104    16.891     0.111
        53910.170781    16.876     0.131
        53910.180700    16.852     0.106
        53910.181058    16.804     0.120
        53910.191247    16.806     0.106
        53910.191268    16.863     0.124
        53910.201512    16.931     0.133
        53910.201773    16.774     0.101
        53910.211746    16.852     0.144
        53910.212282    16.762     0.120
        53914.175149    16.572     0.148
        53914.185586    16.420     0.105
        54113.468948    16.143     0.074
        54113.482170    16.004     0.054
        54113.499106    16.024     0.054
        54113.512084    16.206     0.061
        54147.399482    16.533     0.064
        54147.411323    16.506     0.061
        54147.423571    16.640     0.071
        54147.436058    16.753     0.079
        54147.447923    16.727     0.079
        54156.379632    16.607     0.054
        54156.391183    16.657     0.050
        54156.409329    16.733     0.052
        54156.421214    16.699     0.048
        54156.432770    16.754     0.054
        54175.331522    16.513     0.059
        54175.342251    16.654     0.069
        54175.352973    16.632     0.068
        54175.363783    16.572     0.063
        54198.275873    16.931     0.127
        54198.285594    17.006     0.186
        54475.458599    16.430     0.041
        54475.471667    16.473     0.041
        54475.484566    16.552     0.044
        54475.497441    16.529     0.043
        54475.510620    16.597     0.044
        54483.459677    16.658     0.063
        54483.472614    16.738     0.063
        54483.485575    16.766     0.063
        54483.498692    16.736     0.057
        54483.511798    16.765     0.055
        54509.394976    16.699     0.041
        54509.407074    16.810     0.048
        54509.419161    16.809     0.048
        54509.431230    16.801     0.048
        54509.443318    16.772     0.046
        54524.449092    16.181     0.037
        54524.460643    16.220     0.039
        54524.472352    16.272     0.041
        54524.483851    16.282     0.043
        54524.496119    16.341     0.046
        54532.338563    16.119     0.026
        54532.349959    16.154     0.026
        54532.361237    16.212     0.030
        54532.372497    16.270     0.030
        54532.383733    16.336     0.031
        54538.363207    16.723     0.044
        54538.374385    16.713     0.044
        54538.385402    16.788     0.044
        54538.396345    16.827     0.048
        54538.407370    16.796     0.048
        54543.279319    16.670     0.089
        54543.290228    16.708     0.089
        54543.301158    16.591     0.076
        54543.312035    16.522     0.068
        54543.322908    16.062     0.044
        54555.357710    16.766     0.055
        54555.369564    16.691     0.043
        54555.381411    16.731     0.048
        54555.393286    16.608     0.044
        54555.405121    16.664     0.048
        54568.346831    16.582     0.073
        54568.357737    16.540     0.068
        54568.368752    16.688     0.076
        54568.379656    16.721     0.078
        54568.390468    16.772     0.084
        54586.289334    16.597     0.055
        54586.299456    16.605     0.057
        54586.309529    16.557     0.055
        54586.319608    16.680     0.065
        54586.329727    16.667     0.065
        54594.257649    16.591     0.057
        54594.267936    16.661     0.061
        54594.278233    16.736     0.068
        54594.288501    16.645     0.061
        54594.298808    16.743     0.067
        54618.212688    16.661     0.057
        54618.222906    16.493     0.048
        54618.233122    16.040     0.033
        54618.243344    15.799     0.028
        54618.253599    15.728     0.024
        54622.174610    16.991     0.223
        54622.184738    16.872     0.175
        54622.194788    17.153     0.223
        54622.204924    16.966     0.173
        54622.215261    17.044     0.196
