        52648.406563    15.217     0.028
        52648.421246    15.297     0.028
        52648.436294    15.305     0.026
        52648.451611    15.307     0.024
        52648.466721    15.282     0.022
        52668.502996    15.283     0.043
        52668.518352    15.218     0.018
        52668.533646    15.170     0.017
        52671.469994    15.436     0.026
        52671.485607    15.525     0.024
        52671.501133    15.549     0.024
        52671.516542    15.528     0.024
        52674.463427    15.330     0.022
        52674.477995    15.379     0.022
        52674.492998    15.439     0.022
        52674.523851    15.516     0.068
        52704.378818    15.172     0.018
        52704.392092    15.246     0.018
        52704.405360    15.198     0.018
        52704.418457    15.184     0.018
        52704.431643    15.229     0.018
        52708.380459    15.282     0.023
        52708.393475    15.288     0.023
        52708.406589    15.255     0.021
        52708.419709    15.287     0.023
        52708.432751    15.256     0.023
        52728.350925    15.587     0.024
        52728.363376    15.614     0.024
        52728.375627    15.620     0.024
        52728.387717    15.596     0.024
        52728.399799    15.620     0.026
        52731.354914    15.291     0.020
        52731.367043    15.333     0.020
        52731.379182    15.414     0.022
        52731.391313    15.442     0.024
        52731.403417    15.425     0.028
        52737.322547    15.589     0.022
        52737.335438    15.610     0.022
        52737.347348    15.626     0.022
        52737.359274    15.604     0.022
        52737.371580    15.601     0.022
        52738.293249    15.562     0.024
        52738.306729    15.508     0.022
        52738.318232    15.426     0.020
        52738.329722    15.426     0.020
        52738.341607    15.396     0.018
        52739.296310    15.273     0.022
        52739.308157    15.276     0.022
        52739.319998    15.260     0.020
        52739.331718    15.266     0.020
        52739.343559    15.226     0.022
        52756.256373    15.337     0.020
        52756.268321    15.347     0.020
        52756.280259    15.306     0.020
        52756.292188    15.298     0.020
        52756.304228    15.232     0.020
        52760.261045    15.349     0.020
        52760.272839    15.363     0.020
        52760.284706    15.343     0.020
        52760.296666    15.326     0.020
        52760.308447    15.322     0.020
        52766.288462    15.367     0.035
        52766.311499    15.355     0.196
        52767.262253    15.529     0.030
        52767.273711    15.516     0.030
        52767.286412    15.600     0.031
        52767.298064    15.579     0.031
        52767.309579    15.582     0.031
        52789.220467    15.508     0.024
        52789.230749    15.530     0.024
        52789.241187    15.521     0.026
        52789.251474    15.554     0.024
        52789.262117    15.571     0.024
        52794.218782    15.626     0.031
        52794.228814    15.606     0.030
        52794.238973    15.595     0.031
        52794.248951    15.613     0.030
        52794.259031    15.614     0.031
        52816.174523    15.581     0.033
        52816.185159    15.636     0.035
        52816.194966    15.583     0.035
        52816.204830    15.597     0.041
        52816.214669    15.618     0.046
        52819.212385    15.514     0.052
        52823.184713    15.316     0.028
        52823.194662    15.374     0.026
        52823.204593    15.380     0.028
        52996.471651    15.112     0.017
        52996.484609    15.085     0.015
        52996.497626    15.132     0.015
        52996.510711    15.074     0.015
        53032.465758    15.146     0.018
        53032.478014    15.267     0.018
        53032.490271    15.361     0.017
        53032.502559    15.315     0.018
        53033.390759    15.389     0.030
        53033.403553    15.292     0.026
        53033.406434    15.533     0.028
        53033.419183    15.587     0.028
        53033.428116    15.403     0.026
        53033.431459    15.641     0.028
        53033.440214    15.368     0.024
        53033.443935    15.634     0.028
        53033.452014    15.558     0.024
        53033.455739    15.654     0.028
        53033.464120    15.481     0.024
        53033.467914    15.609     0.026
        53033.476132    15.509     0.026
        53033.480118    15.631     0.026
        53033.488235    15.439     0.024
        53033.492381    15.639     0.026
        53033.500565    15.457     0.024
        53033.504813    15.666     0.028
        53054.412102    15.379     0.018
        53054.424508    15.429     0.018
        53054.436290    15.426     0.018
        53054.448309    15.481     0.020
        53054.460362    15.490     0.020
        53060.365556    15.403     0.017
        53060.388573    15.415     0.017
        53080.339644    15.316     0.018
        53080.350904    15.322     0.018
        53080.362056    15.352     0.018
        53080.373326    15.338     0.020
        53080.384752    15.374     0.020
        53084.430584    15.184     0.013
        53086.359478    15.647     0.026
        53086.370447    15.543     0.033
        53086.381411    15.569     0.025
        53086.392466    15.585     0.021
        53086.403805    15.482     0.018
        53094.333386    15.376     0.018
        53094.343676    15.399     0.020
        53094.354299    15.345     0.020
        53111.300388    15.351     0.023
        53111.311629    15.351     0.023
        53111.322438    15.385     0.021
        53111.333244    15.405     0.023
        53111.344555    15.461     0.025
        53117.312263    15.553     0.020
        53117.333195    15.543     0.020
        53117.343537    15.417     0.018
        53117.354145    15.423     0.018
        53124.327632    15.464     0.045
        53124.358876    15.549     0.046
        53125.240457    15.451     0.061
        53125.250278    15.485     0.059
        53125.260176    15.485     0.054
        53125.270070    15.498     0.061
        53125.279970    15.532     0.061
        53139.245629    15.617     0.028
        53139.255246    15.626     0.028
        53139.264991    15.586     0.026
        53139.274547    15.593     0.026
        53139.283980    15.617     0.026
        53143.276887    15.417     0.020
        53143.304824    15.389     0.020
        53143.314124    15.497     0.020
        53147.247352    15.482     0.023
        53147.256207    15.567     0.023
        53147.265852    15.525     0.023
        53147.274876    15.572     0.023
        53147.283581    15.597     0.023
        53168.175082    15.290     0.022
        53168.185102    15.333     0.022
        53168.195117    15.338     0.022
        53168.205137    15.387     0.024
        53168.215215    15.349     0.024
        53172.178173    15.172     0.015
        53172.189128    15.190     0.017
        53172.199557    15.192     0.017
        53172.209852    15.172     0.017
        53172.220105    15.107     0.017
        53174.176828    15.539     0.026
        53174.186662    15.509     0.025
        53174.198632    15.472     0.025
        53174.208663    15.542     0.025
        53174.218645    15.506     0.026
        53377.475145    15.328     0.022
        53377.488095    15.348     0.022
        53377.501039    15.415     0.024
        53377.513992    15.418     0.022
        53377.526951    15.532     0.024
        53404.437516    15.525     0.033
        53404.449831    15.545     0.035
        53404.463284    15.554     0.035
        53404.476211    15.612     0.037
        53404.490038    15.582     0.030
        53433.420830    15.156     0.020
        53433.432124    15.104     0.020
        53433.443864    15.309     0.024
        53433.455062    15.131     0.024
        53433.466273    15.245     0.024
        53465.342182    15.471     0.022
        53465.353178    15.473     0.022
        53465.364691    15.542     0.022
        53465.375517    15.562     0.024
        53465.386277    15.589     0.024
        53468.362429    15.256     0.031
        53468.373409    15.289     0.026
        53469.284909    15.300     0.018
        53469.294918    15.260     0.018
        53469.306729    15.320     0.018
        53469.316360    15.286     0.018
        53469.327211    15.350     0.018
        53473.331432    15.297     0.022
        53473.342667    15.329     0.022
        53473.353377    15.332     0.022
        53473.363716    15.342     0.022
        53473.374516    15.377     0.024
        53479.333842    15.579     0.048
        53479.345129    15.581     0.050
        53479.355917    15.568     0.050
        53479.367671    15.582     0.050
        53479.376892    15.571     0.050
        53493.344318    15.349     0.024
        53493.354562    15.346     0.024
        53493.364839    15.314     0.024
        53493.375520    15.316     0.024
        53493.385798    15.284     0.024
        53497.339867    15.490     0.070
        53498.249890    15.380     0.030
        53498.249987    15.439     0.028
        53498.251698    15.345     0.026
        53498.260694    15.383     0.035
        53498.260791    15.414     0.031
        53498.262220    15.328     0.028
        53498.272173    15.375     0.033
        53498.272270    15.378     0.030
        53498.273730    15.347     0.026
        53499.260288    15.222     0.020
        53499.272498    15.228     0.020
        53499.287654    15.231     0.020
        53499.302981    15.236     0.020
        53499.313390    15.270     0.022
        53500.188383    15.264     0.020
        53500.198937    15.230     0.020
        53500.210458    15.276     0.020
        53500.220377    15.289     0.020
        53500.230390    15.289     0.020
        53502.252870    15.473     0.028
        53502.268796    15.385     0.028
        53502.285559    15.336     0.026
        53502.297784    15.298     0.028
        53502.307933    15.347     0.030
        53504.236303    15.183     0.022
        53504.245976    15.249     0.024
        53504.255117    15.293     0.024
        53504.265413    15.243     0.024
        53504.274908    15.301     0.026
        53526.240932    15.238     0.024
        53526.251262    15.277     0.026
        53526.261665    15.249     0.026
        53530.173655    15.255     0.024
        53530.183662    15.240     0.022
        53530.193474    15.246     0.024
        53530.203402    15.237     0.024
        53530.213269    15.232     0.024
        53555.172918    15.331     0.026
        53555.183163    15.296     0.026
        53555.193404    15.286     0.026
        53555.203629    15.301     0.030
        53555.213932    15.217     0.028
        53791.423104    15.272     0.018
        53791.434916    15.274     0.018
        53791.446739    15.307     0.018
        53791.458559    15.301     0.020
        53791.470392    15.296     0.020
        53794.405648    15.459     0.022
        53794.417276    15.455     0.020
        53794.428903    15.414     0.020
        53794.440531    15.322     0.018
        53794.452161    15.383     0.018
        53797.358665    15.383     0.018
        53797.370712    15.431     0.021
        53797.382862    15.476     0.023
        53797.394954    15.483     0.030
        53797.406986    15.491     0.035
        53815.345389    15.536     0.039
        53815.356526    15.583     0.037
        53815.367672    15.588     0.039
        53815.390021    15.555     0.039
        53818.389081    15.348     0.022
        53818.400098    15.337     0.022
        53818.410879    15.389     0.022
        53818.421662    15.384     0.024
        53818.432600    15.436     0.026
        53823.385998    15.458     0.024
        53823.400512    15.519     0.028
        53823.414544    15.538     0.035
        53823.428010    15.551     0.028
        53823.442073    15.552     0.048
        53825.340412    15.494     0.030
        53825.351572    15.510     0.057
        53825.365013    15.441     0.039
        53825.376277    15.379     0.057
        53825.388338    15.356     0.033
        53829.347168    15.609     0.085
        53829.357823    15.638     0.059
        53833.279140    15.567     0.035
        53833.288958    15.571     0.035
        53833.299390    15.586     0.037
        53833.309458    15.610     0.037
        53833.319446    15.620     0.035
        53846.245280    15.509     0.030
        53846.255859    15.509     0.028
        53846.266394    15.514     0.028
        53846.277158    15.564     0.030
        53846.287660    15.562     0.030
        53848.298654    15.298     0.028
        53848.309323    15.273     0.028
        53848.319990    15.300     0.030
        53848.331004    15.260     0.028
        53848.342578    15.281     0.030
        53849.304672    15.323     0.024
        53849.315445    15.347     0.024
        53849.326547    15.356     0.024
        53849.337316    15.409     0.026
        53849.348094    15.390     0.026
        53852.311761    15.311     0.026
        53852.323375    15.329     0.026
        53852.334206    15.326     0.024
        53852.345053    15.217     0.024
        53852.355877    15.206     0.024
        53855.301889    15.585     0.030
        53855.313095    15.585     0.031
        53855.324270    15.595     0.030
        53855.336120    15.592     0.030
        53855.347164    15.597     0.030
        53858.275229    15.385     0.078
        53858.285865    15.357     0.030
        53858.296030    15.379     0.031
        53881.215289    15.500     0.031
        53881.225265    15.511     0.030
        53881.235397    15.540     0.033
        53881.245529    15.565     0.035
        53881.255530    15.587     0.035
        53883.228850    15.335     0.026
        53883.240291    15.289     0.024
        53883.251797    15.284     0.026
        53883.263225    15.314     0.026
        53883.274651    15.294     0.026
        53886.212600    15.628     0.036
        53886.222605    15.663     0.038
        53886.232865    15.649     0.036
        53886.242901    15.617     0.036
        53886.252904    15.650     0.038
        53905.169448    15.319     0.028
        53905.179473    15.329     0.028
        53905.189465    15.319     0.028
        53905.199476    15.287     0.028
        53905.209533    15.277     0.028
        53910.170401    15.253     0.026
        53910.171149    15.289     0.026
        53910.180995    15.232     0.026
        53910.181427    15.289     0.026
        53910.191542    15.272     0.026
        53910.191640    15.259     0.024
        53910.201884    15.292     0.026
        53910.202068    15.282     0.026
        53910.212119    15.267     0.030
        53910.212576    15.229     0.033
        53914.175723    15.340     0.050
        53914.186133    15.313     0.037
        54113.482544    15.430     0.037
        54113.499485    15.328     0.033
        54113.512458    15.355     0.031
        54121.458125    15.641     0.035
        54121.470598    15.588     0.033
        54121.483769    15.589     0.031
        54121.496244    15.632     0.033
        54121.508734    15.600     0.031
        54124.468814    15.267     0.017
        54124.481249    15.359     0.018
        54124.494319    15.351     0.017
        54124.506705    15.418     0.018
        54124.519065    15.418     0.018
        54147.400244    15.535     0.028
        54147.412083    15.542     0.030
        54147.424333    15.550     0.030
        54147.436818    15.570     0.030
        54147.448828    15.584     0.031
        54149.400109    15.341     0.021
        54149.411887    15.316     0.021
        54149.436511    15.312     0.021
        54149.448257    15.275     0.020
        54157.384207    15.388     0.022
        54157.395893    15.383     0.020
        54157.407594    15.345     0.020
        54157.419311    15.300     0.018
        54157.431095    15.299     0.017
        54175.332094    15.415     0.023
        54175.364355    15.353     0.021
        54175.375677    15.317     0.021
        54175.375974    15.314     0.017
        54175.386796    15.321     0.017
        54175.397712    15.286     0.017
        54175.408637    15.272     0.017
        54175.419527    15.271     0.017
        54178.359149    15.630     0.030
        54178.369998    15.629     0.030
        54178.381188    15.630     0.039
        54178.391969    15.641     0.031
        54178.403387    15.636     0.024
        54198.276629    15.299     0.030
        54198.286356    15.272     0.040
        54198.305550    15.039     0.191
        54210.307810    15.376     0.022
        54210.316968    15.339     0.022
        54210.326139    15.334     0.022
        54210.335317    15.306     0.022
        54210.344945    15.290     0.022
        54475.459252    15.508     0.018
        54475.472316    15.484     0.018
        54475.485214    15.425     0.017
        54475.498092    15.373     0.017
        54475.511268    15.200     0.015
        54483.461516    15.458     0.024
        54483.513645    15.508     0.020
        54485.519616    15.124     0.022
        54509.395487    15.447     0.017
        54509.407584    15.453     0.017
        54509.419672    15.533     0.017
        54509.431741    15.528     0.017
        54509.443829    15.573     0.017
        54524.449852    15.084     0.017
        54538.364181    15.233     0.013
        54538.386374    15.135     0.013
        54538.397314    15.052     0.013
        54538.408341    15.142     0.013
        54543.291547    15.117     0.024
        54543.302429    15.106     0.022
        54543.313306    15.108     0.020
        54543.324174    15.180     0.022
        54555.393941    15.155     0.013
        54555.405812    15.121     0.013
        54564.303670    15.124     0.013
        54564.314970    15.101     0.013
        54564.326376    15.021     0.011
        54564.337682    15.063     0.013
        54564.349005    15.075     0.013
        54568.347685    15.267     0.026
        54568.358681    15.263     0.026
        54568.369603    15.253     0.026
        54568.380508    15.261     0.026
        54568.391324    15.288     0.026
        54586.289844    15.136     0.018
        54586.299954    15.192     0.018
        54586.310029    15.181     0.018
        54586.320108    15.242     0.018
        54586.330230    15.156     0.018
        54594.258164    15.379     0.022
        54594.268450    15.308     0.020
        54594.278752    15.298     0.020
        54594.289016    15.312     0.020
        54594.299329    15.304     0.020
        54618.213133    15.339     0.018
        54618.223347    15.291     0.018
        54618.233563    15.356     0.018
        54618.243796    15.401     0.020
        54618.254040    15.404     0.020
        54622.215867    15.272     0.049
        54622.227060    15.301     0.049
        54622.237289    15.330     0.048
        54622.247288    15.306     0.051
        54622.257270    15.393     0.054
